5.363970588235278435e-04
6.279411764705862152e-04
6.106617647058804055e-04
6.411764705882333406e-04
6.602941176470567735e-04
6.753676470588214137e-04
6.790441176470566600e-04
6.658088235294096430e-04
7.187499999999977110e-04
7.066176470588212246e-04
7.073529411764684256e-04
7.477941176470563524e-04
7.621323529411740084e-04
7.643382352941152863e-04
7.724264705882327633e-04
7.555147058823506083e-04
8.069852941176444911e-04
8.275735294117621092e-04
8.147058823529386385e-04
8.150735294117621849e-04
8.408088235294091262e-04
8.654411764705855371e-04
8.606617647058796517e-04
8.687499999999971287e-04
8.852941176470560626e-04
8.849264705882324078e-04
8.591911764705854665e-04
8.827205882352913468e-04
8.838235294117618773e-04
8.790441176470559920e-04
8.904411764705853858e-04
9.077205882352910871e-04
8.790441176470559920e-04
8.963235294117618017e-04
9.018382352941147796e-04
8.904411764705853858e-04
9.205882352941146662e-04
9.113970588235265503e-04
9.386029411764675685e-04
9.121323529411735345e-04
9.408088235294087380e-04
9.441176470588205465e-04
9.227941176470558357e-04
9.536764705882322087e-04
9.172794117647028577e-04
9.363970588235263990e-04
9.580882352941145477e-04
9.503676470588205086e-04
9.312499999999969674e-04
9.268382352941147368e-04
9.569852941176440171e-04
9.323529411764676063e-04
9.518382352941145855e-04
9.356617647058794148e-04
9.665441176470556794e-04
9.544117647058793013e-04
9.683823529411734110e-04
9.808823529411732269e-04
9.724264705882322037e-04
1.018014705882349996e-03
9.676470588235263183e-04
9.676470588235263183e-04
9.569852941176440171e-04
9.485294117647028855e-04
9.639705882352910720e-04
9.889705882352910291e-04
9.374999999999970380e-04
9.772058823529379806e-04
9.959558823529378671e-04
9.720588235294086573e-04
9.643382352941145099e-04
1.008455882352938442e-03
9.595588235294087330e-04
9.727941176470557500e-04
9.805147058823497890e-04
9.952205882352909913e-04
9.415441176470558306e-04
9.992647058823496756e-04
1.007352941176468128e-03
9.503676470588205086e-04
9.639705882352910720e-04
9.599264705882321709e-04
9.790441176470556037e-04
9.367647058823499453e-04
9.477941176470557928e-04
1.012132352941173688e-03
9.933823529411733681e-04
9.749999999999969195e-04
9.904411764705849976e-04
9.720588235294086573e-04
9.632352941176439793e-04
9.488970588235263234e-04
9.661764705882322415e-04
9.452205882352910770e-04
9.691176470588203952e-04
9.606617647058792635e-04
9.926470588235262755e-04
9.856617647058792207e-04
9.643382352941145099e-04
9.522058823529381318e-04
9.650735294117616025e-04
9.874999999999968438e-04
9.768382352941145427e-04
9.724264705882322037e-04
9.647058823529380562e-04
1.026470588235292103e-03
9.823529411764674122e-04
9.948529411764673366e-04
9.654411764705851488e-04
1.006985294117644040e-03
9.658088235294086952e-04
9.790441176470556037e-04
9.735294117647027342e-04
9.808823529411732269e-04
9.558823529411733782e-04
9.632352941176439793e-04
9.580882352941145477e-04
9.643382352941145099e-04
9.834558823529379427e-04
1.005147058823526634e-03
9.702205882352910342e-04
9.536764705882322087e-04
9.775735294117616353e-04
9.639705882352910720e-04
9.647058823529380562e-04
1.002205882352938046e-03
9.680147058823498647e-04
9.849264705882321280e-04
9.698529411764674878e-04
9.691176470588203952e-04
9.808823529411732269e-04
9.665441176470556794e-04
9.955882352941144292e-04
9.834558823529379427e-04
9.805147058823497890e-04
9.827205882352910669e-04
9.775735294117616353e-04
1.005514705882349855e-03
9.613970588235263562e-04
9.812499999999968817e-04
9.930147058823497134e-04
9.845588235294086901e-04
9.812499999999968817e-04
1.006985294117644474e-03
9.621323529411733404e-04
9.915441176470557449e-04
9.860294117647026586e-04
9.808823529411732269e-04
9.599264705882321709e-04
9.911764705882320902e-04
1.003308823529408794e-03
9.933823529411733681e-04
9.518382352941145855e-04
9.503676470588205086e-04
9.694852941176439415e-04
9.893382352941144670e-04
9.669117647058792257e-04
9.503676470588204002e-04
9.558823529411733782e-04
9.863970588235263133e-04
9.900735294117615597e-04
9.713235294117615647e-04
1.002573529411761701e-03
9.992647058823496756e-04
9.779411764705850732e-04
9.661764705882322415e-04
9.698529411764674878e-04
9.290441176470559063e-04
9.488970588235262149e-04
9.889705882352910291e-04
9.871323529411731891e-04
9.397058823529382075e-04
9.650735294117616025e-04
9.970588235294083976e-04
9.849264705882321280e-04
1.001470588235290953e-03
1.021691176470586326e-03
9.761029411764674500e-04
9.514705882352910392e-04
1.017279411764703337e-03
9.786764705882321658e-04
9.944852941176438987e-04
9.569852941176439087e-04
9.819852941176439743e-04
9.496323529411734160e-04
9.779411764705850732e-04
9.606617647058792635e-04
1.011397058823526596e-03
9.503676470588205086e-04
9.452205882352910770e-04
9.687499999999968489e-04
9.540441176470557550e-04
9.687499999999968489e-04
9.591911764705851867e-04
9.834558823529379427e-04
9.654411764705851488e-04
9.775735294117616353e-04
1.002573529411761484e-03
9.533088235294085539e-04
9.602941176470557172e-04
9.794117647058792585e-04
9.661764705882322415e-04
9.886029411764673744e-04
9.838235294117615975e-04
9.544117647058793013e-04
9.514705882352910392e-04
9.338235294117616832e-04
1.010661764705879937e-03
9.834558823529379427e-04
9.955882352941144292e-04
9.639705882352910720e-04
9.547794117647028476e-04
9.761029411764674500e-04
9.852941176470555659e-04
9.849264705882321280e-04
9.444852941176439844e-04
9.808823529411732269e-04
9.499999999999969623e-04
9.698529411764674878e-04
9.816176470588203196e-04
9.400735294117616454e-04
9.720588235294086573e-04
9.874999999999968438e-04
9.400735294117616454e-04
9.658088235294086952e-04
9.783088235294087279e-04
9.588235294117616403e-04
9.345588235294087758e-04
9.830882352941145048e-04
9.977941176470557071e-04
9.378676470588205843e-04
9.628676470588204330e-04
9.746323529411733732e-04
9.908088235294086523e-04
9.952205882352909913e-04
9.639705882352909636e-04
9.749999999999969195e-04
1.022426470588233202e-03
9.702205882352910342e-04
9.588235294117616403e-04
9.606617647058793719e-04
9.805147058823497890e-04
9.727941176470557500e-04
9.676470588235263183e-04
9.922794117647026207e-04
1.003676470588232231e-03
9.878676470588202817e-04
9.845588235294086901e-04
9.772058823529379806e-04
9.702205882352910342e-04
9.621323529411733404e-04
9.658088235294086952e-04
9.544117647058793013e-04
9.613970588235263562e-04
9.948529411764673366e-04
9.580882352941144393e-04
9.878676470588202817e-04
9.400735294117616454e-04
1.004411764705879324e-03
9.834558823529379427e-04
1.001838235294114608e-03
9.985294117647025829e-04
9.805147058823497890e-04
9.830882352941145048e-04
9.749999999999969195e-04
9.904411764705849976e-04
9.363970588235262906e-04
9.757352941176439037e-04
9.797794117647026964e-04
9.790441176470556037e-04
9.900735294117615597e-04
9.488970588235263234e-04
9.213235294117617588e-04
9.753676470588203574e-04
9.654411764705851488e-04
1.003308823529408794e-03
9.783088235294087279e-04
9.698529411764674878e-04
1.007720588235291133e-03
9.374999999999970380e-04
9.724264705882322037e-04
9.970588235294086145e-04
9.639705882352910720e-04
9.481617647058793391e-04
9.683823529411733026e-04
9.544117647058791929e-04
9.922794117647026207e-04
9.551470588235263940e-04
9.569852941176440171e-04
9.941176470588202439e-04
9.926470588235262755e-04
9.849264705882321280e-04
9.580882352941145477e-04
9.790441176470556037e-04
9.893382352941144670e-04
9.783088235294087279e-04
9.757352941176439037e-04
9.713235294117615647e-04
9.400735294117615369e-04
9.970588235294086145e-04
9.977941176470557071e-04
9.610294117647028098e-04
1.001838235294114608e-03
9.981617647058791450e-04
9.455882352941146233e-04
9.716911764705851110e-04
9.643382352941145099e-04
9.636029411764675257e-04
9.746323529411733732e-04
9.481617647058793391e-04
9.709558823529380184e-04
9.838235294117615975e-04
9.713235294117615647e-04
9.452205882352910770e-04
9.904411764705849976e-04
9.639705882352910720e-04
9.555147058823498319e-04
9.749999999999969195e-04
9.705882352941144721e-04
9.933823529411733681e-04
9.716911764705851110e-04
9.680147058823498647e-04
9.529411764705852245e-04
9.904411764705849976e-04
9.794117647058792585e-04
9.665441176470556794e-04
9.683823529411734110e-04
9.926470588235262755e-04
9.672794117647027720e-04
9.749999999999968111e-04
9.599264705882321709e-04
9.988970588235262377e-04
9.816176470588203196e-04
9.525735294117616781e-04
9.860294117647026586e-04
9.621323529411733404e-04
9.533088235294086624e-04
9.613970588235263562e-04
9.952205882352909913e-04
1.006617647058820602e-03
1.005882352941173292e-03
9.738970588235262805e-04
9.768382352941145427e-04
9.676470588235263183e-04
9.981617647058791450e-04
9.636029411764675257e-04
9.555147058823498319e-04
9.845588235294086901e-04
9.900735294117615597e-04
9.672794117647027720e-04
9.761029411764674500e-04
9.860294117647026586e-04
9.874999999999968438e-04
9.264705882352911905e-04
9.702205882352910342e-04
9.694852941176439415e-04
9.569852941176440171e-04
9.812499999999968817e-04
1.001102941176467299e-03
9.488970588235263234e-04
9.845588235294086901e-04
9.823529411764674122e-04
9.676470588235263183e-04
9.724264705882322037e-04
1.006249999999997164e-03
9.595588235294087330e-04
9.452205882352910770e-04
9.959558823529378671e-04
9.970588235294086145e-04
9.874999999999968438e-04
1.002205882352938046e-03
9.661764705882322415e-04
9.797794117647026964e-04
1.001838235294114608e-03
9.650735294117614941e-04
9.856617647058792207e-04
9.746323529411733732e-04
9.533088235294085539e-04
9.551470588235263940e-04
9.886029411764673744e-04
9.639705882352910720e-04
9.933823529411733681e-04
9.757352941176439037e-04
9.889705882352910291e-04
9.933823529411733681e-04
9.654411764705851488e-04
9.779411764705850732e-04
9.757352941176439037e-04
9.683823529411734110e-04
9.639705882352910720e-04
9.522058823529381318e-04
1.008088235294115004e-03
9.794117647058792585e-04
9.753676470588203574e-04
9.661764705882322415e-04
9.816176470588203196e-04
1.013235294117644436e-03
9.919117647058791828e-04
9.709558823529380184e-04
9.790441176470556037e-04
9.790441176470556037e-04
9.779411764705850732e-04
9.808823529411732269e-04
9.499999999999969623e-04
9.849264705882321280e-04
9.985294117647025829e-04
9.933823529411733681e-04
9.474264705882322465e-04
1.008088235294114787e-03
9.779411764705850732e-04
9.727941176470557500e-04
9.753676470588203574e-04
9.386029411764675685e-04
9.834558823529379427e-04
9.492647058823498697e-04
9.790441176470556037e-04
9.819852941176439743e-04
9.371323529411733832e-04
9.937499999999968060e-04
9.536764705882322087e-04
9.683823529411734110e-04
9.727941176470557500e-04
9.621323529411733404e-04
9.636029411764675257e-04
9.819852941176439743e-04
1.020220588235291707e-03
9.779411764705850732e-04
9.150735294117617966e-04
1.003676470588232448e-03
9.742647058823498268e-04
9.727941176470557500e-04
9.874999999999968438e-04
9.772058823529379806e-04
9.808823529411732269e-04
1.008088235294115004e-03
9.716911764705851110e-04
9.878676470588202817e-04
9.882352941176439365e-04
9.786764705882321658e-04
9.797794117647026964e-04
9.937499999999968060e-04
9.540441176470557550e-04
9.757352941176439037e-04
9.904411764705849976e-04
9.878676470588202817e-04
9.867647058823497512e-04
9.647058823529380562e-04
9.724264705882322037e-04
9.544117647058793013e-04
1.000735294117643861e-03
9.444852941176439844e-04
9.628676470588204330e-04
9.496323529411734160e-04
9.698529411764674878e-04
9.779411764705850732e-04
9.988970588235262377e-04
1.013235294117644653e-03
9.775735294117616353e-04
9.874999999999968438e-04
9.959558823529378671e-04
1.000735294117643861e-03
9.555147058823498319e-04
9.639705882352910720e-04
9.900735294117615597e-04
1.003308823529408794e-03
9.492647058823498697e-04
9.985294117647025829e-04
9.959558823529378671e-04
9.893382352941144670e-04
9.731617647058791879e-04
9.959558823529378671e-04
9.382352941176440222e-04
9.889705882352910291e-04
9.974264705882320524e-04
9.709558823529379100e-04
9.900735294117615597e-04
9.783088235294087279e-04
9.852941176470555659e-04
9.797794117647026964e-04
9.904411764705849976e-04
9.261029411764676441e-04
9.437499999999970001e-04
9.783088235294087279e-04
9.794117647058792585e-04
9.841911764705850354e-04
9.845588235294086901e-04
9.522058823529381318e-04
9.808823529411732269e-04
9.981617647058791450e-04
9.922794117647026207e-04
9.834558823529379427e-04
9.680147058823498647e-04
9.525735294117616781e-04
1.022794117647057074e-03
9.827205882352910669e-04
9.577205882352910014e-04
9.735294117647027342e-04
9.985294117647025829e-04
9.687499999999968489e-04
9.709558823529380184e-04
9.841911764705850354e-04
9.419117647058793770e-04
9.834558823529379427e-04
9.426470588235263612e-04
9.727941176470557500e-04
9.783088235294087279e-04
9.650735294117616025e-04
9.665441176470556794e-04
1.008088235294115221e-03
9.753676470588203574e-04
9.624999999999968867e-04
9.889705882352910291e-04
9.599264705882320625e-04
9.742647058823498268e-04
9.919117647058791828e-04
9.547794117647028476e-04
9.669117647058792257e-04
9.709558823529380184e-04
9.433823529411733454e-04
9.955882352941144292e-04
9.529411764705852245e-04
9.786764705882321658e-04
9.492647058823498697e-04
9.827205882352910669e-04
9.595588235294087330e-04
9.713235294117615647e-04
9.727941176470557500e-04
1.018014705882350429e-03
9.503676470588205086e-04
9.746323529411733732e-04
9.580882352941144393e-04
9.437499999999970001e-04
9.643382352941145099e-04
9.698529411764674878e-04
9.731617647058791879e-04
1.016176470588232806e-03
9.952205882352909913e-04
9.687499999999968489e-04
1.013602941176468307e-03
9.499999999999969623e-04
9.599264705882321709e-04
9.786764705882321658e-04
9.801470588235263511e-04
9.731617647058791879e-04
1.010294117647056065e-03
9.779411764705850732e-04
9.727941176470557500e-04
9.808823529411732269e-04
9.812499999999968817e-04
9.727941176470557500e-04
9.838235294117615975e-04
9.908088235294086523e-04
9.720588235294086573e-04
9.852941176470555659e-04
9.841911764705850354e-04
1.015441176470585497e-03
1.002573529411761701e-03
9.680147058823498647e-04
9.533088235294086624e-04
9.687499999999968489e-04
9.790441176470556037e-04
1.000367647058820206e-03
1.001838235294114391e-03
9.624999999999968867e-04
9.900735294117615597e-04
9.738970588235262805e-04
9.794117647058792585e-04
1.004411764705879324e-03
9.849264705882321280e-04
9.749999999999968111e-04
9.841911764705850354e-04
9.713235294117614563e-04
9.628676470588204330e-04
9.477941176470557928e-04
9.591911764705851867e-04
1.003676470588232448e-03
9.349264705882323221e-04
9.952205882352909913e-04
9.363970588235263990e-04
9.709558823529380184e-04
9.716911764705851110e-04
9.525735294117615697e-04
9.779411764705850732e-04
9.908088235294086523e-04
9.632352941176439793e-04
9.786764705882321658e-04
9.525735294117616781e-04
1.010294117647056282e-03
9.452205882352910770e-04
9.985294117647025829e-04
9.580882352941145477e-04
9.897058823529379049e-04
9.492647058823498697e-04
1.003676470588232665e-03
9.481617647058793391e-04
9.514705882352910392e-04
9.705882352941145805e-04
9.584558823529380940e-04
1.011764705882350250e-03
9.518382352941145855e-04
9.470588235294087002e-04
9.742647058823498268e-04
9.845588235294086901e-04
9.874999999999968438e-04
1.003676470588232448e-03
9.889705882352910291e-04
9.786764705882321658e-04
9.731617647058791879e-04
9.757352941176439037e-04
9.830882352941145048e-04
9.834558823529379427e-04
9.650735294117616025e-04
9.937499999999968060e-04
9.952205882352909913e-04
9.900735294117615597e-04
9.775735294117616353e-04
9.860294117647026586e-04
9.823529411764674122e-04
9.698529411764674878e-04
1.005147058823526200e-03
9.709558823529380184e-04
9.841911764705850354e-04
9.878676470588202817e-04
9.863970588235263133e-04
1.001102941176467299e-03
9.926470588235262755e-04
9.613970588235263562e-04
9.727941176470557500e-04
1.009926470588232410e-03
9.738970588235261721e-04
9.834558823529379427e-04
9.702205882352910342e-04
9.477941176470557928e-04
9.904411764705849976e-04
9.558823529411733782e-04
9.709558823529380184e-04
9.566176470588204708e-04
9.963235294117615218e-04
9.746323529411733732e-04
9.904411764705849976e-04
9.827205882352908501e-04
9.522058823529381318e-04
9.816176470588203196e-04
9.889705882352910291e-04
9.496323529411733076e-04
9.720588235294086573e-04
9.775735294117616353e-04
1.010661764705879503e-03
9.863970588235263133e-04
9.555147058823498319e-04
9.849264705882321280e-04
9.797794117647026964e-04
9.897058823529379049e-04
9.834558823529379427e-04
9.841911764705850354e-04
9.742647058823497184e-04
9.687499999999968489e-04
9.985294117647025829e-04
9.658088235294086952e-04
1.002941176470585356e-03
9.606617647058792635e-04
1.013235294117644436e-03
9.911764705882320902e-04
9.753676470588203574e-04
9.580882352941145477e-04
9.658088235294086952e-04
1.002941176470585139e-03
9.794117647058792585e-04
9.544117647058793013e-04
9.613970588235263562e-04
9.834558823529379427e-04
9.602941176470557172e-04
1.015441176470585714e-03
9.569852941176440171e-04
9.555147058823497234e-04
9.871323529411731891e-04
9.658088235294086952e-04
9.783088235294087279e-04
9.849264705882321280e-04
9.496323529411734160e-04
9.977941176470557071e-04
1.006985294117644257e-03
9.801470588235263511e-04
9.805147058823497890e-04
1.002941176470585139e-03
1.022794117647056423e-03
9.617647058823499025e-04
9.735294117647027342e-04
9.724264705882322037e-04
9.915441176470555281e-04
9.602941176470557172e-04
9.919117647058791828e-04
9.812499999999968817e-04
9.948529411764673366e-04
9.886029411764673744e-04
9.433823529411734538e-04
9.944852941176438987e-04
9.522058823529381318e-04
9.897058823529381218e-04
9.613970588235263562e-04
9.757352941176439037e-04
9.613970588235263562e-04
9.959558823529378671e-04
9.805147058823497890e-04
9.536764705882322087e-04
9.595588235294087330e-04
9.834558823529379427e-04
1.010294117647056065e-03
9.764705882352909963e-04
9.863970588235263133e-04
9.713235294117615647e-04
9.775735294117616353e-04
9.573529411764675635e-04
9.547794117647028476e-04
9.977941176470557071e-04
9.632352941176439793e-04
9.709558823529379100e-04
9.580882352941145477e-04
9.897058823529379049e-04
9.584558823529380940e-04
9.551470588235263940e-04
9.742647058823498268e-04
9.742647058823498268e-04
9.367647058823499453e-04
9.584558823529380940e-04
9.779411764705850732e-04
1.014705882352938404e-03
1.011764705882350250e-03
1.004779411764703196e-03
9.823529411764674122e-04
9.676470588235263183e-04
9.437499999999970001e-04
9.547794117647028476e-04
9.830882352941145048e-04
9.845588235294086901e-04
9.426470588235263612e-04
9.713235294117615647e-04
9.713235294117615647e-04
9.882352941176439365e-04
9.856617647058792207e-04
9.650735294117616025e-04
9.757352941176440121e-04
1.001102941176467299e-03
9.724264705882322037e-04
1.005147058823526417e-03
9.349264705882323221e-04
9.672794117647027720e-04
9.485294117647027770e-04
9.856617647058790038e-04
9.930147058823497134e-04
9.669117647058792257e-04
9.985294117647025829e-04
9.735294117647027342e-04
9.724264705882322037e-04
9.624999999999968867e-04
9.374999999999970380e-04
9.639705882352909636e-04
9.805147058823497890e-04
9.558823529411733782e-04
9.904411764705849976e-04
1.016911764705880333e-03
1.014338235294114749e-03
9.985294117647025829e-04
9.775735294117616353e-04
9.511029411764674929e-04
9.658088235294086952e-04
1.000367647058820206e-03
9.742647058823498268e-04
1.008455882352938442e-03
9.705882352941145805e-04
9.768382352941145427e-04
1.008823529411761880e-03
9.643382352941145099e-04
9.878676470588202817e-04
9.676470588235263183e-04
9.977941176470557071e-04
9.830882352941145048e-04
9.863970588235263133e-04
9.522058823529381318e-04
9.768382352941145427e-04
9.805147058823497890e-04
9.665441176470556794e-04
9.871323529411734059e-04
9.551470588235263940e-04
9.647058823529380562e-04
9.966911764705849597e-04
1.014705882352938621e-03
9.911764705882320902e-04
9.849264705882321280e-04
1.013970588235291528e-03
9.672794117647027720e-04
9.738970588235262805e-04
9.595588235294087330e-04
1.002573529411761484e-03
9.830882352941145048e-04
9.794117647058792585e-04
9.727941176470557500e-04
9.926470588235262755e-04
9.529411764705852245e-04
9.632352941176438709e-04
1.019117647058821177e-03
9.867647058823497512e-04
9.632352941176439793e-04
9.397058823529382075e-04
9.768382352941145427e-04
9.426470588235263612e-04
9.636029411764675257e-04
9.698529411764674878e-04
9.867647058823497512e-04
9.816176470588203196e-04
9.742647058823498268e-04
9.566176470588204708e-04
1.019117647058821394e-03
9.419117647058793770e-04
9.683823529411734110e-04
9.886029411764673744e-04
9.705882352941145805e-04
9.639705882352910720e-04
9.617647058823499025e-04
9.941176470588202439e-04
9.919117647058791828e-04
9.547794117647028476e-04
9.415441176470558306e-04
9.757352941176439037e-04
9.772058823529379806e-04
9.566176470588204708e-04
1.013235294117644653e-03
9.492647058823498697e-04
9.547794117647028476e-04
9.698529411764674878e-04
1.004044117647056103e-03
9.386029411764674601e-04
9.937499999999968060e-04
9.624999999999968867e-04
9.676470588235263183e-04
9.551470588235263940e-04
9.474264705882322465e-04
9.772058823529379806e-04
9.602941176470557172e-04
9.624999999999968867e-04
9.724264705882322037e-04
9.786764705882321658e-04
9.878676470588202817e-04
9.610294117647028098e-04
1.001838235294114608e-03
9.816176470588203196e-04
9.886029411764673744e-04
9.650735294117616025e-04
9.716911764705850026e-04
9.904411764705849976e-04
9.779411764705850732e-04
9.705882352941145805e-04
9.422794117647028149e-04
1.001838235294114391e-03
9.658088235294086952e-04
1.000367647058820206e-03
9.408088235294087380e-04
1.013602941176468524e-03
9.823529411764674122e-04
9.492647058823498697e-04
9.779411764705850732e-04
9.507352941176439465e-04
9.474264705882321381e-04
9.764705882352909963e-04
9.863970588235263133e-04
9.878676470588202817e-04
9.944852941176438987e-04
1.020220588235291924e-03
1.007352941176467695e-03
9.742647058823498268e-04
9.650735294117616025e-04
9.897058823529379049e-04
1.000735294117643861e-03
9.827205882352910669e-04
9.867647058823497512e-04
9.330882352941146990e-04
9.897058823529379049e-04
1.005147058823526200e-03
9.992647058823496756e-04
9.797794117647026964e-04
9.632352941176439793e-04
9.676470588235262099e-04
9.849264705882321280e-04
9.727941176470557500e-04
9.360294117647028527e-04
1.020220588235292358e-03
9.915441176470555281e-04
9.878676470588202817e-04
9.915441176470555281e-04
9.904411764705849976e-04
9.441176470588205465e-04
9.551470588235263940e-04
9.922794117647026207e-04
9.705882352941145805e-04
9.805147058823497890e-04
9.503676470588205086e-04
9.680147058823497562e-04
9.650735294117616025e-04
9.341911764705852295e-04
9.922794117647026207e-04
9.702205882352910342e-04
9.672794117647027720e-04
9.882352941176439365e-04
9.786764705882321658e-04
9.713235294117615647e-04
9.775735294117616353e-04
9.867647058823497512e-04
9.518382352941145855e-04
9.742647058823498268e-04
9.382352941176440222e-04
9.886029411764673744e-04
9.742647058823498268e-04
9.834558823529379427e-04
9.661764705882322415e-04
9.676470588235263183e-04
9.845588235294086901e-04
1.013235294117644869e-03
9.632352941176439793e-04
9.830882352941145048e-04
9.742647058823498268e-04
9.430147058823499075e-04
9.584558823529380940e-04
9.397058823529382075e-04
9.481617647058793391e-04
9.860294117647026586e-04
9.573529411764675635e-04
9.819852941176439743e-04
9.764705882352909963e-04
9.647058823529380562e-04
9.904411764705849976e-04
9.996323529411733303e-04
1.003676470588232231e-03
9.547794117647027392e-04
9.830882352941142880e-04
9.610294117647028098e-04
9.687499999999968489e-04
9.731617647058791879e-04
9.900735294117613428e-04
9.738970588235262805e-04
9.863970588235263133e-04
9.919117647058791828e-04
9.683823529411734110e-04
9.529411764705852245e-04
9.393382352941146611e-04
9.801470588235263511e-04
9.731617647058791879e-04
9.933823529411733681e-04
9.694852941176439415e-04
1.027941176470586722e-03
9.805147058823497890e-04
1.007352941176467911e-03
1.002205882352938046e-03
9.867647058823497512e-04
9.551470588235263940e-04
9.386029411764675685e-04
9.783088235294087279e-04
9.886029411764673744e-04
9.933823529411733681e-04
9.779411764705850732e-04
9.555147058823498319e-04
9.937499999999968060e-04
9.588235294117616403e-04
9.525735294117616781e-04
9.764705882352909963e-04
9.757352941176439037e-04
9.698529411764674878e-04
9.944852941176438987e-04
9.676470588235263183e-04
1.024632352941174914e-03
9.738970588235262805e-04
9.621323529411733404e-04
1.009191176470585535e-03
9.308823529411734210e-04
9.338235294117616832e-04
9.985294117647025829e-04
9.834558823529379427e-04
9.386029411764675685e-04
9.922794117647026207e-04
9.911764705882320902e-04
9.886029411764673744e-04
9.926470588235262755e-04
9.834558823529379427e-04
9.908088235294086523e-04
9.845588235294086901e-04
9.562499999999969245e-04
9.849264705882321280e-04
9.874999999999968438e-04
9.470588235294087002e-04
9.448529411764675307e-04
9.893382352941144670e-04
9.849264705882319112e-04
9.889705882352910291e-04
9.786764705882321658e-04
9.904411764705849976e-04
9.886029411764673744e-04
9.801470588235263511e-04
9.573529411764675635e-04
9.650735294117616025e-04
9.952205882352909913e-04
9.738970588235262805e-04
1.016911764705880116e-03
1.050367647058822506e-03
1.078308823529411809e-03
1.090441176470589163e-03
1.150000000000003884e-03
1.151102941176474197e-03
1.206250000000004844e-03
1.200367647058828754e-03
1.273897058823537150e-03
1.296691176470596372e-03
1.273529411764713496e-03
1.368014705882362840e-03
1.386029411764716935e-03
1.391544117647071322e-03
1.429779411764716887e-03
1.429779411764716237e-03
1.445588235294131656e-03
1.506617647058837526e-03
1.533088235294131560e-03
1.533088235294132210e-03
1.569852941176485541e-03
1.579411764705896445e-03
1.645588235294134349e-03
1.651102941176485267e-03
1.677941176470605991e-03
1.683088235294136073e-03
1.661029411764721126e-03
1.736764705882372969e-03
1.776838235294137241e-03
1.779779411764724310e-03
1.826470588235313500e-03
1.779411764705900656e-03
1.783455882352960641e-03
1.822058823529429860e-03
1.824632352941194576e-03
1.853676470588256145e-03
1.898161764705901672e-03
1.912867647058844609e-03
1.895955882352961261e-03
1.925367647058843666e-03
1.937132352941198666e-03
1.997058823529430753e-03
1.947794117647078365e-03
1.976102941176491323e-03
2.014705882352961410e-03
1.990808823529434477e-03
1.946691176470610003e-03
2.047058823529435221e-03
2.022794117647077478e-03
1.986764705882373191e-03
2.020588235294138151e-03
2.066176470588257028e-03
2.002205882352960618e-03
2.027205882352963937e-03
2.089705882352960523e-03
2.047058823529433486e-03
2.081250000000021017e-03
2.059558823529434278e-03
2.047794117647079928e-03
2.030882352941198316e-03
2.066544117647081766e-03
2.097058823529434051e-03
2.122058823529437369e-03
2.109191176470609670e-03
2.176470588235313551e-03
2.108455882352964529e-03
2.070220588235316145e-03
2.168014705882377081e-03
2.089705882352962691e-03
2.122058823529431731e-03
2.183823529411790549e-03
2.149632352941200416e-03
2.150000000000023420e-03
2.148897058823553540e-03
2.166911764705904166e-03
2.153308823529436096e-03
2.172058823529434031e-03
2.181985294117669456e-03
2.181985294117667722e-03
2.150000000000020818e-03
2.126102941176492584e-03
2.086029411764727011e-03
2.192647058823552625e-03
2.140808823529437473e-03
2.158455882352966395e-03
2.187500000000020157e-03
2.206250000000025031e-03
2.183088235294140637e-03
2.211029411764727989e-03
2.181985294117670324e-03
2.181617647058848187e-03
2.159926470588257544e-03
2.207352941176494044e-03
2.233823529411786777e-03
2.207720588235316181e-03
2.180882352941198709e-03
2.189338235294144286e-03
2.240441176470608659e-03
2.172426470588258770e-03
2.192647058823553059e-03
2.151102941176491565e-03
1.916176470588256200e-03
1.806985294117667389e-03
1.652941176470605275e-03
1.565073529411777596e-03
1.417647058823542569e-03
1.392279411764716680e-03
1.261397058823536792e-03
1.262132352941184536e-03
1.206985294117653455e-03
1.092279411764707003e-03
1.097058823529414081e-03
1.020588235294115579e-03
9.694852941176439415e-04
9.911764705882320902e-04
9.374999999999970380e-04
9.591911764705851867e-04
8.863970588235265931e-04
9.062499999999971186e-04
8.636029411764678055e-04
8.595588235294090128e-04
8.419117647058796568e-04
8.191176470588208691e-04
8.411764705882326726e-04
8.084558823529386764e-04
7.915441176470563046e-04
7.772058823529387570e-04
7.691176470588211717e-04
7.632352941176446474e-04
7.661764705882329095e-04
7.797794117647034728e-04
7.463235294117622756e-04
7.503676470588210683e-04
7.419117647058799366e-04
7.665441176470563474e-04
7.658088235294092548e-04
7.426470588235271376e-04
7.305147058823506512e-04
7.165441176470565415e-04
7.371323529411740513e-04
7.595588235294094010e-04
7.136029411764683878e-04
7.470588235294094766e-04
7.238970588235270343e-04
7.036764705882329624e-04
7.283088235294093733e-04
7.459558823529388377e-04
7.095588235294094867e-04
7.283088235294094817e-04
7.275735294117623890e-04
7.183823529411742731e-04
7.117647058823506562e-04
7.319852941176448365e-04
7.154411764705860110e-04
6.849264705882331843e-04
7.183823529411741647e-04
6.911764705882330381e-04
7.202205882352918963e-04
7.113970588235272183e-04
7.165441176470565415e-04
7.121323529411742025e-04
6.922794117647037854e-04
7.290441176470564659e-04
6.966911764705860160e-04
7.452205882352917450e-04
7.430147058823506840e-04
7.198529411764683500e-04
7.459558823529388377e-04
7.194852941176446953e-04
7.172794117647035258e-04
7.253676470588213280e-04
6.985294117647036392e-04
7.279411764705858269e-04
7.249999999999976732e-04
7.132352941176447331e-04
7.411764705882329524e-04
6.985294117647037476e-04
7.132352941176447331e-04
7.158088235294094489e-04
6.886029411764683222e-04
7.205882352941153342e-04
7.191176470588211489e-04
7.202205882352917879e-04
7.066176470588212246e-04
7.180147058823506184e-04
7.117647058823506562e-04
7.187499999999978195e-04
7.555147058823506083e-04
7.261029411764682038e-04
7.253676470588212195e-04
7.161764705882331036e-04
7.522058823529386914e-04
6.988970588235271855e-04
7.205882352941153342e-04
7.143382352941153720e-04
7.025735294117625403e-04
6.624999999999978345e-04
7.249999999999977816e-04
6.937499999999977539e-04
7.220588235294094111e-04
7.128676470588211867e-04
7.386029411764682365e-04
7.147058823529389184e-04
7.356617647058800828e-04
7.323529411764681659e-04
7.011029411764684634e-04
7.088235294117623941e-04
7.408088235294094060e-04
7.459558823529387293e-04
7.408088235294094060e-04
7.187499999999977110e-04
7.283088235294093733e-04
7.242647058823506890e-04
7.319852941176447280e-04
7.169117647058799794e-04
7.088235294117625025e-04
7.319852941176448365e-04
7.374999999999975976e-04
7.477941176470564609e-04
7.227941176470565037e-04
7.805147058823503486e-04
7.283088235294094817e-04
7.180147058823507268e-04
7.139705882352919341e-04
7.275735294117623890e-04
7.283088235294093733e-04
7.301470588235271049e-04
7.341911764705858975e-04
7.367647058823505049e-04
7.341911764705860060e-04
7.007352941176448087e-04
7.367647058823505049e-04
6.926470588235272233e-04
7.308823529411741975e-04
7.283088235294094817e-04
7.360294117647035207e-04
7.360294117647035207e-04
7.334558823529388049e-04
7.558823529411741547e-04
7.639705882352917400e-04
7.621323529411740084e-04
7.533088235294094388e-04
7.415441176470564987e-04
7.374999999999975976e-04
7.488970588235269914e-04
7.569852941176445768e-04
7.536764705882329851e-04
7.698529411764680475e-04
7.150735294117623563e-04
7.606617647058798231e-04
7.511029411764681609e-04
7.551470588235270620e-04
7.286764705882329196e-04
7.470588235294094766e-04
7.577205882352917778e-04
7.397058823529387671e-04
7.654411764705857085e-04
7.213235294117623184e-04
7.316176470588211817e-04
7.415441176470563903e-04
7.430147058823505755e-04
7.459558823529388377e-04
7.488970588235269914e-04
7.419117647058799366e-04
7.080882352941155183e-04
7.669117647058800022e-04
7.672794117647034401e-04
7.687499999999976253e-04
7.485294117647034451e-04
7.529411764705858925e-04
7.455882352941151829e-04
7.323529411764681659e-04
7.610294117647034779e-04
7.849264705882327961e-04
7.301470588235269964e-04
7.834558823529386108e-04
7.566176470588211389e-04
7.481617647058798988e-04
7.584558823529386536e-04
7.496323529411741925e-04
7.632352941176446474e-04
7.606617647058799316e-04
7.643382352941151779e-04
7.261029411764683122e-04
7.430147058823506840e-04
7.577205882352916694e-04
7.448529411764683071e-04
7.698529411764680475e-04
7.525735294117622378e-04
7.422794117647035913e-04
7.757352941176446802e-04
7.889705882352916972e-04
7.617647058823504621e-04
7.922794117647033972e-04
7.702205882352917022e-04
7.841911764705858118e-04
7.738970588235268401e-04
7.970588235294092825e-04
7.610294117647034779e-04
7.764705882352915560e-04
7.897058823529386814e-04
7.867647058823505277e-04
7.749999999999974791e-04
7.463235294117622756e-04
7.915441176470563046e-04
7.823529411764680802e-04
7.702205882352917022e-04
7.525735294117622378e-04
7.621323529411740084e-04
7.599264705882328389e-04
7.477941176470563524e-04
7.834558823529387192e-04
7.992647058823503436e-04
7.720588235294092170e-04
7.749999999999975875e-04
7.533088235294094388e-04
7.886029411764681508e-04
7.584558823529386536e-04
7.599264705882328389e-04
7.720588235294092170e-04
7.555147058823504999e-04
7.919117647058798509e-04
7.639705882352917400e-04
7.867647058823505277e-04
7.808823529411740034e-04
7.573529411764681231e-04
7.930147058823503814e-04
7.279411764705859354e-04
8.025735294117620437e-04
7.841911764705857034e-04
7.580882352941152157e-04
7.720588235294092170e-04
7.654411764705858169e-04
7.551470588235269536e-04
7.812499999999975497e-04
7.676470588235268780e-04
7.628676470588211011e-04
7.889705882352916972e-04
8.165441176470562617e-04
7.599264705882328389e-04
7.492647058823505377e-04
8.025735294117621521e-04
7.694852941176445011e-04
7.882352941176446045e-04
7.705882352941151401e-04
7.893382352941151351e-04
7.841911764705858118e-04
8.158088235294090607e-04
7.705882352941152485e-04
7.709558823529387948e-04
7.992647058823504520e-04
7.845588235294092497e-04
7.830882352941151729e-04
7.911764705882327582e-04
7.775735294117623033e-04
7.966911764705856278e-04
7.742647058823504949e-04
7.988970588235267973e-04
8.018382352941151679e-04
7.466911764705858219e-04
7.841911764705858118e-04
8.029411764705856984e-04
8.036764705882326826e-04
8.007352941176445289e-04
8.011029411764680752e-04
7.904411764705856656e-04
7.937499999999974741e-04
8.308823529411738093e-04
7.794117647058799265e-04
8.095588235294092069e-04
7.944852941176444583e-04
7.904411764705856656e-04
8.466911764705855421e-04
7.636029411764680853e-04
7.628676470588211011e-04
7.805147058823503486e-04
8.073529411764680374e-04
7.996323529411738899e-04
8.154411764705856228e-04
7.841911764705857034e-04
7.860294117647034350e-04
8.025735294117621521e-04
8.036764705882326826e-04
7.966911764705857362e-04
7.937499999999974741e-04
8.069852941176444911e-04
8.176470588235266838e-04
7.860294117647034350e-04
8.150735294117621849e-04
7.716911764705856706e-04
7.779411764705857412e-04
7.794117647058799265e-04
8.073529411764680374e-04
8.099264705882327532e-04
7.952205882352915509e-04
8.077205882352914753e-04
8.080882352941150216e-04
8.235294117647032081e-04
8.150735294117620764e-04
8.180147058823503386e-04
8.187499999999973228e-04
8.253676470588208313e-04
7.930147058823504898e-04
7.900735294117622277e-04
8.011029411764680752e-04
7.816176470588210960e-04
8.084558823529386764e-04
7.999999999999975447e-04
7.724264705882327633e-04
8.220588235294091313e-04
8.161764705882327154e-04
8.069852941176443827e-04
8.113970588235268301e-04
8.268382352941150166e-04
8.165441176470561533e-04
7.996323529411739984e-04
8.128676470588210154e-04
7.919117647058798509e-04
8.095588235294092069e-04
8.352941176470561483e-04
8.150735294117621849e-04
7.878676470588210582e-04
8.231617647058797702e-04
8.566176470588208591e-04
8.213235294117620386e-04
8.213235294117621470e-04
8.198529411764678533e-04
8.419117647058796568e-04
8.275735294117621092e-04
8.150735294117621849e-04
7.955882352941152057e-04
8.213235294117621470e-04
8.128676470588209069e-04
8.165441176470561533e-04
7.783088235294091791e-04
8.018382352941150594e-04
8.312499999999972472e-04
8.077205882352914753e-04
8.330882352941149788e-04
8.338235294117619630e-04
8.272058823529384545e-04
8.272058823529385629e-04
8.422794117647030947e-04
8.213235294117621470e-04
7.952205882352916594e-04
8.246323529411738471e-04
8.099264705882326448e-04
8.323529411764678861e-04
8.503676470588207885e-04
8.378676470588208641e-04
8.400735294117619252e-04
8.106617647058798459e-04
8.033088235294092447e-04
7.970588235294092825e-04
8.382352941176444104e-04
8.169117647058798080e-04
8.327205882352915409e-04
8.437499999999973884e-04
8.253676470588209397e-04
8.334558823529385251e-04
8.275735294117621092e-04
8.257352941176444860e-04
8.169117647058796996e-04
8.106617647058798459e-04
8.209558823529386007e-04
8.025735294117620437e-04
8.294117647058797324e-04
8.088235294117621143e-04
8.165441176470562617e-04
8.253676470588209397e-04
8.540441176470560348e-04
8.308823529411737008e-04
8.257352941176444860e-04
8.143382352941149838e-04
8.077205882352915837e-04
8.279411764705856555e-04
8.452205882352914652e-04
8.198529411764679618e-04
8.404411764705855799e-04
8.599264705882325591e-04
8.165441176470562617e-04
8.393382352941150494e-04
8.636029411764678055e-04
8.088235294117621143e-04
8.382352941176444104e-04
8.220588235294091313e-04
8.459558823529385579e-04
8.352941176470560398e-04
8.459558823529385579e-04
8.176470588235267923e-04
8.268382352941150166e-04
8.165441176470562617e-04
8.360294117647032409e-04
8.275735294117621092e-04
8.569852941176442970e-04
8.374999999999973178e-04
8.279411764705855471e-04
8.430147058823501873e-04
8.319852941176443398e-04
8.213235294117620386e-04
