5.387254901960767534e-04
6.387254901960764735e-04
6.294117647058802920e-04
6.813725490196057867e-04
6.730392156862722870e-04
7.053921568627428453e-04
7.210784313725467293e-04
7.416666666666642390e-04
7.872549019607817059e-04
7.789215686274485314e-04
8.063725490196052472e-04
8.132352941176444533e-04
8.117647058823503764e-04
8.730392156862717273e-04
8.588235294117620286e-04
9.269607843137224771e-04
8.892156862745070065e-04
9.151960784313696454e-04
9.343137254901930783e-04
9.107843137254871980e-04
9.328431372548990014e-04
9.436274509803891514e-04
9.191176470588205893e-04
9.686274509803890001e-04
9.367647058823499453e-04
9.661764705882321331e-04
9.696078431372517903e-04
9.578431372548988501e-04
9.784313725490164683e-04
9.681372549019577134e-04
9.495098039215655672e-04
9.754901960784282062e-04
9.598039215686243221e-04
1.003921568627447929e-03
1.004411764705879324e-03
1.025980392156859624e-03
1.024999999999996834e-03
1.037254901960781061e-03
1.051470588235290868e-03
1.041666666666663400e-03
1.020588235294114495e-03
1.027941176470584988e-03
1.026960784313722197e-03
1.073529411764702563e-03
1.025980392156859624e-03
1.033333333333330117e-03
1.048039215686271319e-03
1.014705882352937970e-03
1.034803921568624302e-03
1.069117647058820224e-03
1.035784313725486875e-03
1.049019607843133892e-03
1.049509803921565287e-03
1.072058823529408378e-03
1.059313725490192756e-03
1.037745098039212456e-03
1.029411764705879173e-03
9.936274509803890657e-04
1.052450980392153658e-03
9.867647058823497512e-04
9.970588235294086145e-04
1.050980392156859473e-03
1.034313725490192907e-03
1.031862745098035931e-03
1.011764705882349817e-03
1.049509803921565071e-03
1.048039215686271319e-03
1.040686274509800609e-03
1.048039215686271319e-03
1.039705882352937819e-03
1.081862745098035846e-03
1.038725490196075246e-03
1.040686274509800609e-03
1.066666666666663248e-03
1.038235294117643851e-03
1.031372549019604536e-03
1.076470588235290717e-03
1.056862745098035997e-03
1.015686274509800761e-03
1.019607843137251705e-03
1.068137254901957434e-03
1.059803921568624151e-03
1.071078431372545587e-03
1.055882352941173207e-03
1.048529411764702497e-03
1.090196078431369129e-03
1.037745098039212456e-03
1.037745098039212456e-03
1.068137254901957434e-03
1.016176470588232156e-03
1.074999999999996531e-03
9.892156862745067267e-04
1.040686274509800609e-03
1.091666666666663314e-03
1.026960784313721980e-03
1.024999999999996834e-03
1.034803921568624302e-03
1.013235294117644002e-03
1.033333333333330117e-03
1.058333333333329965e-03
1.046568627450977134e-03
1.050980392156859473e-03
1.069607843137251619e-03
9.941176470588202439e-04
1.039705882352937819e-03
1.102450980392153355e-03
1.096568627450977048e-03
9.995098039215653731e-04
9.941176470588202439e-04
1.058823529411761361e-03
1.033823529411761512e-03
1.028431372549016383e-03
1.001470588235290953e-03
1.020588235294114495e-03
1.012254901960781212e-03
1.015686274509800761e-03
1.048039215686271319e-03
1.046078431372545739e-03
1.046078431372545739e-03
1.067647058823526039e-03
9.980392156862714047e-04
1.042156862745094795e-03
1.050490196078428078e-03
1.089215686274506122e-03
1.026960784313722197e-03
1.001960784313722349e-03
1.038235294117643851e-03
1.082352941176467241e-03
1.072549019607839773e-03
1.027450980392153592e-03
1.076470588235290717e-03
1.037254901960781061e-03
1.052941176470584836e-03
1.034313725490192907e-03
1.000490196078428163e-03
1.047549019607839924e-03
1.058333333333329965e-03
1.035294117647055697e-03
1.080882352941173056e-03
1.035294117647055697e-03
1.051960784313722263e-03
1.064215686274506490e-03
1.049509803921565287e-03
1.068627450980388829e-03
1.011764705882349817e-03
1.036764705882349666e-03
1.048529411764702497e-03
1.054901960784310417e-03
1.081372549019604451e-03
1.037254901960781061e-03
1.044607843137251553e-03
1.047549019607839924e-03
9.990196078431339780e-04
1.056372549019604602e-03
1.041666666666663183e-03
1.048529411764702497e-03
1.107352941176467090e-03
1.030882352941173358e-03
1.072058823529408161e-03
1.033333333333330117e-03
1.045588235294114344e-03
1.024999999999996834e-03
1.030392156862741963e-03
1.058333333333329749e-03
1.055882352941173207e-03
1.069607843137251619e-03
9.985294117647025829e-04
1.031862745098035931e-03
1.044607843137251553e-03
1.065196078431369280e-03
1.050980392156859473e-03
1.038725490196075246e-03
1.061274509803918336e-03
1.088235294117643548e-03
1.009803921568624236e-03
1.025490196078428229e-03
1.036764705882349666e-03
1.038235294117643851e-03
1.011274509803918422e-03
1.056862745098035997e-03
1.048529411764702497e-03
1.042647058823526190e-03
1.041176470588232005e-03
1.042156862745094795e-03
1.048039215686271319e-03
1.000490196078428163e-03
1.041666666666663400e-03
1.052941176470584836e-03
1.049509803921565287e-03
1.024019607843134044e-03
1.022549019607839858e-03
1.054901960784310417e-03
1.024509803921565439e-03
1.079411764705878870e-03
1.064705882352937885e-03
9.720588235294086573e-04
1.021568627450977285e-03
1.009313725490192841e-03
1.012254901960781212e-03
1.029901960784310568e-03
1.027450980392153592e-03
1.058333333333329965e-03
1.060294117647055546e-03
1.071568627450976982e-03
1.076470588235290717e-03
1.047058823529408529e-03
1.033333333333330117e-03
1.046568627450977134e-03
1.083333333333330031e-03
1.033333333333330117e-03
1.040686274509800609e-03
1.034803921568624302e-03
1.097549019607839621e-03
1.033823529411761512e-03
1.043137254901957585e-03
1.055392156862741812e-03
1.065196078431369280e-03
1.051470588235290868e-03
1.052450980392153658e-03
1.038235294117643851e-03
1.035294117647055697e-03
1.036764705882349666e-03
1.023039215686271253e-03
1.034313725490192907e-03
1.030392156862741963e-03
1.051470588235290868e-03
1.065686274509800675e-03
1.044607843137251553e-03
1.052941176470584836e-03
1.035294117647055697e-03
1.051960784313722263e-03
1.071568627450976982e-03
1.089215686274506338e-03
1.032843137254898722e-03
1.049999999999996683e-03
1.044607843137251553e-03
1.009313725490192841e-03
1.043627450980388980e-03
1.043137254901957585e-03
1.092647058823525887e-03
1.091666666666663314e-03
1.059803921568624151e-03
1.049509803921565287e-03
9.950980392156830341e-04
1.055392156862741812e-03
1.036764705882349666e-03
1.061764705882349514e-03
1.009313725490192841e-03
1.033823529411761512e-03
1.032352941176467327e-03
1.032352941176467327e-03
1.013235294117644002e-03
1.016666666666663551e-03
1.034803921568624302e-03
1.042156862745094795e-03
1.010784313725487027e-03
1.004901960784310502e-03
1.019117647058820309e-03
1.036274509803918270e-03
1.010294117647055631e-03
1.014215686274506575e-03
1.073039215686271168e-03
1.041176470588232005e-03
1.068627450980388829e-03
1.030882352941173358e-03
9.990196078431339780e-04
1.023529411764702649e-03
1.029901960784310568e-03
1.043137254901957585e-03
1.074509803921565353e-03
1.061274509803918336e-03
1.068137254901957434e-03
1.056372549019604602e-03
1.070588235294114192e-03
1.045588235294114344e-03
1.051470588235290868e-03
1.048039215686271319e-03
1.041176470588232005e-03
1.027450980392153592e-03
1.063725490196075095e-03
1.023529411764702649e-03
1.055882352941173207e-03
1.038725490196075246e-03
1.047058823529408529e-03
1.088235294117643548e-03
1.088235294117643548e-03
1.041666666666663400e-03
1.038725490196075246e-03
1.046568627450977134e-03
1.079901960784310265e-03
1.021078431372545890e-03
1.050980392156859473e-03
1.074509803921565353e-03
1.076960784313722112e-03
1.051960784313722263e-03
1.080882352941173056e-03
1.101470588235290565e-03
9.926470588235262755e-04
1.066666666666663248e-03
1.037254901960781061e-03
1.055882352941173207e-03
1.040686274509800609e-03
1.042647058823526190e-03
1.031862745098035931e-03
1.103921568627447541e-03
1.060294117647055546e-03
1.017647058823526341e-03
1.009803921568624236e-03
1.065196078431369280e-03
1.045588235294114127e-03
1.003921568627447929e-03
1.047058823529408529e-03
1.086274509803918185e-03
1.055392156862741812e-03
1.034803921568624302e-03
1.014705882352937970e-03
1.037254901960781061e-03
1.027941176470584988e-03
1.047058823529408529e-03
1.016666666666663334e-03
1.060784313725486941e-03
1.024999999999996834e-03
1.053431372549016231e-03
1.046568627450977134e-03
1.034313725490192907e-03
1.036764705882349666e-03
1.026960784313722197e-03
1.058333333333329965e-03
1.060294117647055546e-03
1.047549019607839924e-03
9.990196078431339780e-04
1.079901960784310265e-03
1.057352941176467175e-03
1.049509803921565287e-03
1.065196078431369280e-03
1.028921568627447778e-03
1.079901960784310265e-03
1.037745098039212456e-03
1.057352941176467175e-03
1.023529411764702649e-03
1.031862745098035931e-03
1.064215686274506490e-03
1.045098039215682948e-03
1.064215686274506490e-03
1.040686274509800609e-03
1.056862745098035997e-03
1.040196078431369214e-03
1.060294117647055546e-03
1.034803921568624302e-03
1.044117647058820158e-03
9.818627450980360171e-04
1.002450980392153744e-03
1.028431372549016383e-03
1.059313725490192756e-03
1.077450980392153507e-03
1.077941176470584902e-03
1.034313725490192907e-03
1.029411764705879173e-03
1.037254901960781061e-03
1.053921568627447410e-03
1.035294117647055697e-03
1.035784313725486875e-03
1.030392156862741963e-03
1.048529411764702497e-03
1.032843137254898722e-03
1.035784313725486875e-03
1.079411764705878870e-03
1.006862745098036083e-03
1.024019607843134044e-03
1.072549019607839773e-03
1.076960784313722112e-03
1.034803921568624302e-03
1.032352941176467327e-03
1.073039215686271168e-03
1.065686274509800675e-03
1.066666666666663248e-03
1.015686274509800761e-03
1.042156862745094795e-03
1.092647058823525887e-03
1.049999999999996466e-03
1.086764705882349580e-03
1.030392156862741963e-03
1.033333333333330117e-03
1.080882352941173056e-03
1.049019607843133892e-03
1.026470588235290585e-03
1.068137254901957434e-03
1.082843137254898636e-03
1.035784313725486658e-03
1.053921568627447626e-03
1.083333333333330031e-03
1.050490196078428078e-03
1.066666666666663248e-03
1.047549019607839924e-03
1.037745098039212456e-03
1.074509803921565353e-03
1.033823529411761512e-03
1.105392156862741509e-03
1.039215686274506641e-03
1.047058823529408529e-03
1.045588235294114344e-03
1.032843137254898722e-03
1.017647058823526341e-03
1.025490196078428229e-03
1.034313725490192907e-03
1.052450980392153658e-03
1.040196078431369214e-03
1.047058823529408529e-03
1.042156862745094795e-03
1.047549019607839924e-03
1.074019607843133958e-03
1.087254901960780975e-03
1.038725490196075246e-03
1.038725490196075246e-03
1.043137254901957585e-03
1.079411764705878870e-03
1.044117647058820158e-03
1.025490196078428229e-03
1.011764705882349817e-03
1.068137254901957434e-03
1.022549019607839858e-03
1.040196078431368997e-03
1.027450980392153592e-03
1.045098039215682948e-03
1.045098039215682948e-03
1.054901960784310417e-03
1.029411764705879173e-03
1.040686274509800609e-03
1.045588235294114344e-03
1.054901960784310417e-03
1.074509803921565353e-03
1.052941176470584836e-03
1.012745098039212607e-03
1.059313725490192756e-03
1.052941176470584836e-03
1.062254901960780692e-03
1.084803921568623783e-03
1.044607843137251553e-03
1.038725490196075246e-03
1.039705882352937819e-03
9.970588235294086145e-04
1.056862745098035997e-03
1.023529411764702649e-03
1.027941176470584988e-03
1.070588235294114192e-03
1.047058823529408529e-03
1.056372549019604602e-03
1.012254901960781212e-03
1.063235294117643700e-03
1.039705882352937819e-03
1.028431372549016383e-03
1.030882352941173358e-03
1.050490196078428078e-03
1.072058823529408378e-03
1.062254901960780909e-03
1.050980392156859473e-03
1.059803921568624151e-03
1.064215686274506490e-03
1.064215686274506490e-03
1.108823529411761275e-03
1.050980392156859473e-03
1.050980392156859256e-03
1.075490196078427926e-03
1.007352941176467478e-03
1.029411764705879173e-03
1.070588235294114192e-03
1.012745098039212607e-03
1.048039215686271319e-03
1.013235294117644002e-03
1.025980392156859407e-03
1.047058823529408529e-03
1.045588235294114344e-03
1.056862745098035780e-03
1.076960784313722112e-03
1.065686274509800675e-03
9.882352941176439365e-04
1.010784313725487027e-03
1.045588235294114344e-03
1.047058823529408529e-03
1.001960784313722349e-03
1.050980392156859473e-03
1.047549019607839924e-03
1.027450980392153592e-03
1.056862745098035997e-03
1.041666666666663400e-03
1.073039215686271168e-03
1.006372549019604688e-03
1.004411764705879324e-03
1.053431372549016231e-03
1.028431372549016383e-03
1.004411764705879324e-03
1.022549019607839858e-03
1.055392156862741812e-03
1.052941176470584836e-03
1.054901960784310417e-03
9.985294117647025829e-04
1.013235294117644002e-03
1.065196078431369280e-03
1.049509803921565287e-03
1.024999999999996834e-03
1.060784313725486941e-03
1.054901960784310200e-03
1.074019607843133958e-03
1.068137254901957434e-03
1.050980392156859473e-03
1.026960784313722197e-03
1.036274509803918270e-03
1.013725490196074963e-03
1.077450980392153507e-03
1.075980392156859321e-03
1.057352941176467175e-03
9.965686274509772194e-04
1.051470588235290868e-03
1.047058823529408529e-03
1.074019607843133958e-03
1.030392156862741963e-03
1.049999999999996683e-03
1.020588235294114495e-03
1.030392156862741746e-03
1.026960784313722197e-03
1.053431372549016231e-03
1.040686274509800393e-03
1.073039215686271168e-03
1.079411764705878870e-03
1.019607843137251705e-03
1.051470588235290868e-03
1.046078431372545739e-03
1.019117647058820309e-03
1.067156862745094643e-03
1.030882352941172924e-03
1.049019607843133892e-03
1.082843137254898636e-03
1.018627450980388698e-03
1.048529411764702497e-03
1.055392156862741812e-03
1.023039215686271253e-03
1.051960784313722263e-03
1.013725490196075180e-03
1.000980392156859558e-03
1.042156862745094795e-03
1.055882352941173207e-03
1.067647058823526039e-03
1.048529411764702497e-03
1.032352941176467327e-03
1.084803921568623999e-03
1.074999999999996531e-03
1.028921568627447778e-03
1.056372549019604602e-03
1.063725490196075095e-03
9.980392156862711878e-04
1.057843137254898570e-03
1.004411764705879324e-03
9.916666666666634853e-04
1.066666666666663248e-03
1.021078431372545890e-03
1.056372549019604602e-03
1.049509803921565287e-03
1.068137254901957434e-03
1.047058823529408529e-03
1.014215686274506575e-03
1.074019607843133958e-03
1.029901960784310568e-03
1.052941176470584619e-03
1.055392156862741812e-03
1.044117647058819941e-03
1.049999999999996683e-03
1.041176470588232005e-03
1.025980392156859624e-03
1.052941176470584836e-03
1.040196078431368997e-03
1.023529411764702649e-03
1.052941176470584836e-03
1.036274509803918270e-03
1.040686274509800609e-03
1.022058823529408680e-03
1.062745098039212304e-03
1.044607843137251553e-03
1.037745098039212456e-03
1.039705882352937819e-03
1.047549019607839924e-03
1.073039215686271168e-03
1.045098039215682948e-03
1.027450980392153592e-03
1.021568627450977068e-03
1.039215686274506641e-03
1.023529411764702649e-03
1.054901960784310417e-03
1.068627450980388829e-03
1.055882352941173207e-03
1.050490196078428078e-03
1.065686274509800675e-03
1.021078431372545890e-03
9.936274509803890657e-04
1.013725490196075180e-03
1.019117647058820309e-03
1.064705882352937668e-03
1.004411764705879324e-03
1.003921568627447929e-03
1.034313725490192907e-03
1.049509803921565287e-03
1.040686274509800609e-03
1.053921568627447626e-03
1.037745098039212456e-03
1.089705882352937734e-03
1.039215686274506641e-03
1.028921568627447778e-03
1.023529411764702649e-03
1.038725490196075246e-03
1.017647058823526341e-03
1.082352941176467241e-03
1.055392156862741812e-03
1.078921568627447692e-03
1.019117647058820309e-03
1.003431372549016534e-03
1.049019607843133892e-03
1.095588235294114258e-03
1.049019607843133892e-03
1.051470588235290868e-03
1.095098039215682863e-03
1.011274509803918422e-03
1.033823529411761512e-03
1.022549019607839641e-03
1.019117647058820309e-03
1.049509803921565287e-03
1.052450980392153441e-03
1.054411764705879022e-03
1.068137254901957434e-03
1.057843137254898570e-03
1.035294117647055697e-03
1.021568627450977285e-03
1.076960784313722112e-03
1.084803921568623999e-03
1.071568627450976982e-03
1.027450980392153592e-03
1.036764705882349666e-03
1.036274509803918270e-03
1.040196078431369214e-03
1.025490196078428229e-03
1.025490196078428229e-03
1.031372549019604536e-03
1.055392156862741595e-03
1.056372549019604602e-03
1.033823529411761512e-03
1.084313725490192604e-03
1.040686274509800609e-03
1.041666666666663400e-03
1.055882352941173207e-03
1.081862745098035846e-03
1.056862745098035997e-03
1.083333333333330031e-03
1.063235294117643700e-03
1.042156862745094795e-03
1.039705882352937819e-03
1.036274509803918270e-03
1.033823529411761512e-03
1.068627450980388829e-03
1.021568627450977285e-03
1.059803921568624151e-03
1.092156862745094709e-03
1.032843137254898722e-03
1.040686274509800609e-03
1.023039215686271253e-03
1.040196078431369214e-03
1.022058823529408680e-03
9.990196078431339780e-04
1.056372549019604602e-03
1.052450980392153658e-03
1.005882352941173292e-03
1.050980392156859473e-03
1.027941176470584988e-03
1.064215686274506490e-03
1.038725490196075029e-03
1.062745098039212304e-03
1.063235294117643700e-03
9.931372549019576706e-04
1.031372549019604536e-03
1.046078431372545739e-03
1.032843137254898722e-03
1.035294117647055697e-03
1.053431372549016231e-03
1.025980392156859624e-03
1.058823529411761361e-03
1.062745098039212304e-03
1.009803921568624236e-03
1.092647058823525670e-03
1.064215686274506490e-03
1.048529411764702497e-03
1.055882352941173207e-03
1.058333333333329965e-03
1.087254901960780975e-03
1.036274509803918270e-03
1.033333333333330117e-03
1.016176470588232156e-03
1.078921568627447692e-03
1.027941176470584988e-03
1.033823529411761512e-03
1.038235294117643851e-03
1.068137254901957434e-03
1.035294117647055697e-03
1.053921568627447626e-03
1.037254901960781061e-03
1.029411764705879173e-03
1.083333333333330031e-03
1.042156862745094795e-03
1.019117647058820309e-03
1.020588235294114495e-03
1.059313725490192756e-03
1.000490196078428163e-03
1.035784313725486875e-03
1.036274509803918270e-03
1.042647058823526190e-03
1.019607843137251705e-03
1.040686274509800393e-03
1.058823529411761361e-03
1.052941176470584836e-03
1.040196078431369214e-03
1.021078431372545890e-03
1.030882352941173358e-03
1.042647058823526190e-03
1.049019607843133892e-03
1.031372549019604536e-03
1.065686274509800675e-03
1.040196078431369214e-03
1.040686274509800609e-03
1.072549019607839773e-03
1.063235294117643700e-03
1.028921568627447778e-03
1.055882352941173207e-03
1.035294117647055697e-03
1.066666666666663248e-03
1.037745098039212456e-03
1.067647058823526039e-03
1.037254901960781061e-03
1.032352941176467327e-03
1.058333333333329965e-03
1.020588235294114495e-03
1.064215686274506490e-03
1.022549019607839858e-03
1.051960784313722263e-03
1.081372549019604451e-03
1.036274509803918270e-03
1.023039215686271253e-03
1.029411764705879173e-03
1.047058823529408529e-03
1.070098039215683014e-03
1.063235294117643700e-03
1.011764705882349817e-03
1.023529411764702649e-03
1.060294117647055546e-03
1.031862745098035931e-03
1.083823529411761209e-03
1.042647058823526190e-03
1.048039215686271319e-03
1.055882352941173207e-03
1.039215686274506641e-03
1.033823529411761512e-03
1.048039215686271319e-03
1.057352941176467175e-03
1.080882352941173056e-03
1.048529411764702497e-03
1.011274509803918422e-03
1.049019607843133892e-03
1.054901960784310417e-03
1.049999999999996683e-03
1.048039215686271319e-03
1.076470588235290717e-03
1.064215686274506490e-03
1.084803921568623999e-03
1.049509803921565287e-03
1.020588235294114495e-03
1.010784313725487027e-03
1.074999999999996531e-03
1.019117647058820309e-03
1.033333333333330117e-03
1.008823529411761663e-03
1.018627450980388914e-03
1.044117647058820158e-03
1.003921568627447929e-03
1.020098039215682883e-03
1.039705882352937602e-03
1.024509803921565439e-03
1.010784313725487027e-03
1.069607843137251619e-03
1.040196078431369214e-03
1.053431372549016231e-03
1.047058823529408529e-03
1.071078431372545587e-03
1.050490196078428078e-03
1.079901960784310265e-03
1.054411764705879022e-03
1.027450980392153592e-03
1.061274509803918336e-03
1.026470588235291019e-03
1.056862745098035997e-03
1.073529411764702563e-03
1.071078431372545587e-03
1.042647058823526190e-03
1.062254901960780909e-03
1.024509803921565439e-03
1.086764705882349580e-03
1.007843137254898873e-03
1.038725490196075246e-03
1.022058823529408680e-03
1.089215686274506338e-03
1.028431372549016383e-03
1.062745098039212304e-03
1.047058823529408529e-03
1.099509803921565202e-03
1.031862745098035931e-03
1.045098039215682948e-03
1.027941176470584988e-03
1.078431372549016297e-03
9.867647058823497512e-04
1.060294117647055546e-03
1.056862745098035997e-03
1.044117647058820158e-03
1.053431372549016231e-03
1.060294117647055329e-03
1.044117647058819941e-03
1.047549019607839924e-03
1.047058823529408529e-03
1.020588235294114495e-03
1.048529411764702497e-03
1.014705882352937970e-03
1.097549019607839621e-03
1.092156862745094709e-03
1.051960784313722046e-03
1.041666666666663400e-03
1.055392156862741812e-03
1.066176470588231853e-03
1.049019607843133892e-03
1.046568627450977134e-03
9.803921568627420487e-04
1.062745098039212304e-03
1.075980392156859321e-03
1.028921568627447778e-03
1.027941176470584988e-03
1.022549019607839858e-03
1.062254901960780909e-03
1.038235294117643851e-03
1.044117647058820158e-03
1.033333333333330117e-03
1.030392156862741963e-03
1.060784313725486941e-03
1.099509803921565202e-03
1.065686274509800675e-03
1.057843137254898570e-03
1.041176470588232005e-03
1.076960784313722112e-03
1.051470588235290868e-03
1.037745098039212456e-03
1.069117647058820224e-03
1.046078431372545522e-03
1.056372549019604602e-03
9.926470588235262755e-04
1.045098039215682948e-03
1.042156862745094795e-03
1.024509803921565439e-03
1.088725490196074943e-03
1.072058823529408378e-03
1.002450980392153744e-03
1.058823529411761361e-03
1.051470588235290868e-03
9.999999999999967682e-04
1.037254901960781061e-03
1.050490196078428078e-03
1.048039215686271319e-03
1.063235294117643700e-03
1.041666666666663400e-03
1.032352941176467327e-03
1.053431372549016231e-03
1.029901960784310568e-03
1.088725490196074943e-03
1.062254901960780909e-03
1.072058823529408378e-03
1.013725490196075180e-03
1.078921568627447692e-03
1.010294117647055631e-03
1.039705882352937819e-03
1.029411764705879173e-03
1.035784313725486875e-03
1.036764705882349666e-03
1.033333333333330117e-03
1.057843137254898570e-03
1.081372549019604451e-03
1.049019607843133892e-03
1.056862745098035997e-03
1.006862745098036083e-03
1.037254901960781061e-03
1.042156862745094795e-03
1.033333333333330117e-03
1.066176470588231853e-03
1.046568627450977134e-03
1.063235294117643700e-03
1.067156862745094643e-03
1.048039215686271319e-03
1.055392156862741812e-03
1.020588235294114495e-03
1.067647058823526039e-03
1.033823529411761512e-03
1.067156862745094643e-03
1.047058823529408529e-03
1.026960784313722197e-03
1.064705882352937885e-03
1.052450980392153658e-03
1.079901960784310265e-03
1.057352941176467175e-03
1.082352941176467241e-03
1.016176470588231939e-03
1.060294117647055546e-03
1.019607843137251705e-03
1.085294117647055395e-03
1.016666666666663551e-03
1.050980392156859473e-03
1.038235294117643851e-03
1.004901960784310502e-03
1.044117647058820158e-03
1.045098039215682948e-03
1.059803921568623934e-03
1.055882352941173207e-03
1.059803921568624151e-03
1.049999999999996466e-03
1.083823529411760992e-03
1.021568627450977285e-03
1.042156862745094795e-03
1.041176470588232005e-03
1.018627450980388698e-03
1.056862745098035997e-03
1.031372549019604536e-03
1.027450980392153592e-03
1.053921568627447410e-03
1.072549019607839773e-03
1.058333333333329965e-03
1.012745098039212607e-03
1.047549019607839924e-03
1.014705882352937970e-03
9.877450980392125414e-04
1.045098039215682948e-03
1.065196078431369280e-03
1.036764705882349666e-03
1.056372549019604602e-03
1.044607843137251553e-03
1.042647058823526190e-03
1.059803921568624151e-03
1.034803921568624302e-03
9.862745098039183561e-04
1.034803921568624302e-03
1.064705882352937885e-03
1.036274509803918270e-03
1.067156862745094643e-03
1.045588235294114344e-03
1.014705882352937970e-03
1.037254901960781061e-03
1.038235294117643851e-03
1.054901960784310417e-03
1.033333333333330117e-03
1.042647058823526190e-03
1.002450980392153744e-03
1.068627450980388829e-03
1.055392156862741812e-03
1.059803921568624151e-03
1.046078431372545739e-03
1.024999999999996834e-03
1.027450980392153592e-03
1.025980392156859624e-03
1.048039215686271319e-03
1.041666666666663400e-03
1.029411764705879173e-03
1.036764705882349666e-03
1.056372549019604602e-03
1.021078431372545890e-03
1.085784313725486790e-03
1.018627450980388914e-03
1.048529411764702497e-03
1.009803921568624236e-03
1.057352941176467175e-03
1.041666666666663400e-03
1.041666666666663400e-03
1.027450980392153592e-03
1.059313725490192756e-03
1.069607843137251619e-03
1.018627450980388914e-03
1.085784313725486790e-03
1.057352941176467175e-03
1.058823529411761361e-03
1.051960784313722263e-03
1.037254901960781061e-03
1.000980392156859558e-03
1.026470588235291019e-03
1.069117647058820224e-03
1.044607843137251553e-03
1.015686274509800761e-03
1.049019607843133892e-03
1.054901960784310417e-03
1.041666666666663400e-03
9.985294117647027998e-04
1.055882352941173207e-03
1.038725490196075246e-03
1.034313725490192907e-03
1.045588235294114344e-03
1.100980392156859170e-03
1.144117647058819987e-03
1.198039215686270628e-03
1.279411764705878311e-03
1.377450980392152342e-03
1.447058823529406976e-03
1.465196078431367727e-03
1.502450980392152019e-03
1.599019607843132082e-03
1.643137254901955472e-03
1.616176470588230043e-03
1.739215686274504357e-03
1.737745098039209955e-03
1.733333333333327616e-03
1.787745098039209869e-03
1.783823529411759142e-03
1.744607843137249053e-03
1.852941176470582381e-03
1.791176470588229418e-03
1.829411764705876284e-03
1.788725490196072443e-03
1.823529411764699759e-03
1.839215686274503969e-03
1.846078431372543066e-03
1.813235294117641113e-03
1.874509803921562681e-03
1.899509803921562313e-03
1.840686274509797720e-03
1.872058823529405705e-03
1.825490196078425340e-03
1.846078431372542850e-03
1.829411764705876501e-03
1.855392156862738923e-03
1.873039215686268279e-03
1.934313725490189630e-03
1.859803921568621262e-03
1.889215686274503666e-03
1.935294117647052637e-03
1.865686274509798003e-03
1.876960784313719223e-03
1.914705882352935127e-03
1.901470588235287893e-03
1.877450980392150618e-03
1.838725490196072357e-03
1.875980392156856649e-03
1.856372549019601930e-03
1.895588235294111369e-03
1.895588235294111586e-03
1.933823529411758235e-03
1.885784313725484117e-03
1.905882352941170449e-03
1.873039215686268279e-03
1.853921568627444954e-03
1.862745098039209632e-03
1.885294117647052506e-03
1.873039215686268279e-03
1.833333333333327228e-03
1.830882352941170469e-03
1.867647058823523150e-03
1.875490196078425254e-03
1.779411764705876369e-03
1.860784313725484269e-03
1.854901960784307528e-03
1.852450980392150769e-03
1.874509803921562681e-03
1.847058823529405640e-03
1.861764705882346842e-03
1.817156862745092057e-03
1.822549019607837186e-03
1.818627450980386242e-03
1.866666666666660793e-03
1.781372549019601950e-03
1.862254901960778237e-03
1.870588235294111737e-03
1.846568627450974462e-03
1.823039215686268798e-03
1.832352941176464654e-03
1.817647058823523669e-03
1.846078431372543066e-03
1.845098039215680059e-03
1.825490196078425340e-03
1.766176470588229569e-03
1.804901960784307830e-03
1.791666666666661030e-03
1.833333333333327228e-03
1.748039215686269035e-03
1.831862745098033476e-03
1.795098039215680362e-03
1.794607843137248967e-03
1.786274509803915684e-03
1.827450980392150920e-03
1.768627450980386328e-03
1.796568627450974764e-03
1.795098039215680362e-03
1.827941176470582315e-03
1.800980392156856886e-03
1.771078431372543087e-03
1.807843137254896201e-03
1.765196078431366779e-03
1.771078431372543087e-03
1.730392156862739679e-03
1.842647058823523301e-03
1.768137254901954933e-03
1.774509803921562852e-03
1.797549019607837337e-03
1.792647058823523603e-03
1.761764705882347447e-03
1.805392156862739225e-03
1.832352941176464654e-03
1.836764705882346776e-03
1.809803921568621564e-03
1.783823529411758708e-03
1.830392156862739291e-03
1.806862745098033194e-03
1.858823529411758688e-03
1.855392156862739140e-03
1.832352941176464437e-03
1.840686274509798154e-03
1.808333333333327379e-03
1.815196078431366693e-03
1.861764705882347059e-03
1.869117647058817552e-03
1.838725490196072574e-03
1.876960784313719223e-03
1.888235294117640876e-03
1.869607843137248730e-03
1.864705882352935213e-03
1.854411764705876133e-03
1.868627450980385940e-03
1.876470588235288044e-03
1.941666666666660339e-03
1.884803921568621327e-03
1.888725490196072271e-03
1.857843137254895898e-03
1.921568627450974225e-03
1.896078431372542981e-03
1.880882352941170167e-03
1.849509803921562398e-03
1.872058823529405705e-03
1.898529411764699523e-03
1.900980392156856498e-03
1.863235294117641027e-03
1.902450980392150683e-03
1.861274509803915447e-03
1.898039215686268127e-03
1.841666666666660727e-03
1.890686274509797635e-03
1.837745098039209784e-03
1.856862745098033325e-03
1.883333333333327359e-03
1.914705882352934910e-03
1.881862745098033174e-03
1.927941176470582144e-03
1.919117647058817466e-03
1.897549019607837166e-03
1.919607843137248644e-03
1.821568627450974396e-03
1.920098039215679822e-03
1.865686274509797786e-03
1.888725490196072488e-03
1.896568627450974159e-03
1.876960784313719439e-03
1.878431372549013408e-03
1.874999999999993859e-03
1.830392156862739074e-03
1.870588235294111737e-03
1.824019607843131155e-03
1.856862745098033325e-03
1.825490196078425340e-03
1.855882352941170535e-03
1.908823529411758603e-03
1.867156862745091971e-03
1.881372549019601562e-03
1.866666666666660793e-03
1.851960784313719374e-03
1.799509803921562701e-03
1.874999999999993859e-03
1.856372549019601713e-03
1.856862745098033108e-03
1.878921568627444803e-03
1.828921568627444889e-03
1.820588235294111823e-03
1.837254901960778172e-03
1.828431372549013494e-03
1.864215686274503818e-03
1.816176470588229267e-03
1.832352941176464654e-03
1.768137254901954933e-03
1.823529411764699759e-03
1.835784313725484203e-03
1.833333333333327228e-03
1.761764705882347447e-03
1.849999999999993794e-03
1.865196078431366608e-03
1.867156862745091754e-03
1.848529411764700042e-03
1.833333333333327228e-03
1.841666666666660727e-03
1.829411764705876501e-03
1.765686274509798391e-03
1.828431372549013494e-03
1.824999999999994162e-03
1.847549019607837035e-03
1.813725490196072725e-03
1.780392156862739160e-03
1.802941176470582467e-03
1.781372549019602167e-03
1.801960784313719676e-03
1.798039215686268516e-03
1.770588235294111908e-03
1.794607843137249184e-03
1.799509803921562701e-03
1.788725490196072443e-03
1.774019607843131457e-03
1.747549019607837423e-03
1.797549019607837121e-03
1.812254901960778540e-03
1.750490196078425577e-03
1.752941176470582769e-03
1.768627450980386545e-03
1.760294117647053045e-03
1.765196078431366779e-03
1.744117647058817874e-03
1.744117647058817874e-03
1.786274509803915684e-03
1.734803921568621801e-03
1.785294117647052894e-03
1.813235294117641113e-03
1.785784313725484506e-03
1.801960784313719676e-03
1.768627450980386328e-03
1.762254901960778409e-03
1.732843137254896221e-03
1.777941176470582401e-03
1.817156862745092057e-03
1.809313725490190169e-03
1.714705882352935470e-03
1.701960784313720065e-03
1.723529411764700365e-03
1.741666666666660899e-03
1.748529411764700213e-03
1.770098039215680513e-03
1.725980392156857123e-03
1.768137254901954933e-03
1.733333333333327616e-03
1.734313725490190623e-03
1.745098039215680448e-03
1.719117647058818026e-03
1.705882352941171009e-03
1.674999999999994636e-03
1.731372549019602036e-03
1.717647058823523840e-03
1.662254901960778797e-03
1.759803921568621650e-03
1.744607843137249053e-03
1.708823529411759162e-03
1.699019607843131694e-03
1.693137254901955170e-03
1.675490196078425814e-03
1.703921568627445428e-03
1.649999999999994570e-03
1.698529411764700516e-03
1.729901960784308067e-03
1.665196078431367167e-03
1.681862745098033733e-03
1.692156862745092596e-03
1.672549019607837660e-03
1.771568627450974698e-03
1.731862745098033431e-03
1.723039215686268969e-03
1.662254901960779014e-03
1.741176470588229504e-03
1.699999999999994484e-03
1.666176470588229741e-03
1.652450980392151329e-03
1.673529411764700450e-03
1.680392156862739548e-03
1.635784313725484763e-03
1.677450980392151394e-03
1.694607843137249355e-03
1.682843137254896523e-03
1.664215686274504377e-03
1.677941176470582789e-03
1.665686274509798346e-03
1.722058823529406179e-03
1.681862745098033733e-03
1.656862745098033668e-03
1.657352941176465280e-03
1.675490196078425814e-03
1.658823529411759248e-03
1.668627450980386933e-03
1.632352941176465431e-03
1.677450980392151394e-03
1.677941176470582789e-03
1.661274509803916007e-03
1.649999999999994570e-03
1.683333333333327702e-03
1.657843137254896458e-03
1.694607843137249355e-03
1.599999999999994656e-03
1.668627450980386716e-03
1.635784313725484763e-03
1.645098039215680836e-03
1.596078431372543712e-03
1.667156862745092531e-03
1.621078431372543777e-03
1.717156862745092445e-03
1.632843137254896609e-03
1.711274509803915921e-03
1.677941176470583006e-03
1.642647058823524077e-03
1.602941176470583026e-03
1.647549019607837811e-03
1.620588235294112382e-03
1.649019607843131997e-03
1.666666666666661353e-03
1.634803921568622189e-03
1.613725490196073068e-03
1.608333333333328155e-03
1.630392156862739850e-03
1.630882352941171246e-03
1.620588235294112382e-03
1.637254901960778948e-03
1.628431372549014270e-03
1.608333333333328155e-03
1.661274509803916007e-03
1.642647058823524077e-03
1.559803921568622426e-03
1.653431372549014119e-03
1.603921568627445816e-03
1.604411764705876995e-03
1.606372549019602792e-03
1.626470588235288690e-03
1.674509803921563024e-03
1.568627450980387104e-03
1.590686274509799016e-03
1.590686274509798799e-03
1.599019607843132082e-03
1.635294117647053368e-03
1.596078431372543929e-03
1.616666666666661438e-03
1.549019607843132168e-03
1.621078431372543777e-03
1.580392156862739936e-03
1.581372549019602943e-03
1.548529411764700773e-03
1.587254901960779034e-03
1.594117647058818348e-03
1.558333333333328241e-03
1.569117647058818499e-03
1.553431372549014507e-03
1.562745098039210580e-03
1.617647058823524012e-03
1.550490196078426353e-03
1.589215686274504614e-03
1.558333333333328241e-03
1.544607843137249829e-03
1.577941176470583177e-03
1.546078431372544014e-03
1.588725490196073219e-03
1.561764705882347790e-03
1.503431372549014810e-03
1.552450980392151717e-03
1.542647058823524465e-03
1.574509803921563412e-03
1.535294117647053756e-03
1.559313725490191031e-03
1.515196078431367641e-03
1.508333333333328327e-03
1.551470588235289143e-03
1.574509803921563412e-03
1.535294117647053756e-03
1.524999999999995109e-03
1.561274509803916395e-03
1.542156862745093070e-03
1.535784313725485151e-03
1.532352941176465602e-03
1.598529411764700687e-03
1.532843137254896997e-03
1.553921568627445902e-03
1.515196078431367641e-03
1.591666666666661373e-03
1.524999999999995109e-03
1.563725490196073370e-03
1.542156862745093070e-03
1.519117647058818585e-03
1.562745098039210797e-03
1.527450980392151868e-03
1.487254901960779422e-03
1.574019607843132017e-03
1.564215686274504765e-03
1.557843137254896846e-03
1.481862745098034293e-03
1.524509803921563714e-03
1.523039215686269529e-03
1.503431372549014810e-03
1.543137254901955644e-03
1.485294117647054058e-03
1.570098039215681073e-03
1.521568627450975344e-03
1.473039215686269615e-03
1.538725490196073305e-03
1.487254901960779422e-03
1.523529411764700924e-03
1.501960784313720624e-03
1.523529411764700924e-03
1.521078431372544166e-03
1.521568627450975344e-03
1.535784313725485151e-03
1.473039215686269615e-03
1.508333333333328327e-03
1.500980392156857834e-03
1.547058823529406804e-03
1.545588235294112619e-03
1.497058823529406890e-03
1.517156862745093005e-03
1.560784313725485000e-03
1.545098039215681224e-03
1.533823529411759787e-03
1.560784313725485000e-03
1.478921568627446139e-03
1.521078431372544166e-03
1.499509803921563649e-03
1.457843137254897234e-03
1.480392156862740324e-03
1.528921568627446053e-03
1.461764705882348178e-03
1.461764705882348178e-03
1.501470588235289229e-03
1.525490196078426505e-03
1.478921568627446139e-03
1.487254901960779639e-03
1.538725490196073305e-03
1.491666666666661761e-03
1.534803921568622361e-03
1.482352941176465688e-03
1.483333333333328478e-03
1.474019607843132405e-03
1.471568627450975646e-03
1.494117647058818736e-03
1.448039215686269766e-03
1.478921568627446139e-03
1.515686274509799036e-03
1.491666666666661761e-03
1.471568627450975646e-03
1.506372549019602963e-03
1.480392156862740324e-03
1.530392156862740022e-03
1.468627450980387276e-03
1.461764705882348178e-03
1.507352941176465753e-03
1.464705882352936332e-03
1.449999999999995346e-03
1.468627450980387276e-03
1.500490196078426439e-03
1.536764705882347941e-03
1.455882352941171654e-03
1.462254901960779573e-03
1.461274509803916783e-03
1.426470588235289466e-03
1.488725490196073607e-03
1.407352941176465925e-03
1.482843137254897083e-03
1.435294117647054144e-03
1.429411764705877620e-03
1.487254901960779422e-03
1.461274509803916783e-03
1.479411764705877534e-03
1.419607843137250369e-03
1.487745098039210817e-03
1.442647058823524637e-03
1.477941176470583349e-03
1.475490196078426590e-03
1.447549019607838371e-03
1.481862745098034293e-03
1.409803921568622900e-03
1.428431372549015047e-03
1.480392156862740324e-03
1.459803921568622815e-03
1.436764705882348329e-03
1.435784313725485539e-03
1.445098039215681612e-03
1.449509803921563951e-03
1.510294117647053907e-03
1.401470588235289617e-03
1.451470588235289315e-03
1.487254901960779422e-03
1.451470588235289315e-03
1.412745098039211054e-03
1.456862745098034444e-03
1.413725490196073844e-03
1.402941176470583803e-03
1.418627450980387578e-03
1.453431372549014895e-03
1.420098039215681764e-03
1.403431372549014981e-03
1.452941176470583500e-03
1.417647058823524788e-03
1.438235294117642515e-03
1.433333333333328781e-03
