5.377450980392139632e-04
6.200980392156843274e-04
6.632352941176449272e-04
6.720588235294096052e-04
6.416666666666646273e-04
7.308823529411740891e-04
7.446078431372526096e-04
7.328431372548995610e-04
7.661764705882329095e-04
7.524509803921543890e-04
8.191176470588209775e-04
8.186274509803895824e-04
8.450980392156835080e-04
8.343137254901934665e-04
8.774509803921539579e-04
9.200980392156833795e-04
9.387254901960753089e-04
9.573529411764675635e-04
9.490196078431341721e-04
9.480392156862714904e-04
9.475490196078400953e-04
9.651960784313694513e-04
9.980392156862714047e-04
9.990196078431339780e-04
9.691176470588203952e-04
1.030392156862741963e-03
1.015686274509800761e-03
1.024509803921565439e-03
1.004901960784310502e-03
1.033333333333330117e-03
1.032352941176467327e-03
1.040196078431369214e-03
1.014215686274506575e-03
1.016176470588232156e-03
1.046568627450977134e-03
1.101960784313721744e-03
1.026960784313722197e-03
1.042156862745094795e-03
1.028921568627447561e-03
1.074509803921565353e-03
1.044117647058820158e-03
1.050490196078428078e-03
1.055882352941173207e-03
1.059313725490192756e-03
1.074509803921565353e-03
1.060784313725486941e-03
1.076470588235290717e-03
1.115196078431368977e-03
1.132352941176466938e-03
1.085294117647055178e-03
1.096568627450977048e-03
1.068627450980388829e-03
1.120098039215682711e-03
1.109803921568623848e-03
1.111274509803918033e-03
1.086764705882349580e-03
1.033823529411761512e-03
1.107352941176467090e-03
1.124999999999996229e-03
1.106372549019604299e-03
1.071568627450976982e-03
1.117647058823525953e-03
1.086274509803918185e-03
1.081372549019604451e-03
1.109803921568623848e-03
1.101470588235290565e-03
1.124509803921565050e-03
1.093137254901957282e-03
1.136274509803917882e-03
1.099509803921565202e-03
1.098039215686271016e-03
1.107843137254898485e-03
1.073529411764702563e-03
1.140196078431369043e-03
1.134313725490192519e-03
1.127450980392153204e-03
1.098039215686271016e-03
1.082843137254898636e-03
1.120588235294114107e-03
1.113725490196075009e-03
1.118627450980388526e-03
1.100490196078427992e-03
1.097058823529408226e-03
1.080392156862741660e-03
1.122549019607839687e-03
1.072058823529408378e-03
1.138725490196074858e-03
1.123529411764702260e-03
1.063725490196075095e-03
1.134313725490192519e-03
1.085784313725486790e-03
1.148529411764702326e-03
1.128921568627447389e-03
1.076470588235290717e-03
1.081372549019604234e-03
1.108333333333329880e-03
1.140196078431369043e-03
1.120588235294114107e-03
1.085784313725486790e-03
1.118137254901957348e-03
1.098529411764702412e-03
1.065686274509800675e-03
1.111274509803918033e-03
1.122549019607839687e-03
1.111274509803918033e-03
1.054901960784310417e-03
1.090196078431369129e-03
1.128431372549015994e-03
1.089705882352937734e-03
1.127941176470584599e-03
1.100490196078427992e-03
1.102941176470584751e-03
1.138235294117643463e-03
1.089215686274506338e-03
1.090686274509800524e-03
1.086274509803918185e-03
1.073529411764702563e-03
1.098529411764702412e-03
1.115686274509800372e-03
1.137745098039212067e-03
1.129901960784310180e-03
1.090686274509800524e-03
1.116176470588231768e-03
1.098039215686271016e-03
1.072549019607839773e-03
1.112745098039212219e-03
1.153921568627447238e-03
1.088725490196074943e-03
1.098039215686271016e-03
1.069607843137251619e-03
1.121078431372545502e-03
1.078921568627447692e-03
1.102450980392153355e-03
1.092647058823525887e-03
1.123039215686270865e-03
1.124509803921565050e-03
1.081862745098035846e-03
1.103921568627447324e-03
1.139215686274506253e-03
1.114215686274506187e-03
1.098039215686271016e-03
1.098529411764702412e-03
1.095098039215682863e-03
1.127450980392153204e-03
1.090196078431369129e-03
1.120098039215682711e-03
1.112745098039212219e-03
1.133823529411761124e-03
1.106862745098035694e-03
1.123529411764702260e-03
1.112254901960780824e-03
1.105882352941172904e-03
1.085784313725486790e-03
1.143137254901957197e-03
1.117156862745094341e-03
1.101470588235290565e-03
1.073039215686271168e-03
1.098529411764702412e-03
1.102450980392153355e-03
1.128921568627447389e-03
1.112254901960780824e-03
1.133333333333329728e-03
1.122058823529408292e-03
1.107352941176467090e-03
1.124509803921565050e-03
1.097549019607839621e-03
1.072058823529408378e-03
1.108823529411761275e-03
1.131862745098035543e-03
1.058333333333329965e-03
1.104411764705878936e-03
1.128431372549015994e-03
1.068627450980388829e-03
1.097549019607839621e-03
1.118137254901957348e-03
1.141666666666663011e-03
1.094117647058820073e-03
1.109803921568623848e-03
1.129901960784310180e-03
1.093137254901957282e-03
1.092156862745094709e-03
1.141666666666663011e-03
1.125490196078427841e-03
1.120098039215682711e-03
1.090686274509800524e-03
1.109803921568623848e-03
1.093137254901957282e-03
1.104411764705878936e-03
1.102450980392153355e-03
1.140686274509800221e-03
1.091666666666663314e-03
1.093137254901957282e-03
1.133823529411760907e-03
1.101960784313721960e-03
1.134803921568623914e-03
1.129901960784310180e-03
1.129901960784309963e-03
1.124999999999996446e-03
1.148039215686270931e-03
1.124999999999996446e-03
1.084313725490192604e-03
1.135294117647055309e-03
1.134803921568623914e-03
1.125980392156859236e-03
1.115686274509800372e-03
1.121568627450976897e-03
1.092647058823525887e-03
1.153431372549016060e-03
1.120098039215682711e-03
1.123529411764702260e-03
1.092647058823525887e-03
1.119607843137251316e-03
1.084803921568623999e-03
1.094117647058820073e-03
1.102941176470584751e-03
1.085784313725486790e-03
1.133333333333329728e-03
1.113725490196075009e-03
1.133823529411761124e-03
1.129411764705878785e-03
1.079411764705878870e-03
1.081372549019604451e-03
1.134313725490192519e-03
1.117156862745094558e-03
1.094117647058820073e-03
1.096078431372545653e-03
1.125490196078427841e-03
1.119607843137251316e-03
1.091176470588231919e-03
1.131862745098035543e-03
1.113235294117643614e-03
1.070098039215683014e-03
1.078921568627447692e-03
1.129901960784310180e-03
1.135294117647055309e-03
1.113725490196075009e-03
1.087745098039212370e-03
1.108823529411761275e-03
1.113725490196075009e-03
1.091666666666663314e-03
1.055392156862741812e-03
1.117647058823525953e-03
1.065686274509800675e-03
1.057843137254898570e-03
1.165686274509800287e-03
1.083333333333330031e-03
1.139705882352937648e-03
1.096568627450977048e-03
1.138725490196074858e-03
1.153431372549016060e-03
1.080882352941173056e-03
1.132843137254898333e-03
1.058333333333329965e-03
1.063725490196075095e-03
1.124999999999996446e-03
1.127450980392153204e-03
1.120098039215682711e-03
1.133823529411761124e-03
1.099509803921565202e-03
1.092156862745094709e-03
1.126960784313722026e-03
1.096078431372545653e-03
1.134313725490192519e-03
1.126470588235290631e-03
1.131862745098035543e-03
1.097058823529408226e-03
1.078431372549016297e-03
1.109803921568623848e-03
1.125490196078427841e-03
1.073039215686271168e-03
1.122549019607839687e-03
1.152450980392153270e-03
1.114215686274506187e-03
1.112745098039212002e-03
1.115196078431368977e-03
1.124999999999996446e-03
1.130882352941172970e-03
1.052450980392153658e-03
1.089705882352937734e-03
1.124509803921565050e-03
1.113235294117643614e-03
1.079901960784310265e-03
1.126960784313722026e-03
1.118627450980388526e-03
1.108823529411761275e-03
1.124019607843133655e-03
1.163725490196074706e-03
1.120098039215682711e-03
1.074509803921565353e-03
1.154901960784310028e-03
1.089705882352937734e-03
1.090196078431369129e-03
1.124999999999996446e-03
1.097549019607839621e-03
1.085784313725486790e-03
1.125490196078427841e-03
1.065686274509800675e-03
1.098039215686271016e-03
1.105392156862741509e-03
1.120588235294114107e-03
1.109803921568623848e-03
1.099509803921565202e-03
1.131862745098035543e-03
1.090686274509800524e-03
1.075490196078427710e-03
1.118627450980388526e-03
1.085294117647055395e-03
1.054901960784310417e-03
1.138725490196074858e-03
1.132843137254898333e-03
1.092156862745094709e-03
1.102941176470584751e-03
1.133333333333329728e-03
1.116176470588231768e-03
1.125490196078427841e-03
1.118137254901957348e-03
1.119607843137251316e-03
1.086274509803918185e-03
1.092647058823525887e-03
1.112254901960780824e-03
1.132352941176466938e-03
1.117647058823525953e-03
1.146568627450976745e-03
1.151960784313721875e-03
1.100980392156859170e-03
1.101470588235290565e-03
1.101470588235290565e-03
1.078921568627447692e-03
1.148039215686270931e-03
1.091666666666663314e-03
1.116666666666663163e-03
1.101960784313721960e-03
1.100980392156859170e-03
1.117156862745094558e-03
1.100980392156859170e-03
1.140686274509800221e-03
1.084313725490192604e-03
1.150980392156859084e-03
1.082843137254898636e-03
1.106862745098035694e-03
1.086274509803918185e-03
1.127941176470584599e-03
1.088235294117643548e-03
1.075980392156859321e-03
1.088235294117643548e-03
1.074999999999996531e-03
1.100980392156859170e-03
1.134803921568623914e-03
1.106372549019604299e-03
1.080392156862741660e-03
1.115686274509800372e-03
1.093627450980388677e-03
1.094607843137251468e-03
1.104411764705878936e-03
1.128431372549015994e-03
1.118627450980388526e-03
1.098529411764702412e-03
1.117647058823525953e-03
1.122549019607839687e-03
1.049999999999996683e-03
1.101470588235290565e-03
1.115196078431368977e-03
1.135294117647055309e-03
1.076470588235290717e-03
1.127450980392153204e-03
1.094117647058820073e-03
1.077941176470584902e-03
1.083823529411761209e-03
1.109313725490192670e-03
1.107843137254898485e-03
1.125980392156859236e-03
1.141666666666663011e-03
1.105882352941172904e-03
1.085294117647055395e-03
1.086274509803918185e-03
1.132843137254898333e-03
1.124999999999996229e-03
1.124999999999996446e-03
1.113725490196075009e-03
1.127941176470584599e-03
1.134803921568623914e-03
1.051960784313722263e-03
1.126960784313722026e-03
1.099019607843133807e-03
1.121568627450976897e-03
1.092156862745094709e-03
1.105882352941172904e-03
1.113725490196075009e-03
1.130392156862741575e-03
1.119607843137251316e-03
1.084313725490192604e-03
1.128921568627447389e-03
1.174019607843133570e-03
1.127450980392153204e-03
1.135784313725486704e-03
1.083333333333330031e-03
1.076960784313722112e-03
1.066176470588231853e-03
1.134313725490192519e-03
1.149019607843133721e-03
1.152941176470584665e-03
1.103921568627447541e-03
1.116666666666663163e-03
1.101960784313721960e-03
1.125490196078427841e-03
1.112745098039212219e-03
1.121568627450976680e-03
1.095588235294114258e-03
1.104411764705878936e-03
1.125490196078427841e-03
1.074999999999996531e-03
1.176470588235290328e-03
1.090196078431369129e-03
1.129901960784310180e-03
1.106862745098035694e-03
1.088725490196074943e-03
1.127450980392153204e-03
1.121568627450976897e-03
1.075490196078427926e-03
1.127941176470584599e-03
1.098039215686271016e-03
1.119117647058819921e-03
1.112745098039212219e-03
1.117647058823525953e-03
1.115686274509800372e-03
1.085784313725486790e-03
1.124019607843133655e-03
1.090196078431369129e-03
1.089705882352937734e-03
1.104901960784310331e-03
1.115686274509800372e-03
1.088235294117643548e-03
1.080882352941173056e-03
1.126960784313722026e-03
1.149019607843133721e-03
1.104901960784310331e-03
1.099509803921565202e-03
1.102450980392153355e-03
1.076470588235290717e-03
1.142647058823525802e-03
1.081862745098035846e-03
1.086274509803918185e-03
1.107352941176467090e-03
1.087745098039212370e-03
1.140196078431369043e-03
1.110784313725486638e-03
1.122058823529408292e-03
1.071568627450976982e-03
1.067647058823526039e-03
1.076960784313722112e-03
1.115686274509800372e-03
1.123039215686270865e-03
1.121568627450976897e-03
1.086764705882349580e-03
1.107352941176467090e-03
1.107843137254898485e-03
1.079901960784310265e-03
1.104901960784310331e-03
1.118137254901957348e-03
1.076960784313722112e-03
1.124509803921565050e-03
1.152450980392153270e-03
1.109803921568623848e-03
1.086764705882349580e-03
1.086764705882349580e-03
1.096078431372545653e-03
1.080392156862741660e-03
1.077450980392153507e-03
1.083823529411761209e-03
1.114705882352937582e-03
1.104411764705878936e-03
1.123039215686270865e-03
1.129901960784310180e-03
1.135784313725486704e-03
1.115686274509800372e-03
1.076470588235290717e-03
1.117647058823525953e-03
1.132843137254898333e-03
1.127450980392153204e-03
1.083333333333330031e-03
1.099999999999996597e-03
1.112254901960780824e-03
1.118137254901957348e-03
1.146078431372545350e-03
1.124019607843133655e-03
1.137254901960780672e-03
1.118627450980388526e-03
1.100490196078427992e-03
1.112254901960780824e-03
1.109313725490192670e-03
1.080392156862741660e-03
1.118627450980388526e-03
1.118627450980388526e-03
1.059803921568623934e-03
1.111764705882349429e-03
1.117156862745094558e-03
1.083823529411761209e-03
1.129411764705878785e-03
1.137254901960780672e-03
1.087254901960780975e-03
1.090196078431369129e-03
1.080392156862741660e-03
1.135294117647055092e-03
1.120098039215682711e-03
1.090686274509800524e-03
1.125490196078427841e-03
1.104411764705878936e-03
1.122549019607839687e-03
1.119607843137251316e-03
1.131862745098035543e-03
1.095098039215682863e-03
1.053431372549016231e-03
1.142647058823525802e-03
1.102450980392153355e-03
1.114215686274506187e-03
1.099019607843133807e-03
1.062745098039212304e-03
1.116176470588231768e-03
1.091666666666663314e-03
1.112745098039212219e-03
1.145588235294113955e-03
1.118627450980388309e-03
1.104901960784310331e-03
1.098529411764702412e-03
1.102450980392153355e-03
1.112254901960780824e-03
1.131372549019604365e-03
1.101470588235290565e-03
1.056862745098035997e-03
1.092156862745094709e-03
1.125490196078427841e-03
1.168627450980388440e-03
1.095098039215682863e-03
1.149019607843133721e-03
1.103431372549016146e-03
1.111274509803918033e-03
1.125490196078427841e-03
1.074999999999996531e-03
1.084313725490192604e-03
1.102450980392153355e-03
1.096568627450977048e-03
1.065196078431369280e-03
1.153921568627447238e-03
1.111274509803918033e-03
1.145588235294113955e-03
1.118627450980388526e-03
1.093137254901957282e-03
1.094117647058820073e-03
1.122549019607839687e-03
1.136274509803917882e-03
1.095098039215682863e-03
1.042647058823526190e-03
1.138235294117643463e-03
1.104901960784310331e-03
1.126960784313722026e-03
1.091176470588231919e-03
1.113235294117643614e-03
1.094607843137251468e-03
1.050490196078428078e-03
1.100980392156859170e-03
1.143627450980388592e-03
1.130882352941172970e-03
1.089705882352937734e-03
1.108333333333329880e-03
1.060294117647055546e-03
1.119117647058819921e-03
1.122058823529408292e-03
1.063235294117643700e-03
1.102450980392153355e-03
1.098039215686271016e-03
1.136274509803917882e-03
1.090196078431369129e-03
1.149019607843133721e-03
1.137254901960780672e-03
1.106862745098035694e-03
1.099999999999996597e-03
1.128921568627447389e-03
1.108333333333329880e-03
1.115196078431368977e-03
1.098039215686271016e-03
1.110294117647055243e-03
1.139705882352937648e-03
1.076470588235290717e-03
1.088725490196074943e-03
1.088235294117643548e-03
1.097549019607839621e-03
1.158333333333329577e-03
1.111274509803918033e-03
1.146568627450976745e-03
1.122058823529408292e-03
1.128431372549015994e-03
1.090196078431369129e-03
1.149509803921564899e-03
1.085784313725486790e-03
1.106372549019604299e-03
1.066666666666663248e-03
1.128921568627447389e-03
1.120588235294114107e-03
1.115686274509800372e-03
1.105392156862741509e-03
1.104901960784310331e-03
1.114705882352937582e-03
1.109313725490192670e-03
1.096078431372545653e-03
1.103921568627447541e-03
1.091176470588231919e-03
1.132843137254898333e-03
1.096078431372545653e-03
1.127941176470584599e-03
1.098039215686271016e-03
1.106372549019604299e-03
1.138725490196074858e-03
1.103921568627447541e-03
1.100980392156859170e-03
1.142156862745094406e-03
1.067647058823526039e-03
1.149509803921564899e-03
1.098529411764702412e-03
1.098039215686271016e-03
1.071078431372545587e-03
1.108823529411761275e-03
1.126960784313722026e-03
1.104411764705878719e-03
1.109803921568623848e-03
1.120098039215682711e-03
1.116176470588231768e-03
1.109803921568623848e-03
1.099509803921565202e-03
1.123529411764702260e-03
1.175980392156858933e-03
1.130392156862741575e-03
1.122058823529408292e-03
1.149019607843133721e-03
1.124509803921565050e-03
1.107843137254898485e-03
1.119117647058819921e-03
1.115686274509800372e-03
1.092647058823525887e-03
1.089215686274506122e-03
1.099999999999996597e-03
1.113725490196075009e-03
1.124509803921565050e-03
1.124019607843133655e-03
1.101960784313721960e-03
1.124509803921565050e-03
1.098039215686271016e-03
1.070588235294114192e-03
1.094607843137251468e-03
1.135784313725486704e-03
1.092647058823525887e-03
1.127450980392153204e-03
1.102941176470584751e-03
1.070588235294114192e-03
1.089215686274506122e-03
1.102450980392153355e-03
1.056372549019604602e-03
1.128921568627447389e-03
1.124019607843133655e-03
1.108333333333329880e-03
1.101960784313721960e-03
1.094607843137251468e-03
1.127941176470584599e-03
1.131372549019604365e-03
1.116176470588231768e-03
1.087254901960780975e-03
1.076960784313722112e-03
1.118137254901957348e-03
1.117156862745094558e-03
1.099999999999996597e-03
1.072549019607839773e-03
1.113235294117643614e-03
1.104411764705878936e-03
1.085784313725486790e-03
1.073039215686271168e-03
1.085784313725486790e-03
1.130882352941172970e-03
1.113725490196075009e-03
1.093627450980388677e-03
1.132843137254898333e-03
1.058333333333329965e-03
1.074509803921565353e-03
1.133823529411761124e-03
1.127941176470584599e-03
1.066666666666663248e-03
1.104411764705878936e-03
1.105882352941172904e-03
1.136764705882349277e-03
1.105882352941172904e-03
1.085784313725486790e-03
1.124999999999996446e-03
1.098039215686271016e-03
1.132352941176466938e-03
1.093627450980388677e-03
1.125490196078427841e-03
1.111764705882349429e-03
1.156372549019604214e-03
1.100980392156859170e-03
1.151960784313721875e-03
1.086764705882349580e-03
1.090196078431369129e-03
1.123039215686270865e-03
1.096568627450976614e-03
1.081862745098035846e-03
1.137745098039212067e-03
1.103431372549016146e-03
1.098039215686271016e-03
1.106862745098035694e-03
1.104901960784310331e-03
1.121078431372545502e-03
1.141666666666663011e-03
1.110294117647055026e-03
1.126470588235290631e-03
1.116666666666663163e-03
1.122549019607839687e-03
1.091666666666663314e-03
1.126470588235290631e-03
1.113725490196075009e-03
1.101960784313721744e-03
1.109803921568623848e-03
1.130392156862741575e-03
1.090196078431369129e-03
1.124509803921565050e-03
1.133333333333329728e-03
1.099509803921565202e-03
1.057843137254898570e-03
1.100490196078427992e-03
1.113235294117643614e-03
1.129901960784310180e-03
1.159803921568623762e-03
1.132843137254898333e-03
1.123039215686270648e-03
1.169117647058819836e-03
1.099509803921565202e-03
1.075490196078427926e-03
1.102450980392153355e-03
1.100490196078427992e-03
1.099509803921565202e-03
1.083823529411761209e-03
1.140686274509800221e-03
1.126470588235290631e-03
1.142647058823525802e-03
1.116666666666663163e-03
1.106862745098035694e-03
1.116666666666663163e-03
1.123039215686270865e-03
1.091666666666663314e-03
1.121078431372545502e-03
1.147549019607839536e-03
1.068627450980388829e-03
1.119607843137251316e-03
1.120588235294114107e-03
1.109803921568623848e-03
1.131862745098035543e-03
1.094607843137251468e-03
1.086274509803918185e-03
1.099509803921565202e-03
1.073529411764702563e-03
1.117647058823525953e-03
1.117156862745094558e-03
1.079411764705878870e-03
1.103921568627447541e-03
1.098039215686271016e-03
1.081372549019604451e-03
1.144607843137251382e-03
1.115196078431368977e-03
1.147058823529408141e-03
1.103921568627447324e-03
1.167647058823525650e-03
1.102450980392153355e-03
1.142647058823525802e-03
1.059313725490192756e-03
1.150980392156859084e-03
1.088235294117643331e-03
1.085784313725486790e-03
1.112254901960780824e-03
1.112745098039212219e-03
1.099509803921565202e-03
1.091176470588231919e-03
1.117156862745094558e-03
1.135784313725486704e-03
1.112745098039212219e-03
1.086764705882349580e-03
1.073039215686271168e-03
1.079411764705878870e-03
1.108333333333329880e-03
1.113725490196075009e-03
1.111764705882349429e-03
1.110294117647055243e-03
1.083333333333330031e-03
1.114705882352937582e-03
1.127941176470584599e-03
1.093137254901957282e-03
1.124999999999996446e-03
1.088725490196074943e-03
1.096078431372545653e-03
1.124509803921565050e-03
1.104411764705878936e-03
1.104411764705878936e-03
1.129901960784310180e-03
1.139705882352937648e-03
1.140686274509800221e-03
1.107352941176467090e-03
1.168137254901957045e-03
1.070098039215682797e-03
1.056372549019604602e-03
1.052450980392153658e-03
1.091666666666663314e-03
1.069607843137251619e-03
1.131862745098035543e-03
1.117647058823525953e-03
1.129411764705878785e-03
1.100490196078427992e-03
1.115196078431368977e-03
1.123529411764702260e-03
1.127450980392153204e-03
1.080392156862741660e-03
1.112745098039212219e-03
1.108823529411761058e-03
1.104411764705878936e-03
1.086764705882349580e-03
1.116666666666663163e-03
1.085784313725486790e-03
1.072058823529408378e-03
1.110784313725486638e-03
1.078921568627447692e-03
1.070588235294114192e-03
1.102941176470584751e-03
1.137254901960780672e-03
1.122549019607839687e-03
1.120098039215682711e-03
1.129901960784310180e-03
1.109313725490192670e-03
1.120588235294114107e-03
1.128431372549015994e-03
1.056862745098035997e-03
1.094607843137251468e-03
1.106372549019604299e-03
1.133333333333329728e-03
1.086274509803917968e-03
1.120588235294114107e-03
1.105882352941172904e-03
1.110294117647055243e-03
1.148039215686270931e-03
1.087254901960780975e-03
1.115196078431368977e-03
1.119117647058819921e-03
1.088235294117643548e-03
1.100980392156859170e-03
1.109803921568623848e-03
1.088235294117643548e-03
1.114705882352937582e-03
1.075490196078427926e-03
1.134313725490192519e-03
1.107352941176467090e-03
1.066176470588231853e-03
1.112745098039212219e-03
1.094607843137251468e-03
1.118137254901957348e-03
1.130882352941172970e-03
1.102941176470584751e-03
1.096078431372545653e-03
1.109803921568623848e-03
1.159313725490192151e-03
1.128431372549015994e-03
1.084313725490192604e-03
1.101960784313721960e-03
1.140686274509800221e-03
1.132843137254898333e-03
1.136764705882349277e-03
1.088725490196074943e-03
1.098529411764702412e-03
1.109313725490192670e-03
1.105882352941172904e-03
1.103431372549016146e-03
1.113725490196075009e-03
1.129411764705878785e-03
1.104411764705878936e-03
1.082352941176467241e-03
1.117647058823525953e-03
1.062254901960780909e-03
1.121568627450976897e-03
1.112254901960780607e-03
1.058333333333329965e-03
1.111764705882349429e-03
1.101470588235290565e-03
1.159313725490192367e-03
1.102941176470584751e-03
1.151960784313721875e-03
1.151960784313721875e-03
1.097549019607839621e-03
1.063235294117643700e-03
1.087745098039212370e-03
1.109313725490192670e-03
1.129901960784310180e-03
1.102450980392153355e-03
1.090196078431369129e-03
1.148039215686270931e-03
1.070098039215683014e-03
1.090196078431369129e-03
1.098529411764702412e-03
1.060294117647055329e-03
1.143627450980388592e-03
1.095098039215682863e-03
1.126470588235290631e-03
1.110294117647055243e-03
1.101470588235290565e-03
1.110294117647055243e-03
1.095098039215682863e-03
1.083823529411761209e-03
1.097058823529408226e-03
1.091176470588231919e-03
1.087254901960780975e-03
1.129901960784310180e-03
1.114215686274506187e-03
1.099509803921565202e-03
1.110784313725486638e-03
1.109803921568623848e-03
1.120588235294114107e-03
1.105882352941172904e-03
1.112745098039212219e-03
1.083823529411760992e-03
1.106372549019604299e-03
1.149509803921564899e-03
1.124509803921565050e-03
1.082352941176467241e-03
1.082843137254898636e-03
1.100980392156859170e-03
1.133333333333329728e-03
1.124999999999996229e-03
1.115196078431368977e-03
1.085784313725486790e-03
1.123039215686270865e-03
1.116666666666663163e-03
1.075490196078427926e-03
1.092156862745094709e-03
1.083333333333330031e-03
1.113725490196075009e-03
1.114705882352937582e-03
1.108823529411761275e-03
1.091176470588231919e-03
1.111764705882349429e-03
1.130882352941172970e-03
1.093137254901957282e-03
1.095098039215682863e-03
1.065686274509800675e-03
1.072549019607839773e-03
1.114705882352937582e-03
1.130392156862741575e-03
1.103921568627447541e-03
1.141176470588231616e-03
1.067647058823526039e-03
1.053921568627447626e-03
1.120098039215682711e-03
1.101960784313721960e-03
1.110784313725486638e-03
1.116176470588231768e-03
1.134313725490192519e-03
1.110784313725486638e-03
1.081372549019604451e-03
1.080392156862741660e-03
1.105882352941172904e-03
1.061764705882349514e-03
1.122058823529408292e-03
1.083823529411761209e-03
1.096568627450977048e-03
1.126470588235290631e-03
1.078431372549016297e-03
1.099509803921565202e-03
1.122058823529408292e-03
1.124509803921565050e-03
1.124509803921565050e-03
1.138235294117643463e-03
1.132843137254898333e-03
1.115196078431368977e-03
1.159803921568623762e-03
1.115686274509800372e-03
1.139215686274506253e-03
1.084313725490192604e-03
1.143137254901957197e-03
1.127941176470584599e-03
1.107843137254898485e-03
1.135294117647055309e-03
1.136764705882349277e-03
1.107843137254898485e-03
1.096568627450977048e-03
1.060784313725486724e-03
1.074509803921565353e-03
1.104411764705878936e-03
1.114705882352937582e-03
1.090686274509800524e-03
1.091666666666663314e-03
1.086764705882349580e-03
1.114215686274506187e-03
1.100490196078427992e-03
1.108823529411761275e-03
1.086764705882349580e-03
1.130392156862741575e-03
1.134803921568623914e-03
1.112254901960780824e-03
1.116176470588231768e-03
1.141666666666663011e-03
1.270588235294113633e-03
1.296078431372544876e-03
1.334313725490191742e-03
1.409313725490191505e-03
1.414705882352936634e-03
1.487254901960779422e-03
1.444607843137250217e-03
1.518137254901955795e-03
1.608333333333328155e-03
1.679901960784308153e-03
1.655392156862739699e-03
1.644117647058818046e-03
1.637254901960778948e-03
1.695588235294112362e-03
1.713235294117641501e-03
1.663235294117641587e-03
1.635784313725484763e-03
1.622549019607837746e-03
1.672549019607837660e-03
1.616666666666661438e-03
1.660784313725484828e-03
1.688725490196072831e-03
1.649509803921563175e-03
1.656372549019602706e-03
1.604901960784308390e-03
1.649509803921563175e-03
1.629901960784308455e-03
1.638725490196073133e-03
1.603921568627445816e-03
1.619607843137249592e-03
1.581372549019602726e-03
1.618627450980387019e-03
1.574999999999994807e-03
1.587745098039210646e-03
1.633333333333328004e-03
1.621568627450975172e-03
1.530882352941171417e-03
1.581372549019602726e-03
1.553921568627445902e-03
1.521078431372544166e-03
1.544117647058818434e-03
1.563235294117641975e-03
1.559313725490191031e-03
1.517647058823524400e-03
1.507352941176465753e-03
1.546568627450975409e-03
1.515686274509799036e-03
1.487745098039210817e-03
1.499019607843132471e-03
1.503431372549014810e-03
1.493137254901955946e-03
1.453431372549014895e-03
1.470588235294112856e-03
1.494117647058818736e-03
1.534313725490190966e-03
1.452450980392152105e-03
1.466666666666661912e-03
1.436764705882348329e-03
1.424019607843132708e-03
1.407843137254897320e-03
1.473039215686269615e-03
1.472549019607838437e-03
1.459313725490191420e-03
1.482843137254897083e-03
1.435784313725485539e-03
1.403431372549014981e-03
1.446568627450975798e-03
1.436274509803916934e-03
1.421078431372544337e-03
1.464215686274505154e-03
1.488235294117642212e-03
1.439215686274505088e-03
1.464215686274505154e-03
1.425980392156858071e-03
1.441666666666662064e-03
1.454411764705877685e-03
1.438235294117642298e-03
1.416176470588230603e-03
1.432843137254897386e-03
1.374509803921564188e-03
1.423529411764701312e-03
1.417647058823524788e-03
1.401470588235289617e-03
1.352941176470583888e-03
1.387254901960779810e-03
1.417647058823524788e-03
1.423039215686269917e-03
1.373529411764701398e-03
1.392647058823524939e-03
1.427941176470583651e-03
1.392156862745093544e-03
1.378431372549015132e-03
1.383333333333328866e-03
1.399509803921564037e-03
1.405882352941171956e-03
1.411764705882348264e-03
1.424019607843132708e-03
1.406862745098034747e-03
1.346078431372544574e-03
1.404411764705877771e-03
1.406372549019603352e-03
1.443137254901956032e-03
1.360784313725485776e-03
1.406372549019603352e-03
1.392156862745093544e-03
1.400980392156858222e-03
1.370098039215681849e-03
1.350980392156858308e-03
1.365196078431368115e-03
1.406372549019603352e-03
1.404901960784309166e-03
1.459313725490191420e-03
1.444117647058818822e-03
1.433823529411759959e-03
1.461764705882348178e-03
1.464215686274505154e-03
1.460294117647053993e-03
1.437745098039211120e-03
1.457352941176465839e-03
1.530392156862740022e-03
1.467156862745093307e-03
1.460784313725485388e-03
1.444117647058818822e-03
1.511274509803916914e-03
1.519117647058818585e-03
1.473039215686269615e-03
1.476470588235289380e-03
1.479901960784308929e-03
1.520098039215681375e-03
1.484313725490191268e-03
1.484313725490191268e-03
1.508823529411759722e-03
1.480882352941171719e-03
1.498529411764701075e-03
1.481372549019603115e-03
1.541176470588230280e-03
1.523529411764700924e-03
1.531372549019603029e-03
1.459803921568622815e-03
1.479411764705877534e-03
1.496078431372544100e-03
1.528431372549014658e-03
1.458823529411760024e-03
1.425490196078426676e-03
1.510784313725485302e-03
1.524019607843132319e-03
1.479901960784308929e-03
1.473529411764701010e-03
1.471078431372544251e-03
1.516666666666661827e-03
1.473529411764701010e-03
1.500980392156857834e-03
1.518137254901955795e-03
1.479411764705877534e-03
1.495588235294112705e-03
1.473529411764701010e-03
1.524019607843132319e-03
1.520588235294112770e-03
1.457352941176465839e-03
1.559803921568622426e-03
1.483823529411759873e-03
1.535294117647053756e-03
1.442647058823524637e-03
1.499019607843132471e-03
1.507352941176465753e-03
1.463725490196073759e-03
1.467156862745093307e-03
1.454901960784309081e-03
1.412254901960779876e-03
1.481862745098034293e-03
1.484313725490191268e-03
1.488725490196073607e-03
1.461274509803916783e-03
1.454901960784309081e-03
1.449509803921563951e-03
1.501470588235289229e-03
1.515196078431367641e-03
1.500490196078426439e-03
1.460294117647053993e-03
1.438235294117642298e-03
1.478921568627446139e-03
1.471078431372544251e-03
1.476470588235289380e-03
1.484803921568622663e-03
1.465196078431367727e-03
1.485784313725485454e-03
1.471568627450975646e-03
1.416176470588230603e-03
1.455392156862740476e-03
1.495588235294112705e-03
1.476470588235289380e-03
1.498529411764701075e-03
1.456862745098034444e-03
1.398039215686270069e-03
1.490196078431367793e-03
1.445098039215681612e-03
1.519607843137249980e-03
1.459803921568622815e-03
1.420098039215681764e-03
1.446568627450975798e-03
1.424019607843132708e-03
1.424019607843132708e-03
1.426470588235289466e-03
1.486274509803916632e-03
1.457352941176465839e-03
1.477450980392151954e-03
1.434803921568622749e-03
1.409803921568622900e-03
1.474509803921563800e-03
1.444607843137250217e-03
1.447549019607838371e-03
1.499999999999995044e-03
1.475490196078426590e-03
1.463725490196073759e-03
1.430882352941171805e-03
1.500980392156857834e-03
1.422549019607838522e-03
1.487745098039210817e-03
1.457352941176465839e-03
1.515196078431367641e-03
1.486274509803916849e-03
1.385294117647054447e-03
1.448529411764701161e-03
1.426470588235289466e-03
1.467156862745093307e-03
1.421078431372544337e-03
1.458823529411760024e-03
1.440686274509799273e-03
1.438725490196073693e-03
1.443627450980387427e-03
1.434803921568622749e-03
1.488235294117642212e-03
1.448039215686269766e-03
1.411764705882348264e-03
1.452450980392152105e-03
1.445588235294113007e-03
1.466176470588230517e-03
1.444117647058818822e-03
1.432352941176465990e-03
1.445588235294113007e-03
1.430392156862740410e-03
1.459313725490191420e-03
1.462254901960779573e-03
1.454901960784309081e-03
1.418137254901956183e-03
1.449509803921563951e-03
1.407352941176465925e-03
1.465686274509799122e-03
1.458333333333328629e-03
1.479411764705877534e-03
1.434313725490191354e-03
1.410294117647054295e-03
1.447058823529406976e-03
1.408333333333328715e-03
1.409313725490191505e-03
1.411764705882348264e-03
1.453431372549014895e-03
1.445098039215681612e-03
1.446078431372544403e-03
1.374999999999995583e-03
1.411274509803917086e-03
1.443137254901956032e-03
1.456372549019603049e-03
1.384803921568623052e-03
1.417156862745093393e-03
1.429901960784309015e-03
1.445588235294113007e-03
1.420588235294112942e-03
1.438725490196073693e-03
1.432843137254897386e-03
1.428921568627446442e-03
1.398039215686270069e-03
1.388235294117642600e-03
1.436764705882348329e-03
1.409803921568623117e-03
1.451470588235289315e-03
1.443137254901956032e-03
1.438235294117642298e-03
1.417647058823524788e-03
1.419607843137250369e-03
1.444607843137250217e-03
1.482352941176465688e-03
1.387745098039211205e-03
1.386764705882348415e-03
1.444607843137250217e-03
1.424019607843132708e-03
1.423529411764701312e-03
1.387254901960779810e-03
1.438725490196073693e-03
1.432843137254897386e-03
1.421568627450975732e-03
1.365196078431368115e-03
1.385294117647054447e-03
1.355392156862740647e-03
1.421078431372544337e-03
1.438725490196073693e-03
1.486274509803916632e-03
1.424999999999995281e-03
1.336764705882348718e-03
1.409803921568622900e-03
1.399999999999995432e-03
1.427450980392152256e-03
1.407352941176465925e-03
1.498529411764701075e-03
1.420098039215681764e-03
1.451960784313720710e-03
1.409803921568622900e-03
1.379901960784309317e-03
1.396078431372544488e-03
1.394607843137250303e-03
1.374019607843132793e-03
1.421078431372544337e-03
1.420098039215681764e-03
1.382352941176466076e-03
1.401470588235289617e-03
1.485294117647054058e-03
1.417156862745093393e-03
1.387254901960779810e-03
1.458333333333328629e-03
1.398039215686270069e-03
1.405882352941171956e-03
1.366176470588230905e-03
1.403921568627446376e-03
1.454901960784309081e-03
1.397549019607838673e-03
1.410294117647054295e-03
1.423039215686269917e-03
1.399509803921564037e-03
1.448039215686269766e-03
1.408823529411760110e-03
1.383333333333329083e-03
1.408333333333328715e-03
1.387254901960779810e-03
1.409313725490191505e-03
1.377450980392152342e-03
1.368627450980387664e-03
1.398039215686270069e-03
1.342156862745093630e-03
1.402941176470583803e-03
1.376960784313720947e-03
1.359313725490191591e-03
1.398039215686270069e-03
1.373039215686270003e-03
1.370588235294113244e-03
1.391666666666662149e-03
1.394117647058819125e-03
1.412254901960779659e-03
1.407352941176465925e-03
1.381372549019603286e-03
1.362745098039211357e-03
1.396078431372544488e-03
1.401960784313721013e-03
1.371568627450976035e-03
1.413725490196073844e-03
1.421078431372544337e-03
1.349999999999995735e-03
1.389215686274505391e-03
1.376960784313720947e-03
1.406862745098034747e-03
1.377450980392152342e-03
1.413725490196073844e-03
1.457843137254897234e-03
1.386274509803917020e-03
1.400490196078426827e-03
1.417647058823524788e-03
1.380392156862740713e-03
1.399019607843132642e-03
1.385784313725485625e-03
1.404411764705877771e-03
1.413235294117642449e-03
1.372549019607838608e-03
1.398039215686270069e-03
1.398039215686270069e-03
1.385294117647054447e-03
1.454901960784309081e-03
1.392647058823524939e-03
1.424999999999995281e-03
1.371568627450976035e-03
1.358333333333329018e-03
1.377450980392152342e-03
1.388725490196073995e-03
1.375490196078426978e-03
1.327450980392152645e-03
1.353431372549015283e-03
1.364705882352936720e-03
1.373039215686270003e-03
1.370098039215681849e-03
1.399999999999995432e-03
1.351960784313721098e-03
1.324999999999995669e-03
1.388235294117642600e-03
1.339215686274505476e-03
1.342647058823525025e-03
1.368627450980387664e-03
1.364705882352936720e-03
1.406372549019603352e-03
1.347058823529407364e-03
1.409803921568622900e-03
1.395098039215681698e-03
1.371568627450976035e-03
1.346078431372544574e-03
1.358333333333329018e-03
1.330882352941172193e-03
1.391176470588230754e-03
1.370098039215681849e-03
1.372058823529407430e-03
1.374999999999995583e-03
1.373529411764701398e-03
1.374509803921564188e-03
1.316176470588230991e-03
1.395098039215681698e-03
1.349999999999995735e-03
1.406862745098034747e-03
1.389705882352936786e-03
1.393627450980387730e-03
1.361764705882348566e-03
1.344607843137250605e-03
1.373039215686270003e-03
1.349999999999995735e-03
1.337254901960780113e-03
1.322549019607838910e-03
1.370098039215681849e-03
1.366666666666662300e-03
1.388235294117642600e-03
1.347549019607838759e-03
1.408823529411760110e-03
1.398039215686270069e-03
1.371078431372544639e-03
1.331372549019603588e-03
1.312745098039211442e-03
1.351960784313721098e-03
1.370098039215681849e-03
1.322549019607838910e-03
1.382352941176466076e-03
1.354411764705878074e-03
1.348529411764701549e-03
1.341666666666662452e-03
1.328431372549015435e-03
1.366176470588230905e-03
1.339705882352936871e-03
1.326960784313721249e-03
1.381372549019603286e-03
1.401960784313721013e-03
1.337745098039211291e-03
1.317156862745093781e-03
1.318137254901956571e-03
1.380882352941172108e-03
1.349019607843132944e-03
1.327941176470584040e-03
1.351960784313721098e-03
1.328921568627446613e-03
1.362254901960779961e-03
1.303431372549015369e-03
1.339215686274505476e-03
1.327941176470584040e-03
1.355882352941172042e-03
1.356862745098034832e-03
1.382843137254897471e-03
1.349509803921564340e-03
1.346078431372544574e-03
1.347058823529407364e-03
1.335784313725485927e-03
1.399509803921564037e-03
1.357352941176466227e-03
1.324019607843133096e-03
1.327941176470584040e-03
1.392647058823524939e-03
1.368137254901956269e-03
1.399999999999995432e-03
1.312254901960780047e-03
1.359313725490191591e-03
1.367156862745093696e-03
1.286764705882348803e-03
1.366666666666662300e-03
1.319607843137250757e-03
1.340196078431368266e-03
1.371078431372544639e-03
1.331862745098034984e-03
1.331862745098034984e-03
1.372549019607838608e-03
1.324019607843133096e-03
1.355882352941172042e-03
1.350490196078426913e-03
1.327941176470584040e-03
1.325490196078427064e-03
1.333823529411760347e-03
1.344117647058819210e-03
1.376470588235289769e-03
1.280392156862741101e-03
1.348529411764701549e-03
1.331372549019603588e-03
1.331862745098034984e-03
1.305392156862740950e-03
1.294607843137250691e-03
1.334313725490191742e-03
1.329411764705878008e-03
1.316176470588230991e-03
1.361274509803917171e-03
1.330392156862740798e-03
