5.604166666666654441e-04
7.083333333333315411e-04
6.583333333333318436e-04
6.958333333333316167e-04
7.458333333333315310e-04
8.604166666666644963e-04
9.041666666666643400e-04
8.416666666666645013e-04
8.833333333333311327e-04
1.081249999999999746e-03
9.958333333333307773e-04
1.064583333333331879e-03
9.604166666666641081e-04
1.018749999999997739e-03
1.112500000000000641e-03
1.027083333333331672e-03
9.854166666666639568e-04
1.093750000000000538e-03
1.037499999999998059e-03
1.164583333333336045e-03
1.081249999999999312e-03
9.916666666666641358e-04
1.087500000000000359e-03
1.079166666666666642e-03
1.074999999999999567e-03
1.087499999999999491e-03
1.014583333333331098e-03
1.104166666666666708e-03
1.118750000000001037e-03
9.812499999999973153e-04
1.018749999999997739e-03
1.102083333333333821e-03
1.106250000000000679e-03
1.031249999999998097e-03
1.016666666666664635e-03
1.077083333333332671e-03
1.075000000000000218e-03
1.041666666666665785e-03
1.010416666666664239e-03
9.708333333333307117e-04
1.045833333333331776e-03
1.079166666666665992e-03
1.058333333333332568e-03
1.035416666666665389e-03
9.895833333333308151e-04
1.060416666666666105e-03
1.093749999999999670e-03
1.018749999999998173e-03
1.064583333333332530e-03
1.006249999999997598e-03
9.979166666666640980e-04
1.068749999999999388e-03
1.004166666666664277e-03
1.074999999999999350e-03
1.008333333333331135e-03
9.270833333333309764e-04
9.854166666666641736e-04
1.127083333333334103e-03
1.029166666666664993e-03
1.006249999999997381e-03
1.043749999999998889e-03
1.068749999999999822e-03
9.291666666666642972e-04
9.874999999999972775e-04
9.458333333333308630e-04
9.937499999999972397e-04
1.020833333333331277e-03
1.108333333333334217e-03
1.077083333333333321e-03
1.010416666666664239e-03
1.095833333333333208e-03
1.041666666666665568e-03
1.004166666666664277e-03
9.854166666666641736e-04
1.035416666666665389e-03
1.087499999999999491e-03
1.102083333333333821e-03
1.020833333333331710e-03
1.049999999999999501e-03
1.037499999999998710e-03
1.064583333333332530e-03
1.097916666666667830e-03
9.374999999999975801e-04
1.024999999999998352e-03
9.958333333333307773e-04
9.979166666666640980e-04
1.060416666666665455e-03
9.979166666666640980e-04
1.002083333333330739e-03
1.045833333333331776e-03
1.068749999999999605e-03
1.070833333333332058e-03
9.833333333333308529e-04
1.041666666666665568e-03
9.916666666666641358e-04
9.312499999999975095e-04
9.041666666666642316e-04
1.060416666666665671e-03
1.037499999999998059e-03
1.033333333333331635e-03
1.093750000000000321e-03
1.043749999999998889e-03
9.916666666666639190e-04
1.052083333333331738e-03
1.172916666666668243e-03
1.100000000000000066e-03
9.395833333333309008e-04
9.770833333333306739e-04
1.095833333333333642e-03
1.081250000000000397e-03
1.077083333333333538e-03
9.937499999999974565e-04
1.022916666666664380e-03
1.037499999999998710e-03
9.895833333333305983e-04
1.110416666666667537e-03
9.416666666666642215e-04
1.022916666666664597e-03
9.458333333333308630e-04
1.072916666666666680e-03
9.604166666666639996e-04
9.291666666666642972e-04
9.979166666666640980e-04
1.045833333333332209e-03
9.520833333333308252e-04
1.033333333333331635e-03
1.027083333333331022e-03
1.031249999999998097e-03
1.033333333333331418e-03
1.018749999999997739e-03
1.039583333333332247e-03
1.049999999999998851e-03
1.004166666666664277e-03
1.064583333333332747e-03
1.010416666666664239e-03
1.033333333333331851e-03
9.895833333333305983e-04
1.012499999999997560e-03
1.060416666666665455e-03
1.077083333333333105e-03
9.291666666666644056e-04
9.770833333333308907e-04
9.562499999999973582e-04
1.027083333333331889e-03
1.035416666666665389e-03
1.039583333333332247e-03
1.112499999999999340e-03
1.014583333333331314e-03
1.037499999999998276e-03
1.018749999999998173e-03
1.033333333333331635e-03
1.016666666666664418e-03
1.075000000000000001e-03
1.056249999999998596e-03
9.812499999999973153e-04
1.016666666666664635e-03
1.006249999999997381e-03
1.029166666666664776e-03
9.999999999999972019e-04
1.002083333333330739e-03
1.016666666666664418e-03
1.047916666666665747e-03
9.854166666666639568e-04
9.749999999999975700e-04
1.018749999999997739e-03
9.687499999999976078e-04
1.093750000000000538e-03
1.002083333333330739e-03
1.108333333333334000e-03
9.958333333333307773e-04
1.022916666666665248e-03
8.979166666666643778e-04
1.045833333333332209e-03
9.708333333333308201e-04
1.029166666666664559e-03
9.916666666666643527e-04
1.118750000000000386e-03
1.027083333333331672e-03
1.004166666666664060e-03
1.075000000000000218e-03
1.045833333333332209e-03
1.033333333333331635e-03
1.002083333333330523e-03
1.035416666666664955e-03
1.029166666666664993e-03
9.645833333333305327e-04
1.006249999999997598e-03
9.791666666666639946e-04
1.089583333333333463e-03
1.047916666666665097e-03
9.979166666666640980e-04
9.645833333333306411e-04
9.833333333333306361e-04
1.014583333333330881e-03
1.024999999999998135e-03
1.016666666666664418e-03
9.729166666666641409e-04
1.056249999999999030e-03
1.074999999999999133e-03
1.002083333333330523e-03
9.770833333333308907e-04
1.016666666666664418e-03
9.791666666666639946e-04
9.645833333333308579e-04
9.979166666666640980e-04
1.002083333333330956e-03
1.064583333333332963e-03
1.016666666666664852e-03
9.666666666666640702e-04
1.066666666666666067e-03
1.014583333333331314e-03
1.039583333333332247e-03
1.031249999999998748e-03
1.008333333333330918e-03
1.035416666666665172e-03
9.937499999999974565e-04
9.833333333333308529e-04
9.229166666666642265e-04
9.520833333333308252e-04
9.999999999999974187e-04
9.624999999999974288e-04
1.022916666666664597e-03
1.135416666666667820e-03
1.070833333333333359e-03
1.079166666666666208e-03
1.049999999999998417e-03
1.004166666666664277e-03
9.687499999999976078e-04
1.066666666666666067e-03
8.812499999999977036e-04
1.049999999999998851e-03
9.666666666666640702e-04
9.166666666666642644e-04
9.249999999999976557e-04
9.645833333333306411e-04
9.895833333333308151e-04
1.031249999999998314e-03
1.047916666666665097e-03
9.708333333333308201e-04
9.333333333333308302e-04
1.024999999999998352e-03
1.039583333333331814e-03
1.068749999999999171e-03
9.645833333333308579e-04
9.895833333333305983e-04
1.049999999999999068e-03
9.979166666666640980e-04
1.024999999999998135e-03
9.291666666666641887e-04
1.006249999999997598e-03
9.749999999999974616e-04
1.031249999999998531e-03
1.035416666666664738e-03
9.791666666666639946e-04
1.008333333333331135e-03
1.037499999999998710e-03
1.052083333333332388e-03
9.645833333333307495e-04
9.979166666666640980e-04
1.018749999999997739e-03
1.056249999999998813e-03
1.043749999999998889e-03
9.708333333333308201e-04
1.077083333333332671e-03
1.012499999999997560e-03
1.008333333333330918e-03
9.916666666666641358e-04
9.999999999999972019e-04
1.081250000000000397e-03
9.916666666666641358e-04
1.043749999999998672e-03
1.127083333333334537e-03
1.070833333333332926e-03
1.010416666666664022e-03
9.979166666666638812e-04
1.010416666666664239e-03
9.687499999999974994e-04
1.072916666666665596e-03
9.583333333333308958e-04
1.006249999999997598e-03
1.045833333333332426e-03
1.027083333333330805e-03
1.008333333333330918e-03
1.095833333333333858e-03
1.024999999999998135e-03
1.085416666666666387e-03
1.066666666666666284e-03
1.052083333333332172e-03
1.052083333333332605e-03
1.039583333333332030e-03
9.937499999999974565e-04
1.016666666666664418e-03
1.037499999999997842e-03
1.012499999999997777e-03
9.874999999999972775e-04
1.018749999999997739e-03
9.874999999999972775e-04
9.874999999999974944e-04
9.104166666666643022e-04
9.520833333333308252e-04
9.812499999999973153e-04
9.958333333333307773e-04
1.018749999999997956e-03
1.002083333333330739e-03
9.854166666666639568e-04
1.054166666666665709e-03
1.091666666666666350e-03
9.833333333333308529e-04
9.854166666666639568e-04
9.833333333333306361e-04
9.520833333333308252e-04
9.749999999999974616e-04
9.729166666666640324e-04
1.079166666666667293e-03
1.018749999999997956e-03
1.118750000000000603e-03
9.937499999999974565e-04
1.045833333333332209e-03
1.058333333333332568e-03
1.037499999999998276e-03
1.031249999999998314e-03
1.066666666666666067e-03
1.012499999999997994e-03
1.077083333333332888e-03
1.031249999999998097e-03
1.027083333333331456e-03
9.229166666666642265e-04
9.208333333333307974e-04
9.854166666666639568e-04
1.018749999999997739e-03
9.895833333333305983e-04
1.018749999999997956e-03
1.056249999999999030e-03
1.039583333333332681e-03
1.027083333333331672e-03
9.583333333333307873e-04
1.002083333333330739e-03
1.047916666666665313e-03
9.749999999999974616e-04
1.047916666666665313e-03
1.014583333333331098e-03
1.010416666666664022e-03
1.022916666666664814e-03
9.791666666666642115e-04
1.018749999999997739e-03
9.729166666666641409e-04
1.008333333333330918e-03
9.291666666666641887e-04
1.087499999999999275e-03
9.708333333333308201e-04
1.020833333333331277e-03
9.729166666666641409e-04
1.070833333333332926e-03
9.916666666666641358e-04
1.012499999999997777e-03
1.014583333333330881e-03
1.052083333333331955e-03
1.087499999999999058e-03
9.749999999999973532e-04
1.012499999999997994e-03
9.895833333333305983e-04
1.037499999999998276e-03
1.079166666666666208e-03
1.068749999999998737e-03
1.066666666666665634e-03
1.035416666666664955e-03
9.770833333333306739e-04
9.958333333333307773e-04
1.087499999999998624e-03
9.708333333333309285e-04
1.037499999999997842e-03
9.999999999999974187e-04
1.004166666666664060e-03
1.062499999999999426e-03
1.006249999999997598e-03
9.687499999999976078e-04
1.014583333333330881e-03
9.979166666666640980e-04
1.052083333333332172e-03
1.033333333333331851e-03
1.039583333333331814e-03
1.043749999999998672e-03
1.033333333333331635e-03
1.068749999999998737e-03
9.520833333333308252e-04
8.562499999999977464e-04
1.064583333333333180e-03
9.874999999999972775e-04
1.052083333333331738e-03
9.479166666666641837e-04
1.041666666666665134e-03
1.052083333333332388e-03
1.035416666666665389e-03
1.104166666666667575e-03
9.999999999999974187e-04
9.770833333333308907e-04
1.012499999999997560e-03
1.102083333333334038e-03
9.833333333333308529e-04
9.916666666666639190e-04
1.006249999999997598e-03
1.006249999999997598e-03
1.016666666666664418e-03
1.016666666666664635e-03
9.666666666666641787e-04
1.052083333333332172e-03
9.958333333333307773e-04
1.054166666666665709e-03
1.083333333333332850e-03
9.854166666666639568e-04
1.004166666666664277e-03
1.070833333333333142e-03
1.045833333333332426e-03
9.812499999999973153e-04
1.043749999999998672e-03
9.937499999999974565e-04
9.020833333333311277e-04
1.014583333333330881e-03
9.958333333333307773e-04
1.020833333333331277e-03
1.035416666666664955e-03
1.058333333333332568e-03
1.058333333333333218e-03
1.047916666666665530e-03
1.031249999999998531e-03
9.708333333333307117e-04
1.022916666666664597e-03
1.033333333333331418e-03
1.037499999999998059e-03
1.014583333333331098e-03
1.037499999999998493e-03
9.916666666666641358e-04
9.687499999999974994e-04
1.014583333333330881e-03
1.014583333333331314e-03
1.058333333333332784e-03
1.008333333333330918e-03
1.072916666666666246e-03
9.604166666666641081e-04
1.022916666666664814e-03
1.045833333333331125e-03
1.077083333333333105e-03
1.035416666666665172e-03
9.479166666666641837e-04
1.102083333333333604e-03
9.562499999999975750e-04
1.012499999999997777e-03
9.708333333333308201e-04
1.033333333333331635e-03
1.006249999999997381e-03
1.066666666666665850e-03
9.458333333333309714e-04
1.052083333333332605e-03
9.729166666666641409e-04
9.395833333333307924e-04
1.022916666666664597e-03
1.058333333333331917e-03
1.006249999999997598e-03
9.437499999999974338e-04
1.074999999999998916e-03
1.129166666666667641e-03
1.012499999999997777e-03
1.033333333333331418e-03
1.037499999999998710e-03
9.833333333333306361e-04
1.016666666666664635e-03
1.089583333333333246e-03
1.039583333333332247e-03
1.027083333333331889e-03
1.029166666666664776e-03
9.999999999999974187e-04
1.087499999999999708e-03
1.156250000000001027e-03
1.002083333333330739e-03
9.562499999999975750e-04
1.022916666666664597e-03
9.729166666666642493e-04
1.022916666666664597e-03
9.770833333333308907e-04
1.020833333333331710e-03
1.016666666666664418e-03
9.729166666666640324e-04
1.016666666666664418e-03
1.010416666666664239e-03
9.354166666666642593e-04
1.041666666666665785e-03
1.024999999999997918e-03
9.833333333333306361e-04
1.012499999999997777e-03
1.020833333333331927e-03
1.056249999999998813e-03
1.097916666666666529e-03
1.041666666666664917e-03
9.666666666666639618e-04
1.045833333333332643e-03
1.108333333333333566e-03
1.022916666666664597e-03
1.095833333333333642e-03
9.729166666666641409e-04
9.520833333333308252e-04
9.833333333333306361e-04
1.066666666666666284e-03
1.062500000000000293e-03
1.054166666666665926e-03
9.791666666666642115e-04
9.874999999999972775e-04
1.029166666666665427e-03
9.812499999999973153e-04
1.012499999999997560e-03
1.031249999999998531e-03
1.020833333333331493e-03
1.033333333333331201e-03
1.035416666666665172e-03
1.014583333333331098e-03
9.666666666666640702e-04
1.060416666666665888e-03
1.056249999999999030e-03
9.833333333333306361e-04
1.108333333333332915e-03
1.087499999999999925e-03
1.016666666666664852e-03
1.043749999999998672e-03
9.770833333333306739e-04
1.027083333333332106e-03
1.085416666666666604e-03
1.049999999999999068e-03
1.002083333333330739e-03
1.058333333333331700e-03
1.045833333333332209e-03
1.022916666666664597e-03
1.024999999999997918e-03
1.085416666666666171e-03
1.070833333333332926e-03
1.052083333333331955e-03
9.708333333333307117e-04
9.354166666666642593e-04
1.022916666666664380e-03
1.054166666666665709e-03
1.108333333333334217e-03
1.014583333333331314e-03
1.031249999999998531e-03
9.979166666666640980e-04
1.039583333333331597e-03
1.024999999999998135e-03
1.104166666666666491e-03
1.058333333333333001e-03
9.812499999999975322e-04
1.022916666666664380e-03
1.027083333333331456e-03
1.081250000000000180e-03
1.002083333333330739e-03
9.833333333333308529e-04
9.583333333333307873e-04
1.016666666666664635e-03
9.979166666666638812e-04
9.708333333333308201e-04
9.312499999999977263e-04
9.687499999999974994e-04
1.049999999999999068e-03
1.006249999999997598e-03
9.916666666666639190e-04
1.024999999999997918e-03
1.033333333333331418e-03
9.895833333333308151e-04
9.812499999999973153e-04
9.541666666666641459e-04
1.010416666666664456e-03
1.058333333333332568e-03
9.791666666666639946e-04
9.979166666666638812e-04
9.499999999999975044e-04
1.016666666666664635e-03
1.020833333333331277e-03
1.045833333333332426e-03
1.052083333333332172e-03
1.033333333333331201e-03
1.008333333333331135e-03
1.085416666666666171e-03
1.085416666666666171e-03
9.291666666666642972e-04
9.916666666666641358e-04
9.458333333333308630e-04
9.958333333333307773e-04
1.093749999999999670e-03
9.916666666666641358e-04
1.045833333333331993e-03
9.312499999999976179e-04
9.729166666666641409e-04
1.029166666666664993e-03
1.089583333333333463e-03
9.999999999999974187e-04
1.054166666666665059e-03
1.047916666666665313e-03
1.039583333333332030e-03
9.791666666666639946e-04
1.031249999999998531e-03
1.010416666666664456e-03
1.035416666666665172e-03
1.047916666666665313e-03
9.624999999999974288e-04
1.029166666666664993e-03
9.687499999999974994e-04
9.312499999999976179e-04
1.045833333333331559e-03
1.072916666666666029e-03
1.052083333333332172e-03
1.043749999999999106e-03
1.047916666666665530e-03
1.018749999999997739e-03
9.770833333333306739e-04
1.031249999999998748e-03
1.043749999999998455e-03
9.979166666666640980e-04
1.022916666666664597e-03
9.979166666666640980e-04
9.729166666666641409e-04
1.072916666666666246e-03
1.014583333333330881e-03
1.035416666666665172e-03
1.047916666666665530e-03
1.137500000000000707e-03
9.583333333333306789e-04
9.437499999999974338e-04
1.072916666666665813e-03
1.068749999999999822e-03
1.060416666666665238e-03
1.033333333333331851e-03
9.854166666666641736e-04
1.066666666666665417e-03
1.031249999999998097e-03
1.066666666666666718e-03
1.052083333333332388e-03
1.091666666666667000e-03
1.039583333333331814e-03
1.022916666666664597e-03
9.958333333333307773e-04
1.049999999999998634e-03
9.416666666666642215e-04
1.016666666666664201e-03
9.979166666666640980e-04
1.052083333333332605e-03
1.008333333333330702e-03
9.895833333333308151e-04
1.039583333333331814e-03
1.035416666666665389e-03
1.037499999999998276e-03
1.014583333333330664e-03
9.374999999999975801e-04
1.056249999999999464e-03
9.124999999999975145e-04
1.039583333333331814e-03
1.075000000000000001e-03
1.079166666666667076e-03
1.029166666666665210e-03
1.033333333333331635e-03
1.137500000000002008e-03
1.085416666666666171e-03
9.520833333333307167e-04
9.729166666666643577e-04
9.916666666666641358e-04
1.102083333333334471e-03
1.049999999999998851e-03
1.043749999999998672e-03
1.147916666666667310e-03
1.079166666666666208e-03
1.024999999999997918e-03
1.010416666666664456e-03
9.895833333333305983e-04
1.037499999999998927e-03
1.097916666666666529e-03
9.895833333333305983e-04
9.895833333333305983e-04
1.012499999999997777e-03
1.047916666666665313e-03
1.045833333333331776e-03
1.033333333333331635e-03
9.958333333333307773e-04
9.854166666666639568e-04
9.520833333333309336e-04
1.006249999999997598e-03
9.749999999999974616e-04
1.054166666666665276e-03
1.100000000000000283e-03
1.074999999999999567e-03
1.077083333333332671e-03
9.937499999999974565e-04
1.018749999999997956e-03
1.066666666666666284e-03
9.291666666666642972e-04
1.012499999999997994e-03
1.027083333333331672e-03
9.604166666666641081e-04
1.058333333333332134e-03
1.018749999999998173e-03
9.770833333333306739e-04
9.874999999999972775e-04
9.895833333333305983e-04
1.062499999999999643e-03
1.056249999999999464e-03
1.058333333333332568e-03
1.041666666666665351e-03
1.054166666666665926e-03
9.749999999999974616e-04
9.374999999999975801e-04
1.045833333333331993e-03
1.018749999999997739e-03
9.666666666666640702e-04
1.029166666666665210e-03
1.070833333333332926e-03
9.854166666666641736e-04
9.333333333333309386e-04
1.066666666666665634e-03
1.047916666666665747e-03
1.060416666666666322e-03
1.006249999999997598e-03
9.208333333333309058e-04
1.089583333333333463e-03
9.666666666666640702e-04
9.499999999999973960e-04
1.081249999999999746e-03
1.058333333333332134e-03
1.016666666666664418e-03
1.027083333333331889e-03
1.041666666666665134e-03
1.064583333333332747e-03
1.039583333333332030e-03
1.022916666666664814e-03
1.072916666666666463e-03
1.131250000000001178e-03
1.104166666666667141e-03
9.624999999999974288e-04
9.312499999999976179e-04
9.916666666666641358e-04
9.208333333333310142e-04
9.937499999999974565e-04
1.020833333333331060e-03
1.022916666666664380e-03
1.066666666666665634e-03
9.791666666666639946e-04
1.045833333333331776e-03
1.006249999999997598e-03
1.014583333333330881e-03
1.029166666666664993e-03
1.006249999999997381e-03
1.074999999999999784e-03
1.027083333333331889e-03
1.056249999999999030e-03
1.102083333333333821e-03
1.095833333333333208e-03
1.072916666666665813e-03
9.958333333333307773e-04
1.041666666666665134e-03
1.006249999999997598e-03
9.645833333333307495e-04
9.124999999999976229e-04
1.016666666666664201e-03
1.070833333333332492e-03
9.791666666666639946e-04
1.083333333333332850e-03
9.604166666666641081e-04
1.097916666666665878e-03
1.043749999999998455e-03
1.012499999999997560e-03
1.056249999999999464e-03
9.812499999999973153e-04
1.045833333333332209e-03
9.708333333333308201e-04
1.060416666666666105e-03
1.122916666666667028e-03
1.018749999999997739e-03
1.033333333333331635e-03
1.081249999999999746e-03
9.958333333333307773e-04
1.024999999999998352e-03
1.087499999999999708e-03
1.029166666666665210e-03
1.031249999999998097e-03
1.004166666666664277e-03
9.833333333333306361e-04
1.066666666666666501e-03
9.833333333333308529e-04
1.033333333333332068e-03
1.045833333333332209e-03
9.916666666666641358e-04
9.645833333333307495e-04
1.002083333333330739e-03
1.037499999999998493e-03
1.062499999999999426e-03
9.187499999999975851e-04
1.020833333333331493e-03
1.002083333333330739e-03
9.958333333333307773e-04
1.072916666666666246e-03
1.002083333333330739e-03
1.112500000000000641e-03
1.064583333333332530e-03
9.999999999999974187e-04
1.062499999999998775e-03
9.833333333333306361e-04
1.106249999999999812e-03
1.095833333333333425e-03
9.874999999999972775e-04
1.043749999999998455e-03
1.027083333333331672e-03
1.035416666666664955e-03
9.979166666666640980e-04
1.120833333333334141e-03
1.022916666666664380e-03
1.006249999999997598e-03
1.052083333333332605e-03
1.014583333333330881e-03
9.520833333333309336e-04
1.139583333333333811e-03
1.072916666666666029e-03
9.812499999999973153e-04
1.068749999999998954e-03
1.116666666666667716e-03
1.108333333333334000e-03
1.012499999999997560e-03
1.029166666666664993e-03
9.416666666666642215e-04
1.002083333333330523e-03
9.562499999999974666e-04
9.874999999999972775e-04
1.031249999999998531e-03
1.043749999999998889e-03
1.006249999999997381e-03
1.029166666666664559e-03
9.812499999999973153e-04
1.056249999999998596e-03
1.081249999999999963e-03
1.043749999999998889e-03
1.033333333333331635e-03
9.729166666666640324e-04
9.770833333333308907e-04
9.479166666666640753e-04
9.874999999999972775e-04
1.066666666666665850e-03
1.054166666666665709e-03
9.979166666666638812e-04
9.229166666666642265e-04
1.093750000000000755e-03
1.020833333333331277e-03
9.833333333333306361e-04
9.812499999999973153e-04
1.047916666666665530e-03
1.072916666666667330e-03
1.010416666666664239e-03
1.085416666666665737e-03
1.039583333333332030e-03
1.020833333333331493e-03
1.043749999999999106e-03
1.037499999999998927e-03
9.874999999999972775e-04
9.687499999999974994e-04
9.749999999999974616e-04
1.014583333333330881e-03
1.047916666666665964e-03
1.106250000000000028e-03
9.083333333333309815e-04
1.037499999999998710e-03
9.604166666666641081e-04
9.916666666666641358e-04
1.041666666666665134e-03
1.041666666666665568e-03
1.070833333333332709e-03
9.645833333333307495e-04
1.010416666666664239e-03
1.029166666666664776e-03
1.035416666666664955e-03
9.208333333333309058e-04
1.058333333333331917e-03
9.562499999999974666e-04
1.014583333333331098e-03
1.024999999999997918e-03
1.020833333333331493e-03
1.070833333333332492e-03
9.333333333333310470e-04
1.006249999999997598e-03
9.979166666666638812e-04
9.979166666666640980e-04
1.016666666666664635e-03
1.074999999999999784e-03
1.054166666666665492e-03
1.054166666666665709e-03
1.020833333333331493e-03
1.024999999999998135e-03
1.029166666666664776e-03
1.047916666666665313e-03
1.027083333333331672e-03
9.437499999999974338e-04
1.110416666666668188e-03
1.083333333333332850e-03
1.093749999999999670e-03
1.035416666666665389e-03
9.999999999999972019e-04
1.097916666666667179e-03
1.035416666666665606e-03
1.004166666666664277e-03
1.012499999999997994e-03
1.087500000000000576e-03
9.979166666666640980e-04
1.018749999999997739e-03
1.087500000000000359e-03
1.004166666666664060e-03
1.004166666666664277e-03
1.024999999999998135e-03
9.708333333333307117e-04
1.016666666666664201e-03
9.854166666666641736e-04
1.077083333333333538e-03
9.583333333333307873e-04
9.979166666666640980e-04
1.039583333333331597e-03
1.083333333333333067e-03
1.006249999999997381e-03
9.833333333333306361e-04
1.070833333333333576e-03
1.049999999999998634e-03
1.031249999999998097e-03
1.031249999999998314e-03
1.066666666666665850e-03
9.645833333333307495e-04
1.004166666666664277e-03
1.002083333333330739e-03
9.666666666666640702e-04
9.833333333333306361e-04
1.112500000000000207e-03
1.039583333333331814e-03
1.060416666666665238e-03
1.033333333333331851e-03
1.014583333333331314e-03
1.072916666666666680e-03
9.604166666666642165e-04
1.066666666666665634e-03
9.916666666666639190e-04
9.666666666666638534e-04
1.093750000000000104e-03
1.031249999999998748e-03
1.020833333333331493e-03
9.895833333333305983e-04
9.916666666666641358e-04
1.043749999999998889e-03
1.083333333333333500e-03
9.562499999999975750e-04
1.031249999999998314e-03
9.499999999999975044e-04
1.002083333333330739e-03
1.127083333333334103e-03
1.058333333333332134e-03
1.091666666666665916e-03
1.041666666666665351e-03
1.039583333333331597e-03
9.770833333333306739e-04
9.729166666666641409e-04
9.833333333333306361e-04
9.458333333333308630e-04
1.002083333333330739e-03
1.079166666666665558e-03
1.027083333333331672e-03
1.062499999999999426e-03
1.029166666666664776e-03
1.079166666666666208e-03
1.029166666666664993e-03
1.002083333333330739e-03
1.010416666666664239e-03
1.010416666666664022e-03
9.958333333333307773e-04
9.833333333333306361e-04
1.106250000000000462e-03
1.041666666666664917e-03
9.708333333333308201e-04
1.008333333333330918e-03
1.024999999999998135e-03
1.095833333333333858e-03
1.072916666666666463e-03
9.291666666666642972e-04
1.129166666666668291e-03
1.052083333333332172e-03
1.014583333333330881e-03
9.999999999999972019e-04
9.916666666666641358e-04
1.037499999999998276e-03
1.081249999999998662e-03
9.479166666666641837e-04
1.004166666666664060e-03
9.895833333333305983e-04
9.979166666666640980e-04
9.645833333333307495e-04
9.208333333333309058e-04
1.058333333333332784e-03
1.095833333333333208e-03
1.010416666666664239e-03
1.064583333333332096e-03
1.095833333333332991e-03
1.037499999999998493e-03
1.133333333333335149e-03
9.999999999999974187e-04
1.093750000000000755e-03
1.035416666666664955e-03
1.175000000000001564e-03
1.177083333333336836e-03
1.187500000000002789e-03
1.285416666666673417e-03
1.318750000000007199e-03
1.458333333333342941e-03
1.558333333333344287e-03
1.577083333333343740e-03
1.568750000000010891e-03
1.620833333333344993e-03
1.685416666666678153e-03
1.689583333333346746e-03
1.720833333333346990e-03
1.743750000000011784e-03
1.868750000000015581e-03
1.793750000000015601e-03
1.818750000000014582e-03
1.810416666666680866e-03
1.827083333333350684e-03
1.793750000000015601e-03
1.925000000000015457e-03
1.837500000000013818e-03
1.775000000000014413e-03
1.731250000000013811e-03
1.847916666666683024e-03
1.875000000000016627e-03
1.741666666666679764e-03
1.781250000000015460e-03
1.806250000000016176e-03
1.750000000000014131e-03
1.754166666666682941e-03
1.881250000000017457e-03
1.785416666666679499e-03
1.777083333333347734e-03
1.837500000000014903e-03
1.945833333333350399e-03
1.870833333333348251e-03
1.910416666666682212e-03
1.918750000000016796e-03
1.883333333333349043e-03
1.754166666666682507e-03
1.833333333333348695e-03
1.841666666666682411e-03
1.920833333333350768e-03
1.920833333333349466e-03
1.885416666666683881e-03
1.791666666666681847e-03
1.920833333333350551e-03
1.858333333333349628e-03
1.931250000000017588e-03
1.879166666666680233e-03
1.879166666666682185e-03
2.043750000000019509e-03
1.891666666666682543e-03
2.022916666666683266e-03
2.006250000000015399e-03
1.870833333333349119e-03
1.881250000000015722e-03
1.854166666666682770e-03
1.945833333333349532e-03
1.912500000000017701e-03
1.993750000000018077e-03
1.958333333333350107e-03
1.893750000000016297e-03
1.941666666666683758e-03
1.927083333333350079e-03
1.943750000000015994e-03
1.929166666666682749e-03
1.891666666666682759e-03
1.791666666666680329e-03
1.962500000000018049e-03
1.902083333333348713e-03
1.954166666666682598e-03
1.981250000000016418e-03
1.950000000000016174e-03
2.000000000000018256e-03
2.018750000000017492e-03
1.931250000000018022e-03
2.029166666666686047e-03
2.066666666666683218e-03
1.977083333333351511e-03
2.016666666666684822e-03
2.031250000000016116e-03
1.985416666666682626e-03
2.139583333333353130e-03
1.852083333333348581e-03
1.939583333333350437e-03
2.060416666666683907e-03
2.087500000000016859e-03
1.979166666666683748e-03
2.043750000000020377e-03
1.966666666666682523e-03
2.002083333333351794e-03
1.825000000000015195e-03
1.970833333333351332e-03
2.029166666666686047e-03
2.000000000000017823e-03
1.995833333333349880e-03
2.089583333333350397e-03
2.033333333333350521e-03
2.052083333333351058e-03
1.716666666666678397e-03
1.516666666666677656e-03
1.239583333333337542e-03
1.177083333333335102e-03
9.895833333333305983e-04
1.029166666666665210e-03
9.374999999999975801e-04
8.416666666666646097e-04
8.312499999999977893e-04
8.104166666666646904e-04
7.958333333333313369e-04
8.145833333333314403e-04
6.979166666666649374e-04
7.312499999999981775e-04
7.145833333333317201e-04
6.812499999999985885e-04
6.729166666666651971e-04
6.729166666666650887e-04
7.020833333333315789e-04
7.145833333333316117e-04
6.333333333333319949e-04
6.812499999999983716e-04
6.541666666666652022e-04
6.395833333333320655e-04
6.687499999999984472e-04
6.145833333333318915e-04
6.458333333333319192e-04
6.499999999999985607e-04
6.354166666666653156e-04
6.666666666666651265e-04
6.166666666666652122e-04
6.895833333333316545e-04
6.333333333333318865e-04
6.270833333333318159e-04
6.499999999999984523e-04
6.166666666666653206e-04
5.395833333333323453e-04
6.499999999999985607e-04
6.270833333333319243e-04
6.083333333333318209e-04
6.145833333333319999e-04
6.833333333333318008e-04
6.083333333333319293e-04
6.187499999999985329e-04
5.729166666666654769e-04
5.354166666666657038e-04
6.708333333333317680e-04
6.270833333333320327e-04
5.749999999999986892e-04
6.270833333333320327e-04
6.270833333333319243e-04
6.187499999999985329e-04
6.749999999999985179e-04
6.291666666666652450e-04
5.895833333333320428e-04
6.187499999999984245e-04
6.270833333333320327e-04
6.979166666666650459e-04
6.645833333333319142e-04
5.770833333333321184e-04
5.937499999999986842e-04
6.208333333333318537e-04
6.520833333333317730e-04
5.604166666666655526e-04
6.458333333333321361e-04
5.374999999999990246e-04
6.229166666666653912e-04
5.833333333333320806e-04
5.916666666666652551e-04
6.208333333333319621e-04
5.479166666666656282e-04
5.812499999999987598e-04
6.854166666666651215e-04
6.374999999999985279e-04
6.270833333333321411e-04
6.187499999999985329e-04
6.937499999999981876e-04
6.166666666666654291e-04
5.854166666666655097e-04
5.812499999999987598e-04
6.395833333333320655e-04
5.770833333333321184e-04
6.437499999999985985e-04
6.833333333333316923e-04
5.895833333333320428e-04
6.291666666666654618e-04
6.541666666666650937e-04
5.958333333333321134e-04
6.499999999999985607e-04
6.770833333333318386e-04
6.166666666666653206e-04
5.624999999999987649e-04
6.687499999999984472e-04
6.583333333333317352e-04
6.520833333333316646e-04
6.916666666666650837e-04
6.166666666666652122e-04
7.062499999999982203e-04
5.937499999999986842e-04
6.874999999999983338e-04
6.062499999999986086e-04
6.312499999999986742e-04
6.479166666666651316e-04
6.291666666666652450e-04
6.354166666666653156e-04
6.624999999999982682e-04
6.895833333333318714e-04
6.979166666666649374e-04
6.416666666666651694e-04
6.687499999999984472e-04
6.270833333333319243e-04
6.604166666666650559e-04
6.999999999999982582e-04
6.395833333333318486e-04
5.749999999999987977e-04
6.833333333333316923e-04
5.979166666666653257e-04
6.145833333333318915e-04
6.833333333333316923e-04
6.999999999999983666e-04
6.187499999999986414e-04
6.499999999999984523e-04
6.395833333333320655e-04
6.812499999999984800e-04
5.979166666666654341e-04
6.333333333333319949e-04
6.145833333333317831e-04
6.770833333333318386e-04
6.416666666666651694e-04
7.604166666666648845e-04
6.416666666666650609e-04
6.541666666666650937e-04
6.916666666666650837e-04
7.458333333333314226e-04
6.104166666666652500e-04
7.395833333333314604e-04
7.041666666666650080e-04
6.854166666666651215e-04
6.812499999999983716e-04
6.916666666666649753e-04
7.062499999999982203e-04
5.999999999999986464e-04
6.895833333333317629e-04
5.833333333333321890e-04
6.458333333333318108e-04
6.812499999999984800e-04
6.958333333333316167e-04
6.749999999999985179e-04
7.104166666666649702e-04
7.020833333333316873e-04
6.624999999999983766e-04
7.604166666666648845e-04
7.166666666666649324e-04
7.354166666666648190e-04
6.645833333333319142e-04
6.770833333333317302e-04
6.645833333333319142e-04
7.020833333333316873e-04
6.874999999999983338e-04
7.041666666666650080e-04
7.312499999999981775e-04
8.083333333333312613e-04
6.416666666666651694e-04
6.104166666666651416e-04
6.562499999999984145e-04
6.874999999999985506e-04
6.520833333333318814e-04
7.479166666666647433e-04
7.499999999999981725e-04
7.166666666666649324e-04
6.499999999999984523e-04
7.229166666666650030e-04
6.416666666666651694e-04
7.124999999999983994e-04
6.749999999999984094e-04
6.624999999999984851e-04
6.791666666666650509e-04
6.083333333333320377e-04
6.729166666666650887e-04
6.999999999999982582e-04
7.354166666666649274e-04
7.541666666666649223e-04
6.895833333333317629e-04
6.062499999999987170e-04
7.270833333333316445e-04
6.874999999999984422e-04
7.187499999999983616e-04
6.937499999999982960e-04
7.520833333333317100e-04
7.333333333333314982e-04
6.604166666666650559e-04
6.916666666666649753e-04
6.812499999999983716e-04
7.124999999999982910e-04
7.124999999999983994e-04
7.249999999999983237e-04
7.374999999999981397e-04
7.520833333333313848e-04
7.374999999999981397e-04
6.354166666666652072e-04
7.395833333333314604e-04
7.645833333333315260e-04
6.770833333333317302e-04
7.083333333333317579e-04
7.187499999999983616e-04
6.479166666666652400e-04
7.395833333333314604e-04
6.833333333333316923e-04
7.041666666666650080e-04
7.270833333333316445e-04
7.041666666666650080e-04
6.874999999999984422e-04
7.354166666666649274e-04
6.541666666666650937e-04
7.124999999999982910e-04
7.833333333333314125e-04
7.229166666666650030e-04
7.104166666666649702e-04
7.354166666666649274e-04
6.624999999999983766e-04
6.916666666666649753e-04
6.916666666666649753e-04
6.833333333333316923e-04
7.229166666666648946e-04
7.229166666666650030e-04
7.354166666666648190e-04
6.937499999999984044e-04
7.083333333333315411e-04
7.937499999999980162e-04
6.708333333333317680e-04
6.979166666666650459e-04
7.541666666666648139e-04
6.937499999999984044e-04
7.291666666666649652e-04
7.354166666666649274e-04
7.291666666666649652e-04
7.020833333333316873e-04
6.583333333333317352e-04
7.583333333333315638e-04
6.999999999999982582e-04
7.124999999999983994e-04
7.541666666666650308e-04
7.645833333333315260e-04
7.208333333333316823e-04
6.979166666666650459e-04
7.020833333333315789e-04
6.958333333333315083e-04
7.187499999999982531e-04
7.770833333333314503e-04
7.041666666666650080e-04
6.749999999999983010e-04
7.083333333333315411e-04
8.249999999999978271e-04
7.770833333333313419e-04
7.791666666666645542e-04
6.916666666666650837e-04
7.458333333333315310e-04
7.437499999999982103e-04
7.562499999999982431e-04
6.937499999999984044e-04
7.270833333333316445e-04
7.729166666666648089e-04
7.020833333333315789e-04
7.104166666666649702e-04
7.916666666666645870e-04
7.895833333333315916e-04
7.687499999999981674e-04
7.520833333333313848e-04
7.020833333333315789e-04
7.458333333333313142e-04
6.999999999999981497e-04
7.395833333333315688e-04
7.833333333333314125e-04
7.229166666666648946e-04
7.604166666666648845e-04
7.791666666666647711e-04
7.374999999999980313e-04
7.499999999999980640e-04
7.833333333333314125e-04
7.437499999999981019e-04
7.895833333333313747e-04
7.333333333333314982e-04
7.833333333333314125e-04
8.187499999999979733e-04
8.437499999999979305e-04
7.729166666666649173e-04
8.166666666666646526e-04
8.145833333333313319e-04
7.895833333333313747e-04
7.104166666666649702e-04
7.541666666666649223e-04
7.604166666666647761e-04
7.479166666666647433e-04
7.687499999999980590e-04
7.124999999999982910e-04
7.395833333333315688e-04
7.708333333333313797e-04
6.999999999999983666e-04
7.520833333333313848e-04
8.041666666666648366e-04
7.812499999999979834e-04
9.020833333333309108e-04
7.895833333333313747e-04
8.041666666666646198e-04
7.291666666666648568e-04
7.937499999999982330e-04
7.374999999999982481e-04
8.270833333333312562e-04
8.354166666666645391e-04
7.187499999999983616e-04
8.437499999999979305e-04
8.416666666666645013e-04
7.812499999999979834e-04
7.812499999999980918e-04
7.687499999999981674e-04
6.708333333333317680e-04
7.708333333333314882e-04
7.833333333333314125e-04
7.374999999999982481e-04
7.895833333333313747e-04
7.749999999999982380e-04
7.604166666666647761e-04
7.395833333333314604e-04
8.395833333333313974e-04
8.249999999999979355e-04
8.520833333333312134e-04
7.687499999999980590e-04
7.354166666666648190e-04
7.916666666666645870e-04
7.291666666666649652e-04
8.083333333333313697e-04
7.770833333333314503e-04
8.499999999999978927e-04
7.124999999999982910e-04
7.749999999999981296e-04
7.874999999999979456e-04
7.916666666666646954e-04
7.458333333333315310e-04
8.249999999999978271e-04
8.291666666666645770e-04
7.729166666666647005e-04
8.041666666666647282e-04
7.374999999999981397e-04
7.166666666666649324e-04
7.479166666666648517e-04
7.583333333333314554e-04
8.145833333333313319e-04
8.229166666666647232e-04
7.645833333333315260e-04
7.562499999999983515e-04
8.604166666666644963e-04
7.979166666666645492e-04
8.583333333333311756e-04
7.437499999999982103e-04
8.104166666666645820e-04
8.124999999999980111e-04
8.479166666666646804e-04
8.083333333333313697e-04
8.187499999999979733e-04
7.708333333333314882e-04
7.562499999999983515e-04
8.479166666666646804e-04
8.458333333333311428e-04
8.145833333333312234e-04
7.687499999999980590e-04
7.583333333333315638e-04
8.124999999999980111e-04
8.812499999999977036e-04
7.770833333333313419e-04
8.458333333333312512e-04
8.562499999999978548e-04
8.354166666666645391e-04
8.604166666666644963e-04
8.208333333333311856e-04
8.166666666666647610e-04
7.895833333333312663e-04
8.104166666666647988e-04
7.791666666666646627e-04
8.374999999999978599e-04
8.333333333333312184e-04
8.770833333333310621e-04
8.249999999999980439e-04
7.791666666666646627e-04
8.083333333333313697e-04
7.562499999999982431e-04
8.020833333333314075e-04
8.020833333333314075e-04
7.437499999999981019e-04
8.458333333333313596e-04
8.437499999999979305e-04
8.499999999999977842e-04
8.041666666666647282e-04
7.770833333333313419e-04
7.416666666666647811e-04
7.895833333333312663e-04
8.354166666666644307e-04
8.458333333333313596e-04
8.437499999999980389e-04
7.812499999999980918e-04
