5.638888888888876454e-04
6.305555555555541255e-04
8.138888888888866748e-04
8.638888888888865891e-04
9.972222222222196578e-04
1.119444444444441357e-03
1.224999999999996491e-03
1.322222222222218342e-03
1.374999999999996017e-03
1.469444444444440324e-03
1.586111111111106501e-03
1.661111111111106264e-03
1.713888888888883723e-03
1.741666666666661549e-03
1.813888888888883335e-03
1.916666666666660924e-03
1.927777777777771968e-03
1.966666666666660838e-03
1.969444444444438599e-03
1.877777777777772271e-03
2.099999999999993799e-03
2.027777777777771580e-03
1.922222222222216446e-03
2.072222222222216189e-03
2.072222222222215755e-03
2.158333333333326345e-03
2.213888888888882432e-03
2.297222222222215261e-03
2.183333333333327061e-03
2.055555555555549623e-03
1.963888888888883077e-03
2.177777777777771540e-03
2.272222222222215413e-03
2.191666666666660344e-03
2.202777777777771388e-03
2.138888888888882452e-03
2.288888888888881978e-03
2.286111111111104217e-03
2.288888888888881978e-03
2.208333333333326910e-03
2.236111111111104520e-03
2.177777777777771540e-03
2.266666666666659891e-03
2.233333333333326759e-03
2.272222222222215413e-03
2.249999999999993325e-03
2.205555555555549149e-03
2.327777777777770632e-03
2.155555555555548584e-03
2.413888888888881656e-03
2.469444444444436875e-03
2.280555555555548695e-03
2.183333333333327061e-03
2.347222222222215392e-03
2.355555555555548675e-03
2.399999999999992851e-03
2.322222222222215110e-03
2.205555555555549149e-03
2.383333333333326285e-03
2.386111111111104046e-03
2.386111111111104046e-03
2.280555555555548695e-03
2.291666666666659739e-03
2.236111111111104520e-03
2.372222222222215241e-03
2.463888888888881353e-03
2.305555555555548544e-03
2.394444444444437329e-03
2.363888888888881525e-03
2.277777777777770934e-03
2.430555555555548222e-03
2.430555555555548222e-03
2.336111111111104349e-03
2.247222222222215564e-03
2.355555555555548675e-03
2.333333333333325720e-03
2.322222222222215110e-03
2.297222222222215261e-03
2.313888888888881827e-03
2.386111111111104046e-03
2.319444444444437349e-03
2.341666666666659870e-03
2.180555555555549301e-03
2.369444444444437480e-03
2.305555555555548544e-03
2.358333333333326003e-03
2.366666666666659719e-03
2.402777777777770612e-03
2.336111111111104349e-03
2.341666666666659870e-03
2.530555555555547616e-03
2.361111111111104197e-03
2.294444444444437500e-03
2.433333333333325983e-03
2.347222222222215826e-03
2.444444444444437026e-03
2.311111111111104066e-03
2.324999999999992871e-03
2.352777777777770914e-03
2.369444444444437480e-03
2.308333333333326305e-03
2.311111111111104066e-03
2.258333333333326608e-03
2.352777777777770914e-03
2.416666666666659417e-03
2.386111111111104046e-03
2.305555555555548544e-03
2.297222222222214828e-03
2.413888888888881656e-03
2.461111111111103592e-03
2.494444444444436724e-03
2.352777777777770914e-03
2.341666666666659870e-03
2.433333333333325983e-03
2.341666666666659870e-03
2.180555555555549301e-03
2.366666666666659719e-03
2.488888888888881202e-03
2.330555555555548393e-03
2.238888888888882281e-03
2.327777777777770198e-03
2.358333333333326436e-03
2.294444444444437500e-03
2.269444444444437652e-03
2.308333333333326305e-03
2.330555555555548393e-03
2.383333333333326285e-03
2.408333333333326134e-03
2.313888888888881827e-03
2.305555555555548544e-03
2.419444444444437178e-03
2.449999999999992548e-03
2.230555555555548998e-03
2.241666666666660042e-03
2.355555555555548675e-03
2.319444444444437349e-03
2.380555555555548524e-03
2.391666666666660002e-03
2.369444444444437480e-03
2.402777777777770612e-03
2.355555555555548675e-03
2.380555555555548524e-03
2.344444444444437631e-03
2.311111111111103632e-03
2.349999999999993153e-03
2.405555555555548373e-03
2.274999999999993174e-03
2.491666666666658963e-03
2.255555555555548847e-03
2.294444444444437500e-03
2.519444444444436573e-03
2.408333333333326134e-03
2.386111111111104046e-03
2.352777777777770914e-03
2.297222222222215261e-03
2.252777777777771086e-03
2.413888888888881656e-03
2.180555555555549301e-03
2.233333333333326759e-03
2.374999999999993002e-03
2.547222222222214616e-03
2.411111111111103461e-03
2.399999999999992851e-03
2.255555555555548847e-03
2.391666666666659568e-03
2.313888888888882261e-03
2.430555555555548222e-03
2.316666666666659588e-03
2.252777777777771086e-03
2.358333333333326436e-03
2.408333333333326134e-03
2.413888888888881656e-03
2.355555555555548675e-03
2.374999999999993002e-03
2.386111111111104046e-03
2.186111111111104822e-03
2.333333333333325720e-03
2.416666666666659417e-03
2.405555555555548373e-03
2.338888888888882110e-03
2.327777777777770632e-03
2.299999999999993022e-03
2.461111111111103592e-03
2.461111111111103592e-03
2.286111111111104217e-03
2.391666666666659568e-03
2.269444444444437652e-03
2.499999999999992246e-03
2.349999999999993153e-03
2.341666666666659870e-03
2.436111111111103743e-03
2.316666666666659588e-03
2.241666666666660042e-03
2.311111111111104066e-03
2.441666666666659265e-03
2.333333333333326588e-03
2.291666666666659739e-03
2.349999999999993153e-03
2.352777777777770914e-03
2.436111111111103743e-03
2.508333333333325962e-03
2.288888888888881545e-03
2.197222222222215433e-03
2.363888888888881958e-03
2.433333333333325983e-03
2.411111111111103461e-03
2.386111111111104046e-03
2.447222222222214787e-03
2.247222222222215564e-03
2.424999999999992700e-03
2.494444444444436724e-03
2.644444444444436250e-03
2.372222222222215241e-03
2.380555555555548524e-03
2.405555555555548373e-03
2.413888888888881656e-03
2.497222222222214485e-03
2.330555555555548393e-03
2.430555555555548222e-03
2.222222222222215715e-03
2.499999999999992246e-03
2.355555555555548675e-03
2.377777777777771197e-03
2.374999999999993002e-03
2.419444444444437178e-03
2.247222222222215564e-03
2.219444444444437954e-03
2.269444444444437652e-03
2.444444444444437026e-03
2.408333333333326134e-03
2.491666666666658963e-03
2.324999999999992871e-03
2.297222222222215261e-03
2.299999999999993022e-03
2.263888888888882130e-03
2.363888888888881958e-03
2.341666666666659870e-03
2.427777777777770461e-03
2.374999999999993002e-03
2.388888888888881807e-03
2.361111111111104197e-03
2.311111111111104066e-03
2.416666666666659417e-03
2.419444444444437178e-03
2.388888888888882241e-03
2.388888888888881807e-03
2.422222222222214939e-03
2.427777777777770461e-03
2.402777777777770178e-03
2.383333333333326285e-03
2.341666666666659870e-03
2.388888888888881807e-03
2.383333333333326285e-03
2.455555555555548070e-03
2.358333333333326436e-03
2.444444444444437026e-03
2.502777777777770007e-03
2.252777777777771086e-03
2.288888888888881978e-03
2.280555555555548695e-03
2.488888888888881636e-03
2.349999999999992720e-03
2.377777777777770763e-03
2.263888888888882130e-03
2.208333333333327344e-03
2.283333333333326456e-03
2.324999999999992871e-03
2.424999999999992700e-03
2.177777777777771106e-03
2.283333333333326456e-03
2.427777777777770461e-03
2.291666666666659739e-03
2.386111111111104046e-03
2.355555555555548675e-03
2.291666666666659739e-03
2.291666666666659739e-03
2.341666666666659870e-03
2.419444444444437178e-03
2.274999999999993174e-03
2.266666666666659457e-03
2.366666666666659719e-03
2.261111111111103935e-03
2.283333333333326023e-03
2.211111111111104238e-03
2.355555555555548242e-03
2.424999999999992700e-03
2.597222222222214313e-03
2.141666666666660213e-03
2.311111111111103632e-03
2.419444444444437178e-03
2.380555555555548524e-03
2.366666666666659719e-03
2.466666666666659114e-03
2.286111111111104217e-03
2.341666666666659870e-03
2.272222222222215413e-03
2.333333333333326588e-03
2.288888888888881978e-03
2.377777777777770763e-03
2.372222222222215241e-03
2.347222222222215392e-03
2.558333333333325660e-03
2.366666666666659719e-03
2.363888888888881958e-03
2.427777777777770461e-03
2.441666666666659265e-03
2.427777777777770461e-03
2.394444444444437329e-03
2.333333333333326588e-03
2.274999999999993174e-03
2.258333333333326608e-03
2.436111111111103743e-03
2.430555555555548222e-03
2.311111111111104066e-03
2.386111111111104046e-03
2.430555555555548222e-03
2.263888888888882130e-03
2.397222222222215090e-03
2.363888888888881958e-03
2.447222222222214787e-03
2.233333333333326759e-03
2.458333333333325831e-03
2.380555555555548090e-03
2.244444444444437803e-03
2.499999999999992246e-03
2.233333333333326759e-03
2.249999999999993325e-03
2.386111111111104046e-03
2.474999999999991963e-03
2.377777777777770763e-03
2.272222222222215413e-03
2.149999999999993496e-03
2.327777777777770632e-03
2.294444444444437500e-03
2.472222222222214636e-03
2.322222222222215110e-03
2.388888888888881807e-03
2.369444444444437047e-03
2.316666666666659588e-03
2.391666666666659568e-03
2.174999999999993345e-03
2.283333333333326456e-03
2.344444444444437631e-03
2.336111111111104349e-03
2.452777777777770743e-03
2.202777777777771388e-03
2.341666666666659870e-03
2.344444444444437631e-03
2.491666666666658963e-03
2.380555555555548090e-03
2.288888888888881978e-03
2.511111111111103723e-03
2.283333333333326456e-03
2.308333333333326305e-03
2.319444444444437349e-03
2.402777777777770612e-03
2.352777777777770914e-03
2.374999999999993002e-03
2.197222222222215866e-03
2.397222222222215090e-03
2.380555555555548524e-03
2.399999999999992851e-03
2.233333333333326325e-03
2.213888888888882432e-03
2.222222222222215715e-03
2.458333333333325831e-03
2.352777777777770914e-03
2.344444444444437631e-03
2.172222222222215584e-03
2.483333333333325680e-03
2.391666666666659568e-03
2.427777777777770461e-03
2.374999999999993002e-03
2.288888888888881978e-03
2.327777777777770632e-03
2.413888888888881656e-03
2.327777777777770632e-03
2.324999999999992871e-03
2.266666666666659891e-03
2.449999999999992548e-03
2.391666666666659568e-03
2.358333333333326436e-03
2.305555555555548544e-03
2.336111111111104349e-03
2.297222222222215261e-03
2.261111111111103935e-03
2.394444444444437329e-03
2.286111111111104217e-03
2.286111111111104217e-03
2.294444444444437500e-03
2.263888888888882130e-03
2.533333333333325811e-03
2.391666666666659568e-03
2.352777777777770914e-03
2.366666666666659719e-03
2.386111111111104046e-03
2.411111111111103895e-03
2.288888888888881978e-03
2.172222222222216018e-03
2.263888888888882130e-03
2.430555555555548222e-03
2.427777777777770461e-03
2.505555555555548201e-03
2.308333333333326305e-03
2.258333333333326608e-03
2.302777777777770783e-03
2.333333333333325720e-03
2.272222222222215413e-03
2.447222222222214787e-03
2.427777777777770461e-03
2.308333333333326305e-03
2.372222222222215241e-03
2.416666666666659417e-03
2.274999999999993174e-03
2.274999999999993174e-03
2.366666666666659719e-03
2.377777777777770763e-03
2.311111111111104066e-03
2.341666666666659870e-03
2.319444444444437349e-03
2.308333333333326305e-03
2.352777777777770914e-03
2.286111111111104217e-03
2.430555555555548222e-03
2.377777777777770763e-03
2.294444444444437500e-03
2.436111111111103743e-03
2.358333333333326436e-03
2.405555555555548373e-03
2.291666666666659739e-03
2.444444444444437026e-03
2.202777777777771388e-03
2.252777777777771086e-03
2.399999999999992851e-03
2.411111111111103895e-03
2.308333333333326305e-03
2.447222222222214787e-03
2.366666666666659719e-03
2.388888888888881807e-03
2.330555555555548393e-03
2.349999999999993153e-03
2.291666666666659739e-03
2.163888888888882301e-03
2.336111111111104349e-03
2.438888888888881504e-03
2.372222222222215241e-03
2.494444444444436724e-03
2.372222222222215241e-03
2.463888888888881353e-03
2.263888888888881696e-03
2.391666666666659134e-03
2.238888888888882281e-03
2.261111111111104369e-03
2.308333333333326305e-03
2.361111111111104197e-03
2.274999999999993174e-03
2.438888888888881504e-03
2.388888888888881807e-03
2.291666666666659739e-03
2.413888888888881656e-03
2.444444444444437026e-03
2.355555555555548675e-03
2.252777777777771086e-03
2.333333333333326588e-03
2.355555555555548675e-03
2.419444444444437178e-03
2.380555555555548524e-03
2.386111111111104046e-03
2.374999999999993002e-03
2.427777777777770461e-03
2.313888888888881393e-03
2.405555555555548373e-03
2.330555555555548393e-03
2.247222222222215564e-03
2.330555555555548393e-03
2.391666666666659568e-03
2.208333333333326910e-03
2.227777777777771237e-03
2.416666666666659417e-03
2.288888888888881978e-03
2.405555555555548373e-03
2.363888888888881958e-03
2.283333333333326023e-03
2.291666666666659739e-03
2.327777777777770632e-03
2.330555555555548393e-03
2.402777777777770178e-03
2.355555555555548675e-03
2.313888888888881827e-03
2.363888888888881958e-03
2.266666666666659891e-03
2.283333333333326023e-03
2.449999999999992548e-03
2.391666666666659568e-03
2.441666666666659265e-03
2.430555555555547788e-03
2.397222222222215090e-03
2.252777777777771086e-03
2.263888888888882130e-03
2.313888888888881827e-03
2.313888888888882261e-03
2.380555555555548524e-03
2.411111111111103895e-03
2.436111111111103743e-03
2.366666666666659719e-03
2.313888888888881827e-03
2.294444444444437500e-03
2.299999999999993022e-03
2.122222222222215453e-03
2.149999999999993496e-03
2.336111111111104349e-03
2.452777777777770309e-03
2.386111111111104046e-03
2.427777777777770461e-03
2.530555555555548050e-03
2.494444444444436724e-03
2.336111111111104349e-03
2.302777777777770783e-03
2.366666666666659719e-03
2.308333333333326305e-03
2.444444444444437026e-03
2.324999999999992871e-03
2.288888888888881978e-03
2.413888888888881656e-03
2.338888888888882110e-03
2.286111111111104217e-03
2.369444444444437480e-03
2.302777777777770783e-03
2.377777777777770763e-03
2.266666666666659891e-03
2.377777777777770763e-03
2.386111111111104046e-03
2.363888888888881958e-03
2.311111111111104066e-03
2.533333333333325811e-03
2.252777777777771086e-03
2.258333333333326608e-03
2.472222222222214636e-03
2.394444444444437329e-03
2.383333333333326285e-03
2.352777777777770914e-03
2.449999999999992548e-03
2.344444444444437631e-03
2.338888888888882110e-03
2.294444444444437500e-03
2.416666666666659417e-03
2.352777777777770914e-03
2.388888888888881807e-03
2.391666666666659568e-03
2.216666666666660193e-03
2.369444444444437480e-03
2.308333333333326305e-03
2.444444444444437026e-03
2.349999999999993153e-03
2.294444444444437500e-03
2.297222222222215261e-03
2.363888888888881958e-03
2.336111111111104349e-03
2.327777777777770632e-03
2.241666666666660042e-03
2.422222222222214939e-03
2.494444444444436724e-03
2.466666666666659114e-03
2.422222222222214939e-03
2.491666666666658963e-03
2.330555555555548393e-03
2.327777777777770632e-03
2.422222222222214505e-03
2.516666666666659245e-03
2.388888888888881807e-03
2.344444444444437631e-03
2.102777777777771560e-03
2.380555555555548524e-03
2.274999999999992740e-03
2.238888888888882281e-03
2.341666666666659870e-03
2.405555555555548373e-03
2.266666666666659891e-03
2.294444444444437500e-03
2.344444444444437631e-03
2.233333333333326759e-03
2.358333333333326436e-03
2.372222222222215241e-03
2.369444444444437480e-03
2.391666666666659568e-03
2.327777777777770632e-03
2.466666666666659114e-03
2.238888888888882281e-03
2.183333333333327061e-03
2.447222222222214787e-03
2.405555555555548373e-03
2.419444444444437178e-03
2.424999999999993133e-03
2.361111111111104197e-03
2.363888888888881958e-03
2.311111111111104066e-03
2.330555555555548393e-03
2.408333333333326134e-03
2.474999999999992397e-03
2.297222222222215261e-03
2.247222222222215564e-03
2.294444444444437500e-03
2.333333333333326588e-03
2.419444444444437178e-03
2.258333333333326608e-03
2.386111111111104046e-03
2.447222222222214787e-03
2.347222222222215392e-03
2.397222222222215090e-03
2.480555555555547919e-03
2.208333333333326910e-03
2.238888888888882281e-03
2.444444444444437026e-03
2.347222222222215392e-03
2.427777777777770461e-03
2.299999999999993022e-03
2.266666666666659891e-03
2.408333333333326134e-03
2.394444444444437329e-03
2.286111111111104217e-03
2.361111111111104197e-03
2.249999999999993325e-03
2.322222222222215110e-03
2.491666666666658963e-03
2.136111111111104691e-03
2.411111111111104328e-03
2.258333333333326608e-03
2.394444444444436895e-03
2.363888888888881958e-03
2.397222222222215090e-03
2.361111111111104197e-03
2.533333333333325811e-03
2.222222222222215715e-03
2.244444444444437803e-03
2.308333333333326305e-03
2.263888888888882130e-03
2.449999999999992548e-03
2.497222222222214485e-03
2.372222222222215241e-03
2.291666666666659739e-03
2.394444444444437329e-03
2.255555555555548847e-03
2.299999999999992589e-03
2.341666666666659870e-03
2.388888888888881807e-03
2.219444444444437954e-03
2.188888888888882583e-03
2.147222222222215735e-03
2.536111111111103572e-03
2.466666666666659548e-03
2.338888888888882110e-03
2.266666666666659891e-03
2.444444444444437026e-03
2.372222222222215241e-03
2.352777777777770914e-03
2.244444444444437803e-03
2.272222222222215413e-03
2.347222222222215392e-03
2.405555555555548373e-03
2.180555555555549301e-03
2.322222222222215110e-03
2.405555555555547939e-03
2.380555555555548524e-03
2.261111111111104369e-03
2.305555555555548544e-03
2.433333333333325983e-03
2.286111111111103784e-03
2.249999999999993325e-03
2.297222222222215261e-03
2.244444444444437803e-03
2.322222222222215110e-03
2.419444444444437178e-03
2.572222222222214465e-03
2.391666666666659568e-03
2.436111111111103743e-03
2.280555555555548695e-03
2.286111111111104217e-03
2.238888888888882281e-03
2.386111111111104046e-03
2.483333333333325680e-03
2.319444444444437349e-03
2.311111111111104066e-03
2.238888888888882281e-03
2.411111111111103895e-03
2.205555555555549149e-03
2.391666666666659568e-03
2.366666666666659719e-03
2.286111111111104217e-03
2.486111111111103441e-03
2.363888888888881958e-03
2.494444444444436724e-03
2.474999999999992397e-03
2.422222222222214939e-03
2.452777777777770309e-03
2.391666666666659568e-03
2.427777777777770461e-03
2.249999999999993325e-03
2.355555555555548675e-03
2.249999999999993325e-03
2.386111111111104046e-03
2.511111111111103723e-03
2.363888888888881958e-03
2.363888888888881958e-03
2.374999999999993002e-03
2.219444444444437954e-03
2.311111111111104066e-03
2.202777777777771388e-03
2.249999999999993325e-03
2.363888888888881958e-03
2.327777777777770632e-03
2.444444444444437026e-03
2.466666666666659114e-03
2.238888888888882281e-03
2.286111111111104217e-03
2.513888888888881484e-03
2.241666666666660042e-03
2.408333333333326134e-03
2.313888888888881827e-03
2.447222222222214787e-03
2.333333333333326588e-03
2.286111111111104217e-03
2.324999999999992871e-03
2.322222222222215110e-03
2.483333333333325680e-03
2.291666666666659739e-03
2.358333333333326436e-03
2.341666666666659870e-03
2.313888888888881827e-03
2.255555555555548847e-03
2.230555555555548998e-03
2.349999999999993153e-03
2.413888888888881656e-03
2.280555555555549129e-03
2.383333333333326285e-03
2.411111111111103895e-03
2.247222222222215564e-03
2.277777777777770934e-03
2.313888888888881827e-03
2.405555555555548373e-03
2.436111111111103743e-03
2.316666666666659588e-03
2.366666666666660153e-03
2.283333333333326456e-03
2.505555555555547334e-03
2.341666666666659870e-03
2.355555555555548675e-03
2.383333333333326285e-03
2.383333333333326285e-03
2.466666666666659114e-03
2.241666666666660042e-03
2.411111111111103895e-03
2.263888888888882130e-03
2.355555555555548675e-03
2.286111111111104217e-03
2.297222222222215261e-03
2.297222222222215261e-03
2.191666666666660344e-03
2.344444444444437631e-03
2.458333333333325831e-03
2.383333333333326285e-03
2.216666666666660193e-03
2.383333333333326285e-03
2.488888888888881202e-03
2.252777777777771086e-03
2.316666666666659588e-03
2.236111111111104520e-03
2.363888888888881958e-03
2.386111111111104046e-03
2.344444444444437631e-03
2.436111111111103743e-03
2.519444444444437006e-03
2.352777777777770914e-03
2.324999999999992871e-03
2.380555555555548090e-03
2.394444444444437329e-03
2.316666666666659588e-03
2.355555555555548242e-03
2.249999999999993325e-03
2.377777777777770763e-03
2.422222222222214939e-03
2.272222222222215413e-03
2.227777777777771237e-03
2.355555555555548675e-03
2.408333333333326134e-03
2.161111111111104974e-03
2.405555555555548373e-03
2.177777777777771540e-03
2.372222222222215241e-03
2.324999999999992871e-03
2.330555555555548393e-03
2.311111111111104066e-03
2.308333333333326305e-03
2.402777777777770612e-03
2.519444444444436573e-03
2.286111111111104217e-03
2.358333333333326436e-03
2.313888888888881827e-03
2.227777777777771237e-03
2.372222222222215241e-03
2.483333333333325680e-03
2.369444444444437480e-03
2.369444444444437480e-03
2.322222222222215110e-03
2.266666666666659891e-03
2.327777777777770632e-03
2.294444444444437067e-03
2.344444444444437631e-03
2.355555555555548675e-03
2.252777777777771086e-03
2.338888888888882110e-03
2.313888888888881827e-03
2.383333333333326285e-03
2.302777777777770783e-03
2.374999999999993002e-03
2.299999999999993022e-03
2.416666666666659850e-03
2.455555555555548070e-03
2.352777777777770914e-03
2.224999999999993476e-03
2.349999999999993153e-03
2.216666666666660193e-03
2.211111111111104671e-03
2.308333333333325871e-03
2.174999999999993779e-03
2.311111111111104066e-03
2.372222222222215241e-03
2.352777777777770914e-03
2.297222222222215261e-03
2.291666666666659739e-03
2.208333333333326910e-03
2.516666666666659245e-03
2.419444444444437178e-03
2.316666666666659588e-03
2.388888888888881807e-03
2.377777777777770763e-03
2.347222222222215392e-03
2.302777777777770783e-03
2.391666666666659568e-03
2.263888888888882130e-03
2.336111111111104349e-03
2.294444444444437500e-03
2.316666666666659588e-03
2.208333333333326910e-03
2.227777777777771237e-03
2.322222222222215110e-03
2.547222222222214616e-03
2.349999999999993153e-03
2.408333333333326134e-03
2.349999999999993153e-03
2.330555555555547959e-03
2.358333333333326436e-03
2.247222222222215564e-03
2.363888888888881958e-03
2.369444444444437480e-03
2.319444444444437349e-03
2.466666666666659114e-03
2.386111111111104046e-03
2.311111111111104066e-03
2.455555555555548070e-03
2.194444444444438105e-03
2.463888888888881353e-03
2.299999999999993022e-03
2.336111111111104349e-03
2.272222222222215413e-03
2.297222222222215261e-03
2.286111111111104217e-03
2.341666666666659870e-03
2.430555555555548222e-03
2.277777777777770934e-03
2.222222222222215715e-03
2.413888888888881656e-03
2.272222222222215413e-03
2.391666666666659568e-03
2.299999999999992589e-03
2.411111111111103895e-03
2.441666666666659265e-03
2.366666666666659719e-03
2.311111111111104066e-03
2.391666666666659568e-03
2.280555555555548695e-03
2.511111111111103723e-03
2.366666666666659719e-03
2.316666666666659588e-03
2.330555555555548393e-03
2.241666666666660042e-03
2.222222222222215281e-03
2.402777777777770612e-03
2.408333333333326134e-03
2.408333333333326134e-03
2.247222222222215564e-03
2.461111111111103592e-03
2.369444444444437480e-03
2.311111111111104066e-03
2.427777777777770461e-03
2.213888888888882432e-03
2.347222222222215392e-03
2.186111111111104822e-03
2.280555555555548262e-03
2.463888888888881353e-03
2.322222222222215110e-03
2.319444444444437349e-03
2.408333333333326134e-03
2.272222222222215413e-03
2.341666666666659870e-03
2.372222222222215241e-03
2.394444444444437329e-03
2.322222222222215110e-03
2.272222222222215413e-03
2.436111111111103743e-03
2.383333333333326285e-03
2.380555555555548524e-03
2.272222222222215413e-03
2.297222222222215261e-03
2.372222222222215241e-03
2.327777777777770632e-03
2.308333333333326305e-03
2.366666666666659719e-03
2.283333333333326456e-03
2.333333333333326588e-03
2.327777777777770632e-03
2.619444444444436401e-03
2.336111111111104349e-03
2.219444444444437954e-03
2.302777777777770783e-03
2.402777777777770612e-03
2.305555555555548544e-03
2.199999999999993627e-03
2.333333333333326588e-03
2.244444444444437803e-03
2.291666666666659739e-03
2.311111111111104066e-03
2.469444444444436875e-03
2.244444444444437803e-03
2.302777777777770783e-03
2.380555555555548524e-03
2.480555555555547919e-03
2.330555555555548393e-03
2.347222222222215392e-03
2.319444444444437349e-03
2.341666666666660304e-03
2.530555555555548050e-03
2.483333333333325680e-03
2.361111111111104197e-03
2.319444444444437349e-03
2.391666666666659568e-03
2.249999999999993325e-03
2.247222222222215564e-03
2.338888888888882110e-03
2.338888888888882110e-03
2.322222222222215110e-03
2.413888888888881656e-03
2.288888888888881978e-03
2.488888888888881202e-03
2.288888888888881978e-03
2.494444444444436724e-03
2.402777777777770612e-03
2.411111111111103895e-03
2.355555555555548675e-03
2.480555555555547919e-03
2.283333333333326456e-03
2.386111111111104046e-03
2.199999999999993627e-03
2.313888888888881827e-03
2.330555555555548393e-03
2.330555555555548393e-03
2.288888888888881978e-03
2.111111111111104843e-03
2.413888888888881656e-03
2.402777777777770612e-03
2.299999999999993022e-03
2.352777777777770914e-03
2.319444444444437349e-03
2.369444444444437480e-03
2.255555555555548847e-03
2.344444444444437631e-03
2.330555555555548393e-03
2.277777777777770934e-03
2.199999999999993627e-03
2.436111111111103743e-03
2.299999999999993022e-03
2.405555555555548373e-03
2.186111111111104822e-03
2.361111111111104197e-03
2.291666666666659739e-03
2.355555555555548675e-03
2.374999999999993002e-03
2.455555555555548070e-03
2.294444444444437500e-03
2.491666666666658963e-03
2.411111111111103895e-03
2.377777777777770763e-03
2.433333333333325983e-03
2.224999999999993042e-03
2.266666666666659891e-03
2.286111111111104217e-03
2.230555555555548998e-03
2.377777777777770763e-03
2.366666666666659719e-03
2.344444444444437631e-03
2.369444444444437480e-03
2.499999999999992246e-03
2.744444444444436079e-03
2.894444444444435605e-03
3.338888888888878661e-03
3.486111111111100426e-03
3.580555555555544733e-03
3.777777777777765762e-03
3.852777777777765308e-03
4.030555555555544178e-03
4.002777777777764834e-03
4.244444444444445651e-03
4.191666666666663855e-03
4.013888888888876745e-03
4.105555555555548061e-03
4.408333333333334415e-03
4.213888888888887678e-03
4.191666666666662121e-03
4.380555555555556806e-03
4.344444444444446780e-03
4.302777777777775162e-03
4.311111111111113649e-03
4.255555555555555827e-03
4.230555555555552509e-03
4.147222222222214476e-03
4.466666666666676069e-03
4.244444444444444783e-03
4.188888888888888697e-03
4.202777777777775767e-03
4.411111111111117380e-03
4.102777777777768566e-03
4.199999999999996271e-03
4.202777777777774899e-03
4.244444444444444783e-03
4.238888888888886659e-03
4.436111111111118964e-03
4.174999999999996422e-03
4.102777777777771168e-03
4.063888888888878177e-03
4.041666666666655222e-03
4.069444444444434567e-03
4.105555555555546327e-03
3.988888888888876896e-03
4.097222222222216513e-03
3.999999999999987940e-03
4.325000000000006790e-03
4.327777777777774143e-03
4.211111111111107315e-03
4.113888888888883079e-03
4.094444444444434415e-03
4.019444444444434002e-03
4.086111111111101132e-03
4.266666666666669473e-03
4.061111111111102151e-03
4.169444444444441768e-03
3.913888888888876483e-03
4.188888888888881758e-03
4.072222222222213195e-03
4.024999999999986922e-03
4.174999999999993820e-03
3.822222222222210371e-03
3.941666666666654092e-03
3.824999999999988132e-03
4.044444444444435585e-03
3.908333333333320961e-03
3.977777777777764985e-03
3.980555555555543613e-03
4.061111111111103018e-03
3.894444444444432590e-03
4.024999999999988656e-03
4.030555555555542444e-03
3.991666666666654657e-03
4.058333333333323523e-03
3.866666666666654546e-03
3.886111111111098873e-03
4.155555555555550361e-03
4.088888888888882363e-03
3.872222222222209635e-03
4.066666666666657673e-03
3.983333333333321374e-03
3.963888888888876180e-03
4.008333333333321223e-03
3.849999999999987980e-03
3.813888888888876654e-03
3.908333333333320961e-03
3.883333333333320678e-03
3.891666666666654829e-03
3.916666666666654244e-03
4.049999999999989372e-03
4.208333333333333023e-03
3.761111111111099196e-03
3.899999999999987678e-03
3.849999999999987547e-03
3.797222222222210522e-03
3.905555555555543634e-03
4.008333333333321223e-03
3.722222222222210976e-03
3.880555555555543351e-03
3.852777777777765741e-03
3.908333333333320961e-03
3.844444444444432459e-03
3.758333333333321868e-03
3.847222222222209786e-03
3.902777777777765873e-03
3.861111111111099024e-03
3.913888888888876483e-03
4.024999999999988656e-03
3.961111111111098419e-03
3.866666666666654546e-03
3.880555555555543351e-03
4.005555555555544330e-03
3.936111111111098571e-03
3.980555555555543613e-03
3.838888888888876937e-03
3.888888888888876200e-03
3.638888888888877713e-03
3.686111111111099216e-03
3.919444444444432005e-03
3.933333333333320810e-03
3.774999999999988434e-03
3.713888888888877259e-03
3.838888888888876503e-03
3.891666666666654829e-03
3.741666666666655303e-03
3.963888888888876180e-03
3.952777777777765136e-03
3.755555555555543674e-03
3.974999999999987224e-03
3.841666666666654264e-03
3.911111111111098722e-03
3.788888888888877239e-03
3.919444444444432005e-03
3.711111111111099065e-03
3.791666666666655000e-03
3.855555555555543502e-03
3.927777777777765288e-03
3.941666666666654092e-03
4.055555555555546629e-03
3.808333333333321132e-03
3.824999999999988132e-03
3.844444444444432459e-03
3.838888888888876937e-03
3.908333333333320961e-03
3.661111111111099801e-03
3.947222222222209614e-03
3.677777777777766367e-03
3.736111111111099347e-03
4.055555555555547496e-03
3.894444444444432590e-03
3.736111111111099347e-03
3.736111111111099347e-03
3.791666666666655000e-03
3.647222222222210562e-03
3.802777777777766044e-03
3.688888888888877410e-03
3.755555555555543674e-03
3.802777777777765610e-03
3.641666666666655040e-03
3.833333333333321415e-03
3.724999999999988303e-03
3.780555555555543523e-03
3.599999999999989059e-03
3.799999999999988283e-03
3.827777777777765893e-03
3.863888888888876352e-03
3.783333333333321717e-03
3.766666666666655151e-03
3.591666666666655777e-03
3.791666666666654566e-03
3.677777777777766367e-03
3.833333333333321415e-03
3.855555555555543502e-03
3.719444444444433215e-03
3.955555555555542897e-03
3.705555555555543976e-03
3.691666666666654738e-03
3.766666666666655151e-03
3.769444444444432479e-03
3.794444444444432327e-03
3.552777777777767123e-03
3.672222222222210845e-03
3.741666666666655303e-03
3.805555555555544239e-03
3.874999999999987829e-03
3.655555555555543845e-03
3.691666666666655171e-03
3.686111111111100083e-03
3.772222222222210240e-03
3.697222222222210693e-03
3.577777777777766538e-03
3.736111111111099347e-03
3.552777777777767123e-03
3.669444444444432650e-03
3.744444444444432630e-03
3.536111111111099690e-03
3.883333333333321112e-03
3.733333333333322020e-03
3.647222222222210996e-03
3.549999999999989362e-03
3.569444444444433689e-03
3.697222222222210693e-03
3.780555555555543956e-03
3.791666666666655000e-03
3.797222222222210088e-03
3.586111111111099821e-03
3.694444444444432932e-03
3.688888888888877410e-03
3.586111111111100255e-03
3.616666666666655625e-03
3.533333333333322362e-03
3.586111111111100255e-03
3.677777777777765933e-03
3.813888888888877088e-03
3.522222222222211319e-03
3.808333333333321566e-03
3.486111111111099992e-03
3.677777777777766367e-03
3.488888888888877753e-03
3.513888888888878036e-03
3.461111111111100577e-03
3.741666666666655303e-03
3.383333333333322836e-03
3.472222222222211187e-03
3.549999999999989362e-03
3.302777777777767768e-03
3.561111111111100406e-03
3.461111111111100577e-03
3.488888888888878187e-03
3.605555555555544148e-03
3.838888888888876937e-03
3.599999999999989059e-03
3.380555555555545509e-03
3.327777777777767617e-03
3.474999999999989382e-03
3.674999999999988172e-03
3.736111111111099781e-03
3.541666666666655645e-03
3.499999999999989231e-03
3.544444444444433840e-03
3.574999999999988777e-03
3.683333333333321455e-03
3.641666666666655474e-03
3.505555555555544319e-03
3.416666666666655968e-03
3.688888888888877410e-03
3.711111111111099498e-03
3.524999999999989080e-03
3.583333333333322494e-03
3.536111111111100123e-03
3.422222222222211924e-03
3.605555555555544581e-03
3.388888888888878792e-03
3.574999999999989211e-03
3.516666666666655363e-03
3.616666666666655625e-03
3.466666666666655666e-03
3.463888888888877905e-03
3.458333333333322816e-03
3.563888888888878167e-03
3.558333333333322211e-03
3.588888888888878016e-03
3.447222222222211339e-03
3.669444444444433084e-03
3.472222222222211187e-03
3.516666666666655363e-03
3.330555555555545378e-03
3.497222222222211470e-03
3.580555555555544299e-03
3.569444444444433689e-03
3.399999999999989402e-03
3.716666666666654587e-03
3.486111111111100426e-03
3.555555555555544450e-03
3.558333333333322211e-03
3.549999999999988928e-03
3.666666666666655323e-03
3.497222222222211036e-03
3.399999999999989402e-03
3.524999999999988646e-03
3.263888888888879115e-03
3.355555555555545227e-03
3.636111111111099952e-03
3.411111111111100880e-03
3.461111111111100577e-03
3.402777777777767163e-03
3.591666666666655343e-03
3.386111111111101031e-03
3.480555555555544904e-03
3.497222222222211470e-03
3.386111111111100597e-03
3.363888888888878076e-03
3.447222222222211339e-03
3.497222222222211470e-03
3.513888888888878036e-03
3.455555555555545055e-03
3.355555555555545227e-03
3.522222222222210885e-03
3.519444444444433124e-03
3.524999999999989080e-03
3.361111111111100315e-03
3.436111111111100729e-03
3.441666666666656250e-03
3.308333333333323290e-03
3.569444444444433255e-03
3.269444444444434203e-03
3.352777777777767466e-03
3.441666666666656250e-03
3.449999999999989533e-03
3.247222222222212549e-03
3.355555555555544793e-03
3.330555555555544944e-03
3.344444444444434183e-03
3.502777777777766992e-03
3.599999999999989059e-03
3.394444444444434314e-03
3.363888888888878076e-03
3.594444444444433538e-03
3.372222222222212226e-03
3.605555555555544581e-03
3.397222222222212075e-03
3.302777777777767335e-03
3.441666666666655817e-03
3.463888888888877905e-03
3.302777777777767768e-03
3.294444444444434485e-03
3.424999999999989251e-03
3.319444444444433900e-03
3.408333333333323119e-03
3.377777777777767748e-03
3.211111111111101223e-03
3.413888888888878641e-03
3.319444444444433900e-03
3.236111111111101071e-03
3.522222222222210885e-03
3.411111111111100446e-03
3.144444444444434526e-03
3.397222222222212075e-03
3.380555555555545075e-03
3.302777777777767768e-03
3.438888888888878056e-03
3.566666666666655928e-03
3.322222222222211661e-03
3.430555555555545207e-03
3.449999999999989533e-03
3.341666666666655988e-03
3.380555555555545509e-03
3.319444444444434334e-03
3.152777777777767809e-03
3.305555555555545096e-03
3.299999999999989574e-03
3.324999999999989422e-03
3.444444444444434011e-03
3.219444444444434939e-03
3.316666666666656139e-03
3.291666666666656291e-03
3.308333333333323290e-03
3.391666666666656119e-03
3.433333333333322534e-03
3.416666666666656402e-03
3.280555555555545247e-03
3.322222222222212095e-03
3.336111111111100466e-03
3.413888888888878641e-03
3.363888888888878076e-03
3.338888888888878661e-03
3.183333333333323179e-03
3.344444444444433749e-03
3.288888888888878963e-03
3.313888888888878812e-03
3.352777777777767466e-03
3.266666666666656442e-03
3.038888888888879609e-03
3.486111111111099992e-03
3.280555555555545247e-03
3.547222222222211167e-03
3.349999999999989271e-03
3.438888888888878489e-03
3.388888888888878358e-03
3.288888888888878530e-03
3.427777777777767446e-03
3.305555555555545096e-03
3.319444444444433900e-03
3.349999999999989705e-03
3.261111111111101354e-03
3.291666666666656291e-03
3.208333333333323462e-03
3.280555555555545681e-03
3.191666666666656896e-03
3.324999999999989422e-03
3.263888888888878681e-03
3.433333333333322534e-03
3.199999999999990179e-03
3.447222222222211339e-03
3.219444444444434939e-03
3.124999999999990199e-03
3.327777777777767183e-03
3.236111111111101071e-03
3.236111111111101505e-03
3.258333333333323593e-03
3.188888888888878701e-03
3.236111111111101071e-03
3.333333333333322705e-03
3.391666666666656119e-03
3.158333333333323764e-03
3.183333333333323613e-03
3.086111111111101979e-03
3.299999999999989574e-03
3.269444444444434203e-03
3.119444444444434677e-03
3.108333333333323633e-03
3.333333333333322705e-03
3.297222222222212246e-03
3.163888888888878852e-03
3.183333333333323179e-03
3.047222222222212892e-03
3.088888888888879740e-03
3.236111111111101071e-03
3.352777777777767032e-03
3.252777777777768071e-03
3.149999999999990048e-03
3.291666666666656724e-03
3.041666666666657370e-03
3.308333333333322857e-03
3.294444444444434052e-03
3.111111111111101394e-03
3.305555555555545096e-03
3.174999999999989896e-03
3.136111111111101676e-03
3.199999999999990179e-03
3.163888888888879286e-03
3.202777777777767940e-03
3.238888888888879266e-03
3.169444444444434374e-03
3.136111111111101243e-03
3.049999999999990653e-03
3.305555555555545096e-03
3.169444444444434374e-03
3.269444444444434637e-03
3.238888888888878832e-03
3.194444444444434223e-03
3.269444444444434203e-03
3.172222222222212135e-03
3.180555555555545418e-03
3.219444444444434939e-03
3.372222222222212226e-03
3.002777777777768716e-03
3.036111111111101848e-03
2.969444444444435151e-03
3.127777777777767960e-03
3.013888888888879760e-03
3.327777777777767183e-03
3.144444444444434526e-03
3.408333333333323119e-03
3.183333333333323179e-03
3.097222222222212589e-03
3.294444444444434485e-03
3.161111111111101525e-03
3.311111111111100617e-03
3.224999999999990027e-03
3.094444444444434828e-03
2.980555555555546195e-03
3.183333333333323613e-03
3.188888888888878701e-03
3.172222222222212135e-03
3.330555555555544944e-03
3.169444444444434808e-03
3.124999999999990199e-03
3.005555555555546043e-03
2.924999999999990975e-03
3.122222222222212438e-03
3.224999999999990027e-03
3.133333333333323915e-03
3.211111111111101223e-03
3.258333333333323159e-03
3.169444444444434374e-03
3.152777777777767809e-03
3.188888888888879135e-03
3.074999999999990935e-03
2.963888888888880063e-03
2.983333333333324389e-03
3.122222222222212872e-03
3.066666666666657218e-03
3.063888888888879457e-03
3.186111111111100940e-03
3.177777777777767657e-03
3.102777777777768545e-03
3.141666666666656765e-03
3.099999999999990350e-03
3.061111111111102130e-03
3.188888888888878701e-03
3.044444444444435564e-03
2.999999999999990521e-03
3.163888888888878852e-03
3.133333333333323482e-03
3.130555555555546154e-03
3.038888888888880042e-03
3.124999999999990199e-03
3.008333333333323804e-03
3.247222222222212115e-03
3.019444444444434848e-03
3.030555555555546326e-03
