5.361111111111100357e-04
6.972222222222203888e-04
6.944444444444427362e-04
8.722222222222198720e-04
9.694444444444416144e-04
9.888888888888861580e-04
1.019444444444441746e-03
1.291666666666662971e-03
1.363888888888884973e-03
1.558333333333328892e-03
1.536111111111106804e-03
1.586111111111106284e-03
1.566666666666661958e-03
1.588888888888884045e-03
1.702777777777772679e-03
1.799999999999994530e-03
1.816666666666661529e-03
1.883333333333327576e-03
1.869444444444439205e-03
2.047222222222215907e-03
1.941666666666661207e-03
2.155555555555549018e-03
2.124999999999993214e-03
2.072222222222216189e-03
2.127777777777771408e-03
1.963888888888882644e-03
2.158333333333327213e-03
2.086111111111104994e-03
2.030555555555549774e-03
2.041666666666660818e-03
2.027777777777772013e-03
2.033333333333327535e-03
2.252777777777771086e-03
2.261111111111104369e-03
2.058333333333327384e-03
2.097222222222216038e-03
2.216666666666660193e-03
2.197222222222215866e-03
2.158333333333327213e-03
2.130555555555549169e-03
2.294444444444437500e-03
2.302777777777770783e-03
2.305555555555548111e-03
2.244444444444437803e-03
2.269444444444437652e-03
2.199999999999993627e-03
2.222222222222215715e-03
2.133333333333326930e-03
2.252777777777771086e-03
2.191666666666660344e-03
2.258333333333326608e-03
2.324999999999992871e-03
2.216666666666659759e-03
2.224999999999993476e-03
2.186111111111104822e-03
2.155555555555549018e-03
2.319444444444437349e-03
2.180555555555549301e-03
2.291666666666659739e-03
2.283333333333326456e-03
2.127777777777770975e-03
2.274999999999993174e-03
2.213888888888882432e-03
2.197222222222215866e-03
2.205555555555549149e-03
2.358333333333326436e-03
2.291666666666659739e-03
2.363888888888881958e-03
2.205555555555549149e-03
2.274999999999993174e-03
2.186111111111104389e-03
2.338888888888882110e-03
2.213888888888882432e-03
2.319444444444437349e-03
2.308333333333326305e-03
2.222222222222215715e-03
2.477777777777770158e-03
1.986111111111105165e-03
2.341666666666659870e-03
2.327777777777770632e-03
2.166666666666660496e-03
2.088888888888882755e-03
2.233333333333326759e-03
2.274999999999993174e-03
2.213888888888882432e-03
2.308333333333326305e-03
2.261111111111104369e-03
2.330555555555548393e-03
2.155555555555549018e-03
2.177777777777771540e-03
2.199999999999993627e-03
2.441666666666658832e-03
2.313888888888881827e-03
2.361111111111104197e-03
2.244444444444437803e-03
2.202777777777771388e-03
2.336111111111103915e-03
2.172222222222216018e-03
2.199999999999993627e-03
2.280555555555548695e-03
2.186111111111104822e-03
2.236111111111104520e-03
2.124999999999993647e-03
2.174999999999993779e-03
2.216666666666660193e-03
2.269444444444437652e-03
2.152777777777771257e-03
2.266666666666659891e-03
2.272222222222215413e-03
2.366666666666659719e-03
2.330555555555548393e-03
2.361111111111104197e-03
2.152777777777771257e-03
2.324999999999992871e-03
2.236111111111104520e-03
2.288888888888881978e-03
2.322222222222215110e-03
2.191666666666660344e-03
2.336111111111104349e-03
2.297222222222215261e-03
2.419444444444437178e-03
2.266666666666659891e-03
2.191666666666659911e-03
2.230555555555548998e-03
2.277777777777770934e-03
2.308333333333326305e-03
2.305555555555548544e-03
2.272222222222215413e-03
2.305555555555548111e-03
2.213888888888882432e-03
2.311111111111104066e-03
2.349999999999993153e-03
2.211111111111104671e-03
2.180555555555549301e-03
2.319444444444437349e-03
2.319444444444437349e-03
2.283333333333326456e-03
2.216666666666660193e-03
2.236111111111104520e-03
2.322222222222215110e-03
2.263888888888882130e-03
2.186111111111104822e-03
2.266666666666659891e-03
2.358333333333326436e-03
2.388888888888881807e-03
2.252777777777771086e-03
2.341666666666659870e-03
2.299999999999993022e-03
2.333333333333326588e-03
2.308333333333325871e-03
2.236111111111104520e-03
2.477777777777770158e-03
2.183333333333327061e-03
2.236111111111104520e-03
2.213888888888881998e-03
2.374999999999993002e-03
2.174999999999993779e-03
2.158333333333327213e-03
2.305555555555548544e-03
2.380555555555548524e-03
2.252777777777771086e-03
2.241666666666660042e-03
2.280555555555548695e-03
2.261111111111104369e-03
2.299999999999993022e-03
2.080555555555549472e-03
2.294444444444437500e-03
2.316666666666659588e-03
2.161111111111104974e-03
2.219444444444437520e-03
2.166666666666660062e-03
2.216666666666660193e-03
2.266666666666659891e-03
2.205555555555549149e-03
2.208333333333326910e-03
2.369444444444437480e-03
2.313888888888881827e-03
2.194444444444438105e-03
2.305555555555548544e-03
2.230555555555548998e-03
2.274999999999993174e-03
2.272222222222215413e-03
2.202777777777771388e-03
2.255555555555548847e-03
2.311111111111104066e-03
2.322222222222215110e-03
2.194444444444438105e-03
2.277777777777770934e-03
2.386111111111104046e-03
2.252777777777771086e-03
2.333333333333326588e-03
2.377777777777770763e-03
2.297222222222215261e-03
2.188888888888882583e-03
2.227777777777771237e-03
2.219444444444437520e-03
2.172222222222215584e-03
2.208333333333326910e-03
2.266666666666659891e-03
2.052777777777771862e-03
2.363888888888881958e-03
2.272222222222215413e-03
2.369444444444437480e-03
2.180555555555548867e-03
2.238888888888882281e-03
2.180555555555549301e-03
2.180555555555549301e-03
2.266666666666659891e-03
2.283333333333326456e-03
2.305555555555548544e-03
2.144444444444437541e-03
2.169444444444438257e-03
2.261111111111104369e-03
2.455555555555548070e-03
2.244444444444437803e-03
2.299999999999993022e-03
2.336111111111104349e-03
2.352777777777770481e-03
2.155555555555549018e-03
2.430555555555548222e-03
2.258333333333326608e-03
2.280555555555548695e-03
2.199999999999993194e-03
2.402777777777770612e-03
2.299999999999993022e-03
2.341666666666659870e-03
2.269444444444437652e-03
2.238888888888882281e-03
2.233333333333326759e-03
2.286111111111104217e-03
2.291666666666659306e-03
2.205555555555549149e-03
2.347222222222215392e-03
2.208333333333326910e-03
2.319444444444437349e-03
2.238888888888881847e-03
2.286111111111104217e-03
2.222222222222215715e-03
2.261111111111104369e-03
2.377777777777770763e-03
2.355555555555548675e-03
2.266666666666659891e-03
2.408333333333326134e-03
2.213888888888882432e-03
2.274999999999993174e-03
2.347222222222215392e-03
2.405555555555548373e-03
2.299999999999993022e-03
2.197222222222215866e-03
2.147222222222215735e-03
2.172222222222216018e-03
2.316666666666659154e-03
2.236111111111104520e-03
2.202777777777771388e-03
2.152777777777771691e-03
2.202777777777771388e-03
2.305555555555548544e-03
2.216666666666660193e-03
2.138888888888882452e-03
2.144444444444437974e-03
2.216666666666660193e-03
2.211111111111104671e-03
2.374999999999993002e-03
2.338888888888881676e-03
2.272222222222215413e-03
2.127777777777771408e-03
2.502777777777770007e-03
2.427777777777770461e-03
2.230555555555548998e-03
2.211111111111104671e-03
2.399999999999992851e-03
2.136111111111104258e-03
2.322222222222215110e-03
2.338888888888882110e-03
2.224999999999993476e-03
2.269444444444437652e-03
2.388888888888881807e-03
2.244444444444437803e-03
2.199999999999993627e-03
2.227777777777771237e-03
2.294444444444437500e-03
2.211111111111104671e-03
2.286111111111104217e-03
2.113888888888882604e-03
2.138888888888882019e-03
2.238888888888882281e-03
2.380555555555548524e-03
2.383333333333326285e-03
2.191666666666660344e-03
2.299999999999993022e-03
2.263888888888882130e-03
2.161111111111104106e-03
2.499999999999992246e-03
2.424999999999992700e-03
2.283333333333326456e-03
2.308333333333326305e-03
2.327777777777770632e-03
2.213888888888882432e-03
2.233333333333326759e-03
2.269444444444437652e-03
2.219444444444437954e-03
2.308333333333326305e-03
2.172222222222216018e-03
2.294444444444437500e-03
2.477777777777770158e-03
2.244444444444437369e-03
2.102777777777771560e-03
2.222222222222215715e-03
2.255555555555548847e-03
2.199999999999993627e-03
2.224999999999993476e-03
2.330555555555548393e-03
2.186111111111104822e-03
2.236111111111104520e-03
2.291666666666659306e-03
2.302777777777770783e-03
2.105555555555548887e-03
2.288888888888881978e-03
2.319444444444437349e-03
2.294444444444437500e-03
2.194444444444438105e-03
2.308333333333326305e-03
2.297222222222215261e-03
2.286111111111104217e-03
2.266666666666659891e-03
2.363888888888881958e-03
2.205555555555549149e-03
2.308333333333326305e-03
2.291666666666659739e-03
2.308333333333326305e-03
2.369444444444437480e-03
2.316666666666659588e-03
2.308333333333326305e-03
2.144444444444437974e-03
2.377777777777770763e-03
2.224999999999993910e-03
2.272222222222215413e-03
2.386111111111104046e-03
2.274999999999993174e-03
2.313888888888881827e-03
2.374999999999993002e-03
2.411111111111103895e-03
2.258333333333326608e-03
2.247222222222215130e-03
2.336111111111104349e-03
2.194444444444438105e-03
2.313888888888881827e-03
2.230555555555548998e-03
2.397222222222215090e-03
2.272222222222215413e-03
2.280555555555548695e-03
2.319444444444437349e-03
2.283333333333326456e-03
2.158333333333327213e-03
2.186111111111104822e-03
2.266666666666659891e-03
2.194444444444438105e-03
2.302777777777770783e-03
2.352777777777770914e-03
2.308333333333326305e-03
2.238888888888882281e-03
2.158333333333327213e-03
2.136111111111104691e-03
2.238888888888881847e-03
2.308333333333325871e-03
2.222222222222215715e-03
2.286111111111103784e-03
2.222222222222215715e-03
2.186111111111104822e-03
2.258333333333326608e-03
2.244444444444437803e-03
2.205555555555549149e-03
2.277777777777770934e-03
2.169444444444438257e-03
2.299999999999993022e-03
2.263888888888882130e-03
2.361111111111104197e-03
2.147222222222215735e-03
2.227777777777771237e-03
2.302777777777770783e-03
2.152777777777771257e-03
2.424999999999992700e-03
2.319444444444437349e-03
2.230555555555548998e-03
2.277777777777770934e-03
2.249999999999993325e-03
2.188888888888882150e-03
2.186111111111104822e-03
2.166666666666660496e-03
2.366666666666659719e-03
2.261111111111104369e-03
2.333333333333325720e-03
2.263888888888882130e-03
2.324999999999992871e-03
2.174999999999993779e-03
2.286111111111104217e-03
2.205555555555548716e-03
2.227777777777771237e-03
2.194444444444438105e-03
2.149999999999993496e-03
2.180555555555549301e-03
2.283333333333326456e-03
2.338888888888882110e-03
2.266666666666659891e-03
2.386111111111104046e-03
2.330555555555548393e-03
2.219444444444437954e-03
2.236111111111104954e-03
2.258333333333326608e-03
2.311111111111104066e-03
2.355555555555549109e-03
2.238888888888882281e-03
2.202777777777771388e-03
2.194444444444438105e-03
2.299999999999993022e-03
2.427777777777770461e-03
2.277777777777770934e-03
2.316666666666659588e-03
2.344444444444437631e-03
2.280555555555548262e-03
2.344444444444437198e-03
2.197222222222215433e-03
2.080555555555549472e-03
2.263888888888882130e-03
2.302777777777770783e-03
2.244444444444437803e-03
2.188888888888882583e-03
2.327777777777770632e-03
2.141666666666659780e-03
2.291666666666659739e-03
2.277777777777770934e-03
2.244444444444437803e-03
2.294444444444437500e-03
2.269444444444437652e-03
2.186111111111104822e-03
2.286111111111104217e-03
2.349999999999993153e-03
2.288888888888881978e-03
2.222222222222215715e-03
2.236111111111104520e-03
2.305555555555548544e-03
2.216666666666660193e-03
2.197222222222215866e-03
2.288888888888881978e-03
2.263888888888882130e-03
2.161111111111104974e-03
2.280555555555548695e-03
2.391666666666659568e-03
2.297222222222215261e-03
2.355555555555548675e-03
2.294444444444437500e-03
2.227777777777770803e-03
2.247222222222215564e-03
2.344444444444438065e-03
2.308333333333326305e-03
2.216666666666660193e-03
2.205555555555549149e-03
2.277777777777770934e-03
2.202777777777771388e-03
2.302777777777770350e-03
2.455555555555548070e-03
2.252777777777771086e-03
2.444444444444436593e-03
2.299999999999993022e-03
2.361111111111103764e-03
2.358333333333326436e-03
2.319444444444437349e-03
2.105555555555548887e-03
2.413888888888881656e-03
2.197222222222215866e-03
2.333333333333326588e-03
2.202777777777771388e-03
2.333333333333326588e-03
2.199999999999993627e-03
2.133333333333326930e-03
2.252777777777771086e-03
2.236111111111104520e-03
2.249999999999993325e-03
2.219444444444437954e-03
2.286111111111104217e-03
2.511111111111103723e-03
2.258333333333326608e-03
2.397222222222215090e-03
2.333333333333326588e-03
2.305555555555548544e-03
2.186111111111104389e-03
2.288888888888881978e-03
2.236111111111104086e-03
2.311111111111103632e-03
2.269444444444437652e-03
2.208333333333326910e-03
2.186111111111104822e-03
2.302777777777770783e-03
2.152777777777771257e-03
2.230555555555548998e-03
2.152777777777771257e-03
2.202777777777770955e-03
2.269444444444437652e-03
2.280555555555548695e-03
2.266666666666659891e-03
2.286111111111104217e-03
2.219444444444437954e-03
2.311111111111104066e-03
2.127777777777771408e-03
2.324999999999992871e-03
2.388888888888881807e-03
2.288888888888881978e-03
2.327777777777770632e-03
2.241666666666660042e-03
2.172222222222216018e-03
2.288888888888881978e-03
2.269444444444437652e-03
2.252777777777771086e-03
2.352777777777770914e-03
2.288888888888881978e-03
2.311111111111104066e-03
2.180555555555548867e-03
2.274999999999993174e-03
2.272222222222215413e-03
2.361111111111104197e-03
2.383333333333326285e-03
2.233333333333326759e-03
2.213888888888882432e-03
2.127777777777771408e-03
2.286111111111104217e-03
2.338888888888882110e-03
2.063888888888882472e-03
2.311111111111104066e-03
2.169444444444438257e-03
2.174999999999993779e-03
2.269444444444437652e-03
2.213888888888882432e-03
2.249999999999993325e-03
2.291666666666659739e-03
2.252777777777771086e-03
2.169444444444438257e-03
2.180555555555549301e-03
2.211111111111104671e-03
2.241666666666660042e-03
2.386111111111103612e-03
2.197222222222215866e-03
2.311111111111104066e-03
2.244444444444437369e-03
2.183333333333327061e-03
2.383333333333326285e-03
2.224999999999993476e-03
2.286111111111103784e-03
2.236111111111104520e-03
2.413888888888881656e-03
2.288888888888881978e-03
2.238888888888881847e-03
2.286111111111104217e-03
2.344444444444437631e-03
2.436111111111103743e-03
2.108333333333326648e-03
2.105555555555549321e-03
2.272222222222215413e-03
2.341666666666659870e-03
2.241666666666660042e-03
2.269444444444437652e-03
2.241666666666659608e-03
2.372222222222215241e-03
2.277777777777770934e-03
2.194444444444438105e-03
2.294444444444437500e-03
2.286111111111104217e-03
2.244444444444437803e-03
2.322222222222215110e-03
2.324999999999993305e-03
2.333333333333326588e-03
2.319444444444437349e-03
2.102777777777771560e-03
2.347222222222215392e-03
2.352777777777770914e-03
2.352777777777770914e-03
2.305555555555548544e-03
2.266666666666659891e-03
2.261111111111104369e-03
2.419444444444437178e-03
2.422222222222214939e-03
2.166666666666660496e-03
2.172222222222215584e-03
2.213888888888882432e-03
2.322222222222215110e-03
2.224999999999993476e-03
2.294444444444437500e-03
2.261111111111104369e-03
2.144444444444437974e-03
2.358333333333326436e-03
2.230555555555548998e-03
2.352777777777770914e-03
2.483333333333325680e-03
2.386111111111104046e-03
2.433333333333325983e-03
2.258333333333326608e-03
2.219444444444437520e-03
2.247222222222215564e-03
2.161111111111104974e-03
2.091666666666660516e-03
2.252777777777771086e-03
2.222222222222215715e-03
2.349999999999993153e-03
2.105555555555548887e-03
2.177777777777771540e-03
2.305555555555548544e-03
2.358333333333326436e-03
2.299999999999993022e-03
2.244444444444437803e-03
2.241666666666660042e-03
2.188888888888882583e-03
2.230555555555548998e-03
2.244444444444437803e-03
2.394444444444437329e-03
2.361111111111104197e-03
2.244444444444437803e-03
2.288888888888881978e-03
2.463888888888881353e-03
2.238888888888882281e-03
2.288888888888881978e-03
2.330555555555548393e-03
2.266666666666659891e-03
2.191666666666659911e-03
2.083333333333327233e-03
2.077777777777771711e-03
2.288888888888881978e-03
2.297222222222215261e-03
2.297222222222215695e-03
2.155555555555549018e-03
2.236111111111104520e-03
2.155555555555549018e-03
2.386111111111104046e-03
2.369444444444437480e-03
2.244444444444437803e-03
2.274999999999993174e-03
2.277777777777770934e-03
2.258333333333326608e-03
2.397222222222214656e-03
2.211111111111104671e-03
2.230555555555548998e-03
2.327777777777770632e-03
2.224999999999993476e-03
2.138888888888882452e-03
2.427777777777770461e-03
2.230555555555548998e-03
2.172222222222216451e-03
2.361111111111104197e-03
2.330555555555548393e-03
2.166666666666660496e-03
2.380555555555548524e-03
2.438888888888881504e-03
2.291666666666659739e-03
2.286111111111104217e-03
2.338888888888882110e-03
2.269444444444437652e-03
2.252777777777770652e-03
2.183333333333327061e-03
2.097222222222216038e-03
2.269444444444437652e-03
2.330555555555547959e-03
2.227777777777771237e-03
2.222222222222215715e-03
2.391666666666659568e-03
2.247222222222215564e-03
2.436111111111103743e-03
2.355555555555548675e-03
2.372222222222215241e-03
2.247222222222215564e-03
2.136111111111104691e-03
2.233333333333326759e-03
2.141666666666660213e-03
2.338888888888882110e-03
2.249999999999992891e-03
2.277777777777770934e-03
2.208333333333326910e-03
2.294444444444437500e-03
2.216666666666660193e-03
2.091666666666660516e-03
2.222222222222215715e-03
2.155555555555549018e-03
2.308333333333326305e-03
2.249999999999993325e-03
2.222222222222215715e-03
2.252777777777771086e-03
2.199999999999993627e-03
2.186111111111104822e-03
2.299999999999993022e-03
2.186111111111105256e-03
2.252777777777771086e-03
2.216666666666660193e-03
2.208333333333326910e-03
2.424999999999992700e-03
2.219444444444437954e-03
2.286111111111104217e-03
2.408333333333325700e-03
2.272222222222215413e-03
2.444444444444437026e-03
2.216666666666659759e-03
2.247222222222215564e-03
2.211111111111104671e-03
2.299999999999993022e-03
2.161111111111104974e-03
2.249999999999993325e-03
2.249999999999993325e-03
2.311111111111104066e-03
2.219444444444437954e-03
2.341666666666659870e-03
2.277777777777770934e-03
2.224999999999993476e-03
2.149999999999993496e-03
2.305555555555548544e-03
2.541666666666659094e-03
2.105555555555549321e-03
2.283333333333326456e-03
2.327777777777770198e-03
2.341666666666659870e-03
2.299999999999993022e-03
2.255555555555548413e-03
2.258333333333326608e-03
2.211111111111104671e-03
2.191666666666660344e-03
2.111111111111104843e-03
2.305555555555548544e-03
2.316666666666659588e-03
2.172222222222216018e-03
2.297222222222215261e-03
2.316666666666659588e-03
2.280555555555548695e-03
2.288888888888881978e-03
2.283333333333326456e-03
2.405555555555548373e-03
2.366666666666659719e-03
2.236111111111104520e-03
2.383333333333326285e-03
2.258333333333326608e-03
2.241666666666660042e-03
2.333333333333326588e-03
2.258333333333326608e-03
2.174999999999993779e-03
2.183333333333327061e-03
2.230555555555548998e-03
2.280555555555548695e-03
2.205555555555549149e-03
2.147222222222215735e-03
2.322222222222215110e-03
2.311111111111103632e-03
2.341666666666659870e-03
2.274999999999993174e-03
2.436111111111103743e-03
2.327777777777770632e-03
2.263888888888882130e-03
2.216666666666660193e-03
2.141666666666660213e-03
2.219444444444437954e-03
2.355555555555548675e-03
2.397222222222215090e-03
2.224999999999993476e-03
2.180555555555549301e-03
2.061111111111104711e-03
2.255555555555548847e-03
2.180555555555549734e-03
2.199999999999993627e-03
2.258333333333326608e-03
2.294444444444437500e-03
2.163888888888882735e-03
2.297222222222215261e-03
2.249999999999993325e-03
2.363888888888881958e-03
2.330555555555548393e-03
2.302777777777770783e-03
2.286111111111104217e-03
2.280555555555548695e-03
2.266666666666659891e-03
2.208333333333326910e-03
2.311111111111104066e-03
2.163888888888882735e-03
2.144444444444437541e-03
2.261111111111104369e-03
2.361111111111104197e-03
2.208333333333326910e-03
2.244444444444437803e-03
2.219444444444437954e-03
2.436111111111103743e-03
2.066666666666660667e-03
2.158333333333327213e-03
2.313888888888881827e-03
2.494444444444436290e-03
2.488888888888881202e-03
2.219444444444437954e-03
2.219444444444437954e-03
2.147222222222215302e-03
2.311111111111104066e-03
2.149999999999993496e-03
2.355555555555548675e-03
2.399999999999992851e-03
2.213888888888882432e-03
2.316666666666659588e-03
2.186111111111104822e-03
2.152777777777771257e-03
2.333333333333326588e-03
2.455555555555548070e-03
2.311111111111104066e-03
2.219444444444437954e-03
2.291666666666659739e-03
2.344444444444437631e-03
2.247222222222215564e-03
2.277777777777770934e-03
2.291666666666659739e-03
2.116666666666660365e-03
2.141666666666660213e-03
2.252777777777771086e-03
2.186111111111104822e-03
2.380555555555548524e-03
2.213888888888882432e-03
2.386111111111103612e-03
2.199999999999993627e-03
2.286111111111104217e-03
2.236111111111104520e-03
2.391666666666659568e-03
2.224999999999993476e-03
2.363888888888881958e-03
2.416666666666659417e-03
2.172222222222216018e-03
2.172222222222216018e-03
2.249999999999993325e-03
2.133333333333326930e-03
2.249999999999993325e-03
2.458333333333325831e-03
2.258333333333326608e-03
2.302777777777770783e-03
2.291666666666659739e-03
2.363888888888881525e-03
2.155555555555549018e-03
2.166666666666660062e-03
2.158333333333327213e-03
2.327777777777770632e-03
2.199999999999993627e-03
2.327777777777770632e-03
2.230555555555548998e-03
2.413888888888881656e-03
2.311111111111104066e-03
2.133333333333326497e-03
2.405555555555548373e-03
2.302777777777770783e-03
2.172222222222215584e-03
2.327777777777770632e-03
2.322222222222215110e-03
2.213888888888882432e-03
2.052777777777771862e-03
2.422222222222214939e-03
2.308333333333325871e-03
2.380555555555548524e-03
2.261111111111104369e-03
2.208333333333326910e-03
2.188888888888882583e-03
2.302777777777770783e-03
2.197222222222215866e-03
2.294444444444437500e-03
2.202777777777771388e-03
2.308333333333326305e-03
2.288888888888881978e-03
2.280555555555548695e-03
2.291666666666659739e-03
2.419444444444437178e-03
2.374999999999993002e-03
2.233333333333326325e-03
2.344444444444437631e-03
2.469444444444436875e-03
2.180555555555549301e-03
2.211111111111104671e-03
2.319444444444437349e-03
2.294444444444437500e-03
2.258333333333326608e-03
2.258333333333326608e-03
2.199999999999993627e-03
2.358333333333326436e-03
2.188888888888882583e-03
2.330555555555548393e-03
2.358333333333326436e-03
2.222222222222215715e-03
2.322222222222215110e-03
2.305555555555548544e-03
2.230555555555548998e-03
2.219444444444437954e-03
2.208333333333326910e-03
2.363888888888881958e-03
2.272222222222215413e-03
2.313888888888881827e-03
2.297222222222215261e-03
2.330555555555548393e-03
2.336111111111103915e-03
2.244444444444437803e-03
2.102777777777771560e-03
2.349999999999993153e-03
2.188888888888882583e-03
2.369444444444437480e-03
2.294444444444437500e-03
2.286111111111104217e-03
2.305555555555548544e-03
2.213888888888882432e-03
2.222222222222215715e-03
2.261111111111104369e-03
2.274999999999993174e-03
2.299999999999993022e-03
2.230555555555548998e-03
2.244444444444437803e-03
2.327777777777770632e-03
2.313888888888881827e-03
2.358333333333326436e-03
2.386111111111104046e-03
2.386111111111103612e-03
2.380555555555548524e-03
2.105555555555548887e-03
2.224999999999993476e-03
2.261111111111104369e-03
2.058333333333327384e-03
2.249999999999993325e-03
2.216666666666659759e-03
2.327777777777770632e-03
2.269444444444437652e-03
2.222222222222215715e-03
2.222222222222215715e-03
2.330555555555548393e-03
2.480555555555547919e-03
2.241666666666660042e-03
2.230555555555548998e-03
2.202777777777771388e-03
2.222222222222215715e-03
2.336111111111104349e-03
2.344444444444437631e-03
2.358333333333326436e-03
2.244444444444437803e-03
2.269444444444437652e-03
2.311111111111104066e-03
2.372222222222215241e-03
2.163888888888882735e-03
2.174999999999993779e-03
2.280555555555548262e-03
2.249999999999993325e-03
2.186111111111104822e-03
2.349999999999993153e-03
2.449999999999992548e-03
2.130555555555549169e-03
2.330555555555548393e-03
2.313888888888881827e-03
2.163888888888882735e-03
2.174999999999993779e-03
2.241666666666659608e-03
2.191666666666660344e-03
2.183333333333327061e-03
2.358333333333326436e-03
2.311111111111103632e-03
2.149999999999993496e-03
2.205555555555549149e-03
2.261111111111104369e-03
2.322222222222215110e-03
2.227777777777771237e-03
2.322222222222215110e-03
2.313888888888881827e-03
2.286111111111104217e-03
2.194444444444438105e-03
2.366666666666659719e-03
2.169444444444438257e-03
2.155555555555549018e-03
2.333333333333326588e-03
2.188888888888883017e-03
2.252777777777770652e-03
2.236111111111104520e-03
2.199999999999993194e-03
2.219444444444437954e-03
2.358333333333326436e-03
2.238888888888882281e-03
2.291666666666659739e-03
2.444444444444437026e-03
2.299999999999993022e-03
2.330555555555548393e-03
2.333333333333326588e-03
2.305555555555548544e-03
2.258333333333326608e-03
2.174999999999993779e-03
2.299999999999993022e-03
2.174999999999993779e-03
2.236111111111104520e-03
2.316666666666659588e-03
2.297222222222215261e-03
2.227777777777771237e-03
2.288888888888881545e-03
2.291666666666659739e-03
2.266666666666659891e-03
2.194444444444438105e-03
2.213888888888882432e-03
2.241666666666660042e-03
2.313888888888881827e-03
2.163888888888882735e-03
2.399999999999992851e-03
2.163888888888882735e-03
2.063888888888882906e-03
2.208333333333326910e-03
2.161111111111104974e-03
2.211111111111104671e-03
2.319444444444437349e-03
2.316666666666659154e-03
2.599999999999992074e-03
3.030555555555546326e-03
3.105555555555545872e-03
3.549999999999989362e-03
3.763888888888877390e-03
3.816666666666654849e-03
3.916666666666654244e-03
4.172222222222219529e-03
4.336111111111113497e-03
4.305555555555555525e-03
4.333333333333335737e-03
4.369444444444449231e-03
4.691666666666680779e-03
4.769444444444462423e-03
4.866666666666684057e-03
4.913888888888904259e-03
4.805555555555575918e-03
4.875000000000021677e-03
4.836111111111133024e-03
4.977777777777808374e-03
4.897222222222247234e-03
4.858333333333362918e-03
5.158333333333361970e-03
5.002777777777803019e-03
4.816666666666686962e-03
5.072222222222250512e-03
4.888888888888911349e-03
4.961111111111141808e-03
4.980555555555582666e-03
5.166666666666705661e-03
5.111111111111145237e-03
5.069444444444475353e-03
5.047222222222248929e-03
5.236111111111139277e-03
5.127777777777810936e-03
5.297222222222252620e-03
5.388888888888928273e-03
5.111111111111143503e-03
5.144444444444476634e-03
5.141666666666701475e-03
5.136111111111145953e-03
5.297222222222258692e-03
5.038888888888919983e-03
5.177777777777811501e-03
5.047222222222246327e-03
5.013888888888922736e-03
5.247222222222258127e-03
5.183333333333366155e-03
5.213888888888914587e-03
5.108333333333364007e-03
5.172222222222254244e-03
5.205555555555587376e-03
4.997222222222249231e-03
5.322222222222254204e-03
5.061111111111135999e-03
5.069444444444482292e-03
4.925000000000028313e-03
5.194444444444482403e-03
5.252777777777808445e-03
4.888888888888911349e-03
5.222222222222252207e-03
5.038888888888916513e-03
5.175000000000027668e-03
4.952777777777803321e-03
4.941666666666695747e-03
5.161111111111144935e-03
4.947222222222246932e-03
5.130555555555591299e-03
4.855555555555583422e-03
5.113888888888919529e-03
4.894444444444466004e-03
5.022222222222256019e-03
5.044444444444478974e-03
5.080555555555584663e-03
5.000000000000026992e-03
5.005555555555580780e-03
4.941666666666702686e-03
4.936111111111134153e-03
5.058333333333367779e-03
4.969444444444468152e-03
4.950000000000025560e-03
4.980555555555582666e-03
5.069444444444471017e-03
4.955555555555582817e-03
4.947222222222246064e-03
4.827777777777806680e-03
4.902777777777804491e-03
4.594444444444456543e-03
4.780555555555578671e-03
5.016666666666699630e-03
4.894444444444468606e-03
4.727777777777794274e-03
4.855555555555578218e-03
4.755555555555573619e-03
4.900000000000015454e-03
5.011111111111138904e-03
4.911111111111137774e-03
5.027777777777808071e-03
4.866666666666690129e-03
4.769444444444465026e-03
4.933333333333353790e-03
4.925000000000025711e-03
4.836111111111131289e-03
4.694444444444460275e-03
4.850000000000020961e-03
4.772222222222241052e-03
4.986111111111134718e-03
4.766666666666682928e-03
5.033333333333355787e-03
4.841666666666692015e-03
4.969444444444470754e-03
4.825000000000017643e-03
4.700000000000020134e-03
5.036111111111137885e-03
4.855555555555580820e-03
4.880555555555589342e-03
5.036111111111134415e-03
4.997222222222249231e-03
4.783333333333346891e-03
4.691666666666682514e-03
4.888888888888906145e-03
4.955555555555584551e-03
4.891666666666693447e-03
5.027777777777806337e-03
4.758333333333352247e-03
4.852777777777796120e-03
4.797222222222241768e-03
5.005555555555585116e-03
4.936111111111132418e-03
5.047222222222250664e-03
4.638888888888904188e-03
4.658333333333349383e-03
4.975000000000028878e-03
4.955555555555581949e-03
4.952777777777800719e-03
5.061111111111141203e-03
5.102777777777805883e-03
4.822222222222235545e-03
4.700000000000021001e-03
4.944444444444474375e-03
4.763888888888906901e-03
4.852777777777799589e-03
4.841666666666687678e-03
4.741666666666683946e-03
4.719444444444467063e-03
4.813888888888903997e-03
4.850000000000026165e-03
4.697222222222242373e-03
4.813888888888908334e-03
4.858333333333359448e-03
4.536111111111125298e-03
4.816666666666693034e-03
4.919444444444466720e-03
4.580555555555572943e-03
4.741666666666683079e-03
4.838888888888915121e-03
4.786111111111135061e-03
4.886111111111136190e-03
4.713888888888910673e-03
4.780555555555578671e-03
4.797222222222237431e-03
4.766666666666693336e-03
5.094444444444471733e-03
4.769444444444462423e-03
4.925000000000023977e-03
4.905555555555580517e-03
4.883333333333361032e-03
4.680555555555568001e-03
4.966666666666687789e-03
4.658333333333350250e-03
4.558333333333344783e-03
4.763888888888912973e-03
4.550000000000013235e-03
4.716666666666682363e-03
4.788888888888916291e-03
4.677777777777790240e-03
4.552777777777790129e-03
4.711111111111127708e-03
4.650000000000016100e-03
4.608333333333349685e-03
4.866666666666690996e-03
4.616666666666682968e-03
4.561111111111122544e-03
4.616666666666676896e-03
4.675000000000016816e-03
4.694444444444465479e-03
4.588888888888901021e-03
4.505555555555565590e-03
4.608333333333346216e-03
4.644444444444465782e-03
4.769444444444465893e-03
4.608333333333346216e-03
4.475000000000015424e-03
4.563888888888901173e-03
4.519444444444453528e-03
4.561111111111119075e-03
4.505555555555570794e-03
4.550000000000014103e-03
4.513888888888897138e-03
4.433333333333342070e-03
4.655555555555569019e-03
4.588888888888897552e-03
4.638888888888908525e-03
4.558333333333348253e-03
4.672222222222234718e-03
4.438888888888900194e-03
4.500000000000008334e-03
4.508333333333347688e-03
4.452777777777786397e-03
4.577777777777792580e-03
4.519444444444450058e-03
4.255555555555554960e-03
4.513888888888901475e-03
4.372222222222226125e-03
4.608333333333351420e-03
4.458333333333341919e-03
4.580555555555565136e-03
4.450000000000006034e-03
4.361111111111113346e-03
4.402777777777784098e-03
4.388888888888895293e-03
4.333333333333333134e-03
4.430555555555561707e-03
4.663888888888901435e-03
4.530555555555567174e-03
4.466666666666670865e-03
4.325000000000006790e-03
4.372222222222228727e-03
4.352777777777783533e-03
4.511111111111122847e-03
4.350000000000004904e-03
4.422222222222232761e-03
4.625000000000018853e-03
4.291666666666666720e-03
4.408333333333339620e-03
4.297222222222224844e-03
4.605555555555571057e-03
4.244444444444442181e-03
4.550000000000014103e-03
4.450000000000013840e-03
4.258333333333330986e-03
4.361111111111115948e-03
4.508333333333345953e-03
4.380555555555562877e-03
4.291666666666669322e-03
4.224999999999997854e-03
4.247222222222222544e-03
4.300000000000005207e-03
4.361111111111119418e-03
4.188888888888885227e-03
4.319444444444447799e-03
4.222222222222218359e-03
4.619444444444455525e-03
4.155555555555548626e-03
4.275000000000001889e-03
4.308333333333335020e-03
4.197222222222219377e-03
4.208333333333328687e-03
4.199999999999997138e-03
4.402777777777782363e-03
3.949999999999987375e-03
4.127777777777771016e-03
4.397222222222228576e-03
4.197222222222223714e-03
4.213888888888888545e-03
4.172222222222217794e-03
4.105555555555547194e-03
4.197222222222217643e-03
4.036111111111100568e-03
4.102777777777772902e-03
4.191666666666663855e-03
4.233333333333332872e-03
3.944444444444431853e-03
4.247222222222217340e-03
4.297222222222227446e-03
4.250000000000001173e-03
4.136111111111106034e-03
4.088888888888882363e-03
4.105555555555546327e-03
4.316666666666670038e-03
4.244444444444437844e-03
4.147222222222217078e-03
4.216666666666662837e-03
4.200000000000000608e-03
4.327777777777781949e-03
4.325000000000000719e-03
4.138888888888882928e-03
4.086111111111103734e-03
4.063888888888879912e-03
3.966666666666653941e-03
4.113888888888882212e-03
4.013888888888877612e-03
4.030555555555545046e-03
4.052777777777768001e-03
3.947222222222209614e-03
4.044444444444434718e-03
4.099999999999992539e-03
4.102777777777769433e-03
3.999999999999987940e-03
3.866666666666654546e-03
4.400000000000000265e-03
3.930555555555543049e-03
4.013888888888877612e-03
4.041666666666655222e-03
4.099999999999993407e-03
3.980555555555542746e-03
4.083333333333325106e-03
4.111111111111105318e-03
4.027777777777767285e-03
4.074999999999990956e-03
4.169444444444437431e-03
4.116666666666659105e-03
4.022222222222210895e-03
3.913888888888876483e-03
4.036111111111100568e-03
3.930555555555543049e-03
3.855555555555543502e-03
4.005555555555544330e-03
3.952777777777765136e-03
4.041666666666654355e-03
4.105555555555548061e-03
3.922222222222210633e-03
3.763888888888877390e-03
3.969444444444431702e-03
4.061111111111103018e-03
3.897222222222210351e-03
4.136111111111106901e-03
4.102777777777771168e-03
4.058333333333323523e-03
4.055555555555545762e-03
4.033333333333322807e-03
3.816666666666654415e-03
4.027777777777766417e-03
4.036111111111099700e-03
3.988888888888876896e-03
3.947222222222209614e-03
3.863888888888876785e-03
3.963888888888876180e-03
3.802777777777766044e-03
3.972222222222209463e-03
3.830555555555543220e-03
3.947222222222210482e-03
4.169444444444440033e-03
3.930555555555543049e-03
3.852777777777765741e-03
3.977777777777764985e-03
3.899999999999987678e-03
3.874999999999987829e-03
3.958333333333320658e-03
3.769444444444432479e-03
3.891666666666654829e-03
4.016666666666655373e-03
3.861111111111099024e-03
3.724999999999988737e-03
3.747222222222210825e-03
3.769444444444432912e-03
3.752777777777766346e-03
3.941666666666654092e-03
3.658333333333322040e-03
3.891666666666654829e-03
3.761111111111099196e-03
3.805555555555543805e-03
3.655555555555544279e-03
3.844444444444432459e-03
3.874999999999987829e-03
3.724999999999988303e-03
3.522222222222211319e-03
3.747222222222210825e-03
3.636111111111099952e-03
3.627777777777766669e-03
3.638888888888877713e-03
3.561111111111100406e-03
3.749999999999988152e-03
3.733333333333321586e-03
3.924999999999987527e-03
3.802777777777766044e-03
3.855555555555543069e-03
3.891666666666653961e-03
3.838888888888876937e-03
3.758333333333321868e-03
3.436111111111100295e-03
3.738888888888877108e-03
3.752777777777766346e-03
3.683333333333321889e-03
3.783333333333321717e-03
3.699999999999988454e-03
3.622222222222211147e-03
3.858333333333321263e-03
3.555555555555544884e-03
3.724999999999988737e-03
3.622222222222211147e-03
3.774999999999988434e-03
3.722222222222210976e-03
3.683333333333321889e-03
3.699999999999988454e-03
3.605555555555544581e-03
3.719444444444433215e-03
3.661111111111099801e-03
3.838888888888876503e-03
3.711111111111099065e-03
3.597222222222211298e-03
3.588888888888878016e-03
3.683333333333321889e-03
3.774999999999988434e-03
3.549999999999988928e-03
3.638888888888877279e-03
3.738888888888877542e-03
3.583333333333322494e-03
3.641666666666655474e-03
3.488888888888878187e-03
3.613888888888877864e-03
3.591666666666655777e-03
3.638888888888877713e-03
3.766666666666655151e-03
3.686111111111099216e-03
3.680555555555543694e-03
3.619444444444432953e-03
3.547222222222211601e-03
3.574999999999989211e-03
3.799999999999987849e-03
3.594444444444433104e-03
3.561111111111100406e-03
3.688888888888876977e-03
3.711111111111099498e-03
3.616666666666655192e-03
3.638888888888877713e-03
3.611111111111100103e-03
3.649999999999988757e-03
3.683333333333321455e-03
3.488888888888877753e-03
3.630555555555543996e-03
3.524999999999988646e-03
3.611111111111099670e-03
3.605555555555544148e-03
3.466666666666655666e-03
3.402777777777767597e-03
3.624999999999988474e-03
3.638888888888877713e-03
3.430555555555545207e-03
3.572222222222211016e-03
3.258333333333323593e-03
3.547222222222211601e-03
3.608333333333321909e-03
3.477777777777767143e-03
3.505555555555544753e-03
3.577777777777766538e-03
3.586111111111100255e-03
3.502777777777766992e-03
3.674999999999988606e-03
3.583333333333322494e-03
3.549999999999989362e-03
3.405555555555545358e-03
3.463888888888877905e-03
3.552777777777767123e-03
3.522222222222210885e-03
3.363888888888878510e-03
3.474999999999988948e-03
3.449999999999989533e-03
3.399999999999989836e-03
3.658333333333322040e-03
3.511111111111100275e-03
3.444444444444434011e-03
3.411111111111100880e-03
3.388888888888878792e-03
3.372222222222211359e-03
3.402777777777767597e-03
3.452777777777766861e-03
3.386111111111100597e-03
3.288888888888878963e-03
3.605555555555544581e-03
3.336111111111100900e-03
3.477777777777767143e-03
3.333333333333322705e-03
3.469444444444433426e-03
3.469444444444433860e-03
3.438888888888878489e-03
3.555555555555544450e-03
3.524999999999989080e-03
3.358333333333322988e-03
3.197222222222211984e-03
3.286111111111100769e-03
3.305555555555545096e-03
3.583333333333322060e-03
3.738888888888877542e-03
3.608333333333322342e-03
3.408333333333323119e-03
3.497222222222211036e-03
3.388888888888878358e-03
3.433333333333322534e-03
3.458333333333322816e-03
3.383333333333322836e-03
3.491666666666655514e-03
3.461111111111100577e-03
3.347222222222211510e-03
3.344444444444433749e-03
3.483333333333322665e-03
3.330555555555544944e-03
3.299999999999990007e-03
3.336111111111100466e-03
