5.294117647058806803e-04
5.749999999999981471e-04
5.952205882352922190e-04
6.198529411764686298e-04
6.169117647058803677e-04
6.169117647058803677e-04
6.110294117647039518e-04
6.227941176470567835e-04
6.691176470588213430e-04
6.621323529411742882e-04
6.529411764705861723e-04
6.713235294117626210e-04
6.735294117647036821e-04
6.547794117647037955e-04
6.797794117647036442e-04
6.716911764705860589e-04
6.772058823529391453e-04
6.959558823529390318e-04
6.768382352941154905e-04
6.908088235294094917e-04
6.955882352941153771e-04
7.033088235294095245e-04
6.871323529411742454e-04
6.863970588235271527e-04
6.937499999999977539e-04
6.996323529411742782e-04
7.058823529411741319e-04
7.246323529411742353e-04
7.044117647058800551e-04
7.231617647058800500e-04
7.128676470588211867e-04
6.959558823529389234e-04
7.602941176470563852e-04
7.088235294117623941e-04
7.136029411764682794e-04
7.305147058823505428e-04
7.183823529411742731e-04
6.915441176470565844e-04
7.198529411764682416e-04
7.334558823529388049e-04
7.253676470588213280e-04
7.426470588235271376e-04
7.389705882352917829e-04
7.312499999999977438e-04
7.312499999999977438e-04
7.654411764705858169e-04
7.404411764705858597e-04
7.437499999999976682e-04
7.540441176470565315e-04
7.411764705882329524e-04
7.470588235294093682e-04
7.356617647058800828e-04
7.591911764705857463e-04
7.374999999999977060e-04
7.599264705882328389e-04
7.687499999999975169e-04
7.617647058823505705e-04
7.356617647058800828e-04
7.753676470588210254e-04
7.323529411764682744e-04
7.389705882352917829e-04
7.577205882352916694e-04
7.492647058823505377e-04
7.242647058823506890e-04
7.573529411764681231e-04
7.525735294117622378e-04
7.529411764705858925e-04
7.433823529411740134e-04
7.636029411764681937e-04
7.779411764705857412e-04
7.779411764705858497e-04
7.477941176470563524e-04
7.397058823529388755e-04
7.334558823529389133e-04
7.540441176470565315e-04
7.136029411764682794e-04
7.227941176470566121e-04
7.599264705882328389e-04
7.584558823529387621e-04
7.470588235294094766e-04
7.496323529411739756e-04
7.477941176470564609e-04
7.613970588235269158e-04
7.286764705882329196e-04
7.470588235294093682e-04
7.694852941176446096e-04
7.499999999999975219e-04
7.584558823529387621e-04
7.507352941176446146e-04
7.055147058823508024e-04
7.569852941176445768e-04
7.731617647058798559e-04
7.566176470588211389e-04
7.687499999999975169e-04
7.404411764705859681e-04
7.496323529411741925e-04
7.448529411764681987e-04
7.544117647058799694e-04
7.297794117647036670e-04
7.430147058823505755e-04
7.477941176470564609e-04
7.305147058823505428e-04
7.352941176470564281e-04
7.838235294117621571e-04
7.466911764705858219e-04
7.639705882352917400e-04
7.408088235294094060e-04
7.720588235294092170e-04
7.691176470588211717e-04
7.676470588235269864e-04
7.261029411764682038e-04
7.426470588235271376e-04
7.522058823529386914e-04
7.408088235294095145e-04
7.459558823529387293e-04
7.386029411764683450e-04
7.544117647058799694e-04
7.713235294117623412e-04
7.408088235294094060e-04
7.573529411764681231e-04
7.441176470588212145e-04
7.669117647058800022e-04
7.356617647058800828e-04
7.617647058823504621e-04
7.977941176470561583e-04
7.371323529411740513e-04
7.672794117647034401e-04
7.705882352941152485e-04
7.415441176470564987e-04
7.474264705882329145e-04
7.080882352941153014e-04
7.647058823529387242e-04
7.444852941176446524e-04
7.808823529411740034e-04
7.694852941176445011e-04
7.404411764705858597e-04
7.389705882352917829e-04
7.639705882352916316e-04
7.647058823529387242e-04
7.422794117647034829e-04
7.617647058823505705e-04
7.588235294117622000e-04
7.455882352941152914e-04
7.393382352941152208e-04
7.522058823529386914e-04
7.577205882352917778e-04
7.437499999999975598e-04
7.147058823529388099e-04
7.904411764705856656e-04
7.511029411764682693e-04
7.709558823529387948e-04
7.419117647058800450e-04
7.643382352941151779e-04
7.455882352941151829e-04
7.669117647058800022e-04
7.496323529411739756e-04
7.613970588235270242e-04
7.691176470588210632e-04
7.514705882352918156e-04
7.397058823529387671e-04
7.716911764705856706e-04
7.507352941176447230e-04
7.430147058823506840e-04
7.507352941176447230e-04
7.911764705882328667e-04
7.761029411764681181e-04
7.580882352941152157e-04
7.419117647058800450e-04
7.382352941176446902e-04
7.455882352941152914e-04
7.584558823529386536e-04
7.713235294117622327e-04
7.459558823529387293e-04
7.290441176470564659e-04
7.327205882352917123e-04
7.205882352941153342e-04
7.437499999999975598e-04
7.422794117647035913e-04
7.577205882352916694e-04
7.639705882352917400e-04
7.658088235294092548e-04
7.591911764705857463e-04
7.606617647058798231e-04
7.613970588235270242e-04
7.499999999999975219e-04
7.352941176470564281e-04
7.977941176470561583e-04
7.775735294117623033e-04
7.408088235294095145e-04
7.742647058823503865e-04
7.738970588235269486e-04
7.433823529411740134e-04
7.213235294117624269e-04
7.433823529411740134e-04
7.132352941176447331e-04
7.488970588235269914e-04
7.411764705882328439e-04
7.639705882352916316e-04
7.147058823529388099e-04
7.647058823529387242e-04
7.555147058823504999e-04
7.661764705882328011e-04
7.522058823529386914e-04
7.661764705882328011e-04
7.624999999999976632e-04
7.341911764705858975e-04
7.551470588235269536e-04
7.286764705882329196e-04
7.088235294117623941e-04
7.694852941176445011e-04
7.415441176470563903e-04
7.713235294117622327e-04
7.617647058823504621e-04
7.738970588235268401e-04
7.503676470588211767e-04
7.639705882352917400e-04
7.636029411764681937e-04
7.235294117647034879e-04
7.636029411764681937e-04
7.249999999999976732e-04
7.610294117647033695e-04
7.382352941176446902e-04
7.720588235294093254e-04
7.628676470588211011e-04
7.422794117647034829e-04
7.386029411764682365e-04
7.540441176470565315e-04
7.485294117647035535e-04
7.922794117647033972e-04
7.437499999999975598e-04
7.143382352941154805e-04
7.757352941176445717e-04
7.268382352941154048e-04
7.294117647058800122e-04
7.485294117647035535e-04
7.536764705882329851e-04
7.643382352941151779e-04
7.636029411764681937e-04
7.514705882352917072e-04
7.363970588235270670e-04
7.503676470588211767e-04
7.661764705882328011e-04
7.643382352941151779e-04
7.727941176470564180e-04
7.496323529411739756e-04
7.558823529411740462e-04
7.452205882352918535e-04
7.408088235294094060e-04
7.485294117647034451e-04
7.397058823529387671e-04
7.400735294117624218e-04
7.371323529411741597e-04
7.334558823529389133e-04
7.665441176470563474e-04
7.724264705882327633e-04
7.577205882352917778e-04
7.643382352941151779e-04
7.338235294117624596e-04
7.518382352941151451e-04
7.647058823529387242e-04
7.503676470588210683e-04
7.863970588235269813e-04
7.709558823529386864e-04
7.558823529411740462e-04
7.808823529411740034e-04
7.386029411764683450e-04
7.551470588235270620e-04
7.283088235294093733e-04
7.400735294117623134e-04
7.246323529411742353e-04
7.441176470588212145e-04
7.595588235294094010e-04
7.485294117647035535e-04
7.463235294117622756e-04
7.422794117647034829e-04
7.588235294117623084e-04
7.514705882352918156e-04
7.676470588235268780e-04
7.683823529411739706e-04
7.540441176470563146e-04
7.389705882352917829e-04
7.360294117647035207e-04
7.584558823529387621e-04
7.485294117647034451e-04
7.507352941176446146e-04
7.606617647058798231e-04
7.591911764705858547e-04
7.378676470588212523e-04
7.437499999999976682e-04
7.669117647058798937e-04
7.547794117647035157e-04
7.308823529411741975e-04
7.474264705882330230e-04
7.286764705882329196e-04
7.588235294117623084e-04
7.768382352941152107e-04
7.827205882352916266e-04
7.610294117647034779e-04
7.481617647058800072e-04
7.738970588235268401e-04
8.051470588235267595e-04
7.606617647058799316e-04
7.650735294117622706e-04
7.308823529411741975e-04
7.720588235294093254e-04
7.492647058823506461e-04
7.602941176470563852e-04
7.632352941176445390e-04
7.246323529411741269e-04
7.610294117647033695e-04
7.378676470588211439e-04
7.481617647058798988e-04
7.481617647058798988e-04
7.404411764705859681e-04
7.496323529411741925e-04
7.136029411764682794e-04
7.426470588235271376e-04
7.595588235294092926e-04
7.297794117647036670e-04
7.441176470588211061e-04
7.794117647058799265e-04
7.386029411764682365e-04
7.352941176470564281e-04
7.356617647058800828e-04
7.669117647058800022e-04
7.555147058823504999e-04
7.117647058823507646e-04
7.533088235294093304e-04
7.400735294117623134e-04
7.400735294117624218e-04
7.654411764705858169e-04
7.507352941176447230e-04
7.334558823529389133e-04
7.249999999999977816e-04
7.511029411764682693e-04
7.393382352941152208e-04
7.455882352941151829e-04
7.643382352941152863e-04
7.632352941176445390e-04
7.533088235294093304e-04
7.279411764705858269e-04
7.746323529411739328e-04
7.110294117647035636e-04
7.363970588235271755e-04
7.514705882352917072e-04
7.845588235294092497e-04
7.610294117647033695e-04
7.452205882352917450e-04
7.522058823529386914e-04
7.327205882352917123e-04
7.242647058823505806e-04
7.481617647058800072e-04
7.238970588235271427e-04
7.533088235294094388e-04
7.378676470588211439e-04
7.669117647058798937e-04
7.448529411764683071e-04
7.452205882352917450e-04
7.389705882352916744e-04
7.415441176470563903e-04
7.680147058823505327e-04
7.628676470588209926e-04
7.246323529411742353e-04
7.327205882352917123e-04
7.404411764705858597e-04
7.419117647058799366e-04
7.437499999999976682e-04
7.246323529411741269e-04
7.518382352941153620e-04
7.680147058823504243e-04
7.569852941176445768e-04
7.525735294117623462e-04
7.621323529411741168e-04
7.588235294117622000e-04
7.507352941176446146e-04
7.522058823529386914e-04
7.705882352941151401e-04
7.499999999999975219e-04
7.341911764705860060e-04
7.988970588235267973e-04
7.433823529411741219e-04
7.908088235294092119e-04
7.386029411764682365e-04
7.551470588235269536e-04
7.474264705882330230e-04
7.426470588235270292e-04
7.525735294117622378e-04
7.477941176470564609e-04
7.573529411764681231e-04
7.202205882352917879e-04
7.426470588235270292e-04
7.731617647058798559e-04
7.374999999999975976e-04
7.297794117647036670e-04
7.544117647058799694e-04
7.801470588235270192e-04
7.558823529411740462e-04
7.621323529411740084e-04
7.518382352941151451e-04
7.680147058823504243e-04
7.334558823529389133e-04
7.683823529411740790e-04
7.698529411764680475e-04
7.492647058823506461e-04
7.558823529411740462e-04
7.540441176470565315e-04
7.948529411764680046e-04
7.889705882352916972e-04
7.617647058823505705e-04
7.834558823529387192e-04
7.485294117647034451e-04
7.610294117647033695e-04
7.411764705882328439e-04
7.294117647058800122e-04
7.511029411764681609e-04
7.415441176470564987e-04
7.540441176470565315e-04
7.305147058823505428e-04
7.680147058823504243e-04
7.647058823529387242e-04
7.830882352941150645e-04
7.426470588235270292e-04
7.580882352941152157e-04
7.599264705882328389e-04
7.558823529411740462e-04
7.617647058823504621e-04
7.382352941176447986e-04
7.441176470588212145e-04
7.536764705882329851e-04
7.477941176470563524e-04
7.507352941176446146e-04
7.558823529411740462e-04
7.709558823529386864e-04
7.797794117647034728e-04
7.213235294117623184e-04
7.551470588235270620e-04
7.540441176470565315e-04
7.452205882352917450e-04
7.437499999999976682e-04
7.113970588235271099e-04
7.639705882352916316e-04
7.610294117647034779e-04
7.522058823529387999e-04
7.253676470588213280e-04
7.602941176470563852e-04
7.683823529411739706e-04
7.562499999999974841e-04
7.610294117647033695e-04
7.599264705882329473e-04
7.301470588235269964e-04
7.290441176470565743e-04
7.702205882352917022e-04
7.588235294117622000e-04
7.536764705882329851e-04
7.430147058823506840e-04
7.448529411764681987e-04
7.643382352941152863e-04
7.352941176470565365e-04
7.400735294117623134e-04
7.382352941176447986e-04
7.588235294117623084e-04
7.404411764705858597e-04
7.654411764705858169e-04
7.341911764705858975e-04
7.786764705882328339e-04
7.499999999999976304e-04
7.558823529411740462e-04
7.452205882352918535e-04
6.908088235294094917e-04
7.077205882352918635e-04
7.621323529411740084e-04
7.415441176470564987e-04
7.415441176470563903e-04
7.584558823529386536e-04
7.389705882352916744e-04
7.452205882352917450e-04
7.738970588235268401e-04
7.488970588235269914e-04
7.330882352941152586e-04
7.772058823529387570e-04
7.577205882352916694e-04
7.591911764705857463e-04
7.382352941176447986e-04
7.628676470588209926e-04
7.533088235294093304e-04
7.283088235294093733e-04
7.705882352941152485e-04
7.444852941176446524e-04
7.661764705882328011e-04
7.312499999999976354e-04
7.661764705882329095e-04
7.367647058823505049e-04
7.470588235294094766e-04
7.422794117647035913e-04
7.327205882352918207e-04
7.319852941176448365e-04
7.698529411764680475e-04
7.588235294117622000e-04
7.698529411764681559e-04
7.698529411764680475e-04
7.507352941176446146e-04
7.426470588235270292e-04
7.319852941176448365e-04
7.735294117647034022e-04
7.474264705882330230e-04
7.470588235294093682e-04
7.386029411764682365e-04
7.330882352941153670e-04
7.749999999999974791e-04
7.455882352941151829e-04
7.459558823529388377e-04
7.426470588235270292e-04
7.349264705882328818e-04
7.404411764705859681e-04
7.647058823529387242e-04
7.584558823529387621e-04
7.474264705882329145e-04
7.632352941176445390e-04
7.444852941176446524e-04
7.544117647058798609e-04
7.617647058823505705e-04
7.624999999999975547e-04
7.647058823529387242e-04
7.463235294117622756e-04
7.327205882352917123e-04
7.621323529411741168e-04
7.547794117647034073e-04
7.624999999999975547e-04
7.757352941176446802e-04
7.499999999999975219e-04
7.569852941176446852e-04
7.492647058823505377e-04
7.540441176470563146e-04
7.911764705882327582e-04
7.393382352941152208e-04
7.544117647058798609e-04
7.871323529411739656e-04
7.691176470588210632e-04
7.356617647058799744e-04
7.419117647058800450e-04
7.643382352941152863e-04
7.602941176470563852e-04
7.404411764705858597e-04
7.705882352941151401e-04
7.658088235294093632e-04
7.613970588235269158e-04
7.698529411764680475e-04
7.411764705882328439e-04
7.367647058823505049e-04
7.194852941176446953e-04
7.470588235294093682e-04
7.639705882352917400e-04
7.580882352941152157e-04
7.713235294117623412e-04
7.466911764705858219e-04
7.558823529411741547e-04
7.573529411764682315e-04
7.430147058823505755e-04
7.573529411764681231e-04
7.286764705882329196e-04
7.680147058823505327e-04
7.698529411764681559e-04
7.621323529411740084e-04
7.488970588235269914e-04
7.573529411764682315e-04
7.827205882352916266e-04
7.488970588235269914e-04
7.599264705882328389e-04
7.290441176470565743e-04
7.283088235294093733e-04
7.503676470588210683e-04
7.169117647058799794e-04
7.595588235294092926e-04
7.371323529411741597e-04
7.624999999999975547e-04
7.904411764705857740e-04
7.481617647058798988e-04
7.316176470588211817e-04
7.547794117647034073e-04
7.738970588235268401e-04
7.591911764705858547e-04
7.698529411764680475e-04
7.584558823529387621e-04
7.676470588235269864e-04
7.466911764705859303e-04
7.562499999999975926e-04
7.363970588235270670e-04
7.444852941176447608e-04
7.584558823529387621e-04
7.426470588235271376e-04
7.772058823529387570e-04
7.518382352941153620e-04
7.419117647058799366e-04
7.437499999999976682e-04
7.496323529411741925e-04
7.463235294117622756e-04
7.312499999999976354e-04
7.562499999999974841e-04
7.452205882352918535e-04
7.360294117647035207e-04
7.672794117647034401e-04
7.356617647058799744e-04
7.378676470588211439e-04
7.669117647058800022e-04
7.922794117647033972e-04
7.444852941176447608e-04
7.481617647058798988e-04
7.220588235294095195e-04
7.382352941176446902e-04
7.466911764705859303e-04
7.165441176470565415e-04
7.672794117647034401e-04
7.477941176470564609e-04
7.580882352941153242e-04
7.827205882352915181e-04
7.455882352941152914e-04
7.772058823529386486e-04
7.702205882352915938e-04
7.492647058823505377e-04
7.444852941176446524e-04
7.426470588235270292e-04
7.341911764705858975e-04
7.624999999999975547e-04
7.459558823529387293e-04
7.584558823529386536e-04
7.455882352941151829e-04
7.305147058823506512e-04
7.555147058823506083e-04
7.621323529411741168e-04
7.547794117647035157e-04
7.672794117647033316e-04
7.522058823529386914e-04
7.187499999999978195e-04
7.518382352941153620e-04
7.477941176470563524e-04
7.176470588235270721e-04
7.613970588235269158e-04
7.573529411764681231e-04
7.386029411764683450e-04
7.573529411764682315e-04
7.577205882352916694e-04
7.371323529411741597e-04
7.624999999999976632e-04
7.540441176470565315e-04
7.577205882352916694e-04
7.786764705882327255e-04
7.522058823529386914e-04
7.551470588235270620e-04
7.503676470588210683e-04
7.694852941176445011e-04
7.683823529411739706e-04
7.816176470588209876e-04
7.430147058823505755e-04
7.161764705882329952e-04
7.338235294117623512e-04
7.643382352941151779e-04
7.547794117647034073e-04
7.720588235294093254e-04
7.577205882352917778e-04
7.356617647058799744e-04
7.327205882352917123e-04
7.444852941176447608e-04
7.713235294117623412e-04
7.573529411764682315e-04
7.569852941176445768e-04
7.492647058823506461e-04
7.529411764705857841e-04
7.213235294117623184e-04
7.503676470588210683e-04
7.430147058823505755e-04
7.477941176470563524e-04
7.514705882352918156e-04
7.547794117647035157e-04
7.360294117647036291e-04
7.650735294117622706e-04
7.562499999999974841e-04
7.716911764705857791e-04
7.588235294117622000e-04
7.624999999999976632e-04
7.124999999999977488e-04
7.562499999999975926e-04
7.419117647058800450e-04
7.672794117647033316e-04
7.533088235294094388e-04
7.573529411764681231e-04
7.323529411764681659e-04
7.330882352941152586e-04
7.687499999999976253e-04
8.058823529411739605e-04
7.661764705882328011e-04
7.808823529411740034e-04
7.294117647058800122e-04
7.286764705882330280e-04
7.319852941176448365e-04
7.514705882352917072e-04
7.544117647058798609e-04
7.551470588235269536e-04
7.095588235294094867e-04
7.301470588235271049e-04
7.338235294117623512e-04
7.404411764705859681e-04
7.503676470588210683e-04
7.580882352941152157e-04
7.349264705882328818e-04
7.602941176470564937e-04
7.606617647058798231e-04
7.841911764705857034e-04
7.415441176470563903e-04
7.573529411764682315e-04
7.577205882352916694e-04
7.275735294117623890e-04
7.533088235294093304e-04
7.705882352941152485e-04
7.330882352941152586e-04
7.485294117647034451e-04
7.573529411764681231e-04
7.514705882352917072e-04
7.507352941176446146e-04
7.624999999999975547e-04
7.382352941176447986e-04
7.106617647058800172e-04
7.308823529411740891e-04
7.599264705882329473e-04
7.477941176470563524e-04
7.636029411764681937e-04
7.558823529411740462e-04
7.547794117647035157e-04
7.249999999999976732e-04
7.595588235294094010e-04
7.448529411764683071e-04
7.672794117647034401e-04
7.511029411764682693e-04
7.466911764705858219e-04
7.525735294117623462e-04
7.470588235294094766e-04
7.393382352941153292e-04
7.441176470588211061e-04
7.518382352941151451e-04
7.606617647058799316e-04
7.639705882352916316e-04
7.422794117647034829e-04
7.731617647058799643e-04
7.430147058823506840e-04
7.466911764705859303e-04
7.466911764705859303e-04
7.639705882352917400e-04
7.194852941176446953e-04
7.658088235294093632e-04
7.301470588235269964e-04
7.547794117647034073e-04
7.378676470588211439e-04
7.529411764705858925e-04
7.551470588235270620e-04
7.430147058823505755e-04
7.566176470588211389e-04
7.551470588235269536e-04
7.632352941176446474e-04
7.433823529411740134e-04
7.437499999999975598e-04
7.595588235294094010e-04
7.327205882352918207e-04
7.577205882352916694e-04
7.474264705882329145e-04
7.404411764705859681e-04
7.702205882352915938e-04
7.455882352941151829e-04
7.639705882352917400e-04
7.588235294117623084e-04
7.466911764705859303e-04
7.389705882352917829e-04
7.569852941176446852e-04
7.830882352941151729e-04
7.463235294117623840e-04
7.499999999999976304e-04
7.463235294117623840e-04
7.209558823529389890e-04
7.275735294117623890e-04
7.533088235294093304e-04
7.555147058823506083e-04
7.643382352941152863e-04
7.389705882352917829e-04
7.720588235294092170e-04
7.533088235294094388e-04
7.577205882352917778e-04
7.426470588235270292e-04
7.474264705882330230e-04
7.749999999999974791e-04
7.110294117647035636e-04
7.536764705882328767e-04
7.716911764705857791e-04
7.430147058823506840e-04
7.514705882352917072e-04
7.639705882352917400e-04
7.279411764705858269e-04
7.518382352941153620e-04
7.463235294117623840e-04
7.488970588235269914e-04
7.363970588235271755e-04
7.437499999999976682e-04
7.433823529411740134e-04
7.768382352941152107e-04
7.687499999999976253e-04
7.511029411764681609e-04
7.492647058823505377e-04
7.249999999999976732e-04
7.816176470588209876e-04
7.720588235294093254e-04
7.433823529411741219e-04
7.661764705882329095e-04
7.360294117647036291e-04
7.496323529411741925e-04
7.360294117647035207e-04
7.749999999999975875e-04
7.474264705882329145e-04
7.588235294117622000e-04
7.194852941176446953e-04
7.393382352941152208e-04
7.257352941176447659e-04
7.400735294117623134e-04
7.702205882352915938e-04
7.386029411764682365e-04
7.591911764705858547e-04
7.231617647058801585e-04
7.584558823529387621e-04
7.496323529411739756e-04
7.669117647058798937e-04
7.294117647058800122e-04
7.783088235294091791e-04
7.533088235294094388e-04
7.477941176470563524e-04
7.227941176470565037e-04
7.650735294117622706e-04
7.852941176470562340e-04
7.628676470588209926e-04
7.338235294117623512e-04
7.772058823529387570e-04
7.768382352941151023e-04
7.477941176470564609e-04
7.705882352941152485e-04
7.691176470588210632e-04
7.661764705882328011e-04
7.738970588235269486e-04
7.393382352941152208e-04
7.441176470588211061e-04
7.386029411764683450e-04
7.551470588235269536e-04
7.705882352941151401e-04
7.613970588235269158e-04
7.691176470588210632e-04
7.341911764705860060e-04
7.599264705882328389e-04
7.595588235294092926e-04
7.540441176470563146e-04
7.290441176470565743e-04
7.496323529411739756e-04
7.496323529411739756e-04
7.279411764705858269e-04
7.529411764705858925e-04
7.580882352941152157e-04
7.694852941176446096e-04
7.536764705882328767e-04
7.308823529411740891e-04
7.352941176470564281e-04
7.753676470588210254e-04
7.386029411764682365e-04
7.694852941176446096e-04
7.496323529411739756e-04
7.294117647058800122e-04
7.610294117647033695e-04
7.691176470588211717e-04
7.764705882352916644e-04
7.477941176470564609e-04
7.404411764705858597e-04
7.452205882352917450e-04
7.643382352941152863e-04
7.459558823529388377e-04
7.400735294117623134e-04
7.474264705882330230e-04
7.779411764705858497e-04
7.161764705882331036e-04
7.459558823529387293e-04
7.474264705882330230e-04
7.360294117647035207e-04
7.628676470588211011e-04
7.474264705882329145e-04
7.305147058823506512e-04
7.654411764705858169e-04
7.735294117647035107e-04
7.533088235294094388e-04
7.511029411764682693e-04
7.841911764705858118e-04
7.459558823529388377e-04
7.275735294117623890e-04
7.716911764705857791e-04
7.772058823529387570e-04
7.566176470588210305e-04
7.051470588235271477e-04
7.687499999999975169e-04
7.713235294117623412e-04
7.319852941176447280e-04
7.749999999999974791e-04
7.216911764705858648e-04
7.474264705882329145e-04
7.312499999999976354e-04
7.488970588235269914e-04
7.242647058823506890e-04
7.606617647058799316e-04
6.999999999999977161e-04
7.305147058823505428e-04
7.363970588235270670e-04
7.301470588235269964e-04
7.514705882352918156e-04
7.492647058823506461e-04
7.915441176470563046e-04
7.496323529411741925e-04
7.727941176470563096e-04
7.533088235294093304e-04
7.499999999999976304e-04
7.525735294117623462e-04
7.647058823529387242e-04
7.474264705882330230e-04
7.544117647058798609e-04
7.382352941176446902e-04
7.404411764705859681e-04
7.540441176470565315e-04
7.312499999999977438e-04
7.459558823529387293e-04
7.378676470588211439e-04
7.139705882352918257e-04
7.249999999999976732e-04
7.235294117647035964e-04
7.738970588235269486e-04
7.779411764705858497e-04
7.238970588235271427e-04
7.944852941176445667e-04
7.463235294117622756e-04
7.584558823529387621e-04
7.746323529411740412e-04
7.661764705882329095e-04
7.507352941176446146e-04
7.694852941176445011e-04
7.551470588235269536e-04
7.812499999999974413e-04
7.904411764705857740e-04
7.367647058823506134e-04
7.367647058823505049e-04
7.621323529411741168e-04
7.327205882352917123e-04
7.617647058823505705e-04
7.165441176470566500e-04
7.522058823529387999e-04
7.547794117647034073e-04
7.268382352941152964e-04
7.680147058823505327e-04
7.382352941176446902e-04
7.577205882352917778e-04
7.694852941176446096e-04
7.511029411764681609e-04
7.319852941176448365e-04
7.632352941176446474e-04
7.606617647058798231e-04
7.371323529411740513e-04
7.426470588235271376e-04
7.301470588235269964e-04
7.647058823529387242e-04
7.227941176470565037e-04
7.224264705882329574e-04
7.599264705882329473e-04
7.610294117647033695e-04
7.602941176470563852e-04
7.503676470588210683e-04
7.599264705882328389e-04
7.496323529411739756e-04
7.628676470588211011e-04
7.573529411764682315e-04
7.466911764705858219e-04
7.272058823529388427e-04
7.999999999999975447e-04
7.654411764705857085e-04
7.665441176470563474e-04
7.639705882352917400e-04
7.327205882352918207e-04
7.713235294117622327e-04
7.349264705882329902e-04
7.533088235294093304e-04
7.558823529411740462e-04
7.669117647058798937e-04
7.654411764705857085e-04
7.463235294117622756e-04
7.580882352941153242e-04
7.551470588235270620e-04
7.522058823529386914e-04
7.591911764705857463e-04
7.485294117647034451e-04
7.665441176470563474e-04
7.345588235294094439e-04
7.558823529411741547e-04
7.775735294117623033e-04
7.426470588235270292e-04
7.334558823529389133e-04
7.492647058823506461e-04
7.477941176470563524e-04
7.389705882352917829e-04
7.345588235294093354e-04
7.356617647058799744e-04
7.297794117647035585e-04
7.183823529411742731e-04
7.176470588235270721e-04
7.055147058823506940e-04
7.367647058823505049e-04
7.091911764705860488e-04
7.150735294117624647e-04
7.294117647058800122e-04
6.727941176470566978e-04
6.536764705882331565e-04
7.022058823529388856e-04
6.647058823529390040e-04
6.724264705882331515e-04
6.400735294117627016e-04
6.558823529411743260e-04
6.661764705882331893e-04
6.378676470588215321e-04
6.485294117647038333e-04
6.448529411764684785e-04
6.172794117647040224e-04
6.194852941176450835e-04
6.297794117647038383e-04
6.261029411764685920e-04
6.308823529411745857e-04
6.110294117647039518e-04
6.095588235294098749e-04
5.863970588235275410e-04
6.018382352941157275e-04
5.742647058823511629e-04
5.783088235294099556e-04
5.893382352941158031e-04
5.599264705882335070e-04
5.856617647058804483e-04
5.801470588235275788e-04
5.617647058823511301e-04
5.569852941176453532e-04
5.496323529411748605e-04
5.643382352941158460e-04
5.658088235294099228e-04
6.029411764705863664e-04
5.801470588235275788e-04
5.588235294117629764e-04
5.624999999999982228e-04
5.470588235294100363e-04
5.448529411764688668e-04
5.455882352941159594e-04
5.525735294117630142e-04
5.312499999999983034e-04
5.470588235294100363e-04
5.617647058823511301e-04
5.687499999999981850e-04
5.558823529411748227e-04
5.400735294117629814e-04
5.525735294117630142e-04
5.341911764705865656e-04
5.514705882352923753e-04
5.312499999999983034e-04
5.367647058823512814e-04
5.305147058823513192e-04
5.220588235294100791e-04
5.389705882352924509e-04
5.069852941176454389e-04
5.191176470588219254e-04
5.529411764705864521e-04
5.624999999999982228e-04
5.341911764705865656e-04
5.341911764705865656e-04
5.352941176470570961e-04
5.408088235294100741e-04
5.224264705882336254e-04
5.669117647058805618e-04
5.113970588235277779e-04
5.437499999999983362e-04
5.415441176470571667e-04
5.492647058823512058e-04
5.404411764705865278e-04
5.279411764705866034e-04
5.474264705882335826e-04
5.374999999999982656e-04
5.452205882352924131e-04
5.323529411764689424e-04
5.404411764705865278e-04
5.448529411764688668e-04
5.349264705882336582e-04
5.595588235294099606e-04
5.209558823529395486e-04
5.400735294117629814e-04
5.279411764705866034e-04
5.033088235294101926e-04
5.294117647058806803e-04
5.672794117647041081e-04
5.503676470588218447e-04
5.249999999999983413e-04
5.658088235294099228e-04
5.371323529411748277e-04
5.283088235294101497e-04
5.345588235294101119e-04
5.194852941176454717e-04
5.419117647058806046e-04
5.360294117647041888e-04
5.253676470588218876e-04
5.452205882352924131e-04
5.360294117647041888e-04
5.386029411764689046e-04
5.488970588235276594e-04
5.305147058823513192e-04
5.691176470588217313e-04
5.316176470588218498e-04
5.455882352941159594e-04
5.702205882352922618e-04
5.360294117647041888e-04
5.338235294117630193e-04
5.448529411764688668e-04
5.551470588235276216e-04
5.393382352941159972e-04
5.577205882352923375e-04
5.573529411764687911e-04
5.584558823529394301e-04
5.386029411764689046e-04
5.492647058823512058e-04
5.400735294117629814e-04
5.477941176470571289e-04
5.441176470588217741e-04
5.378676470588218119e-04
5.511029411764688290e-04
5.562499999999982606e-04
5.499999999999982984e-04
5.459558823529395057e-04
5.536764705882335448e-04
5.518382352941159216e-04
5.525735294117630142e-04
5.742647058823511629e-04
5.430147058823512436e-04
5.716911764705864471e-04
5.584558823529394301e-04
5.400735294117629814e-04
5.540441176470570911e-04
5.588235294117629764e-04
5.540441176470570911e-04
5.261029411764689802e-04
5.757352941176452398e-04
5.742647058823511629e-04
5.761029411764687861e-04
5.518382352941159216e-04
5.702205882352922618e-04
5.610294117647041459e-04
5.658088235294099228e-04
5.753676470588216935e-04
5.713235294117629008e-04
5.499999999999982984e-04
5.624999999999982228e-04
5.757352941176452398e-04
5.624999999999982228e-04
5.588235294117629764e-04
5.518382352941159216e-04
5.525735294117630142e-04
5.470588235294100363e-04
5.452205882352924131e-04
5.647058823529393923e-04
5.691176470588217313e-04
5.687499999999981850e-04
5.514705882352923753e-04
5.599264705882335070e-04
5.779411764705864093e-04
5.738970588235276166e-04
6.147058823529391982e-04
5.805147058823511251e-04
5.433823529411747899e-04
5.606617647058805996e-04
5.779411764705864093e-04
5.470588235294100363e-04
5.753676470588216935e-04
5.639705882352922996e-04
5.683823529411746386e-04
5.764705882352923324e-04
5.672794117647041081e-04
5.790441176470569398e-04
5.783088235294099556e-04
5.764705882352923324e-04
5.702205882352922618e-04
5.606617647058805996e-04
5.779411764705864093e-04
5.827205882352922946e-04
5.746323529411746008e-04
5.643382352941158460e-04
5.613970588235276922e-04
5.742647058823511629e-04
5.573529411764687911e-04
5.856617647058804483e-04
5.845588235294099178e-04
5.698529411764688239e-04
5.665441176470570155e-04
5.808823529411746714e-04
5.683823529411746386e-04
5.474264705882335826e-04
5.551470588235276216e-04
5.922794117647039568e-04
5.852941176470570104e-04
5.735294117647040703e-04
5.676470588235276544e-04
5.882352941176451641e-04
6.080882352941156897e-04
5.974264705882333885e-04
5.867647058823510873e-04
5.742647058823511629e-04
5.827205882352922946e-04
5.727941176470569776e-04
6.073529411764687054e-04
5.852941176470570104e-04
5.948529411764686727e-04
5.639705882352922996e-04
6.040441176470568970e-04
6.040441176470568970e-04
5.838235294117628251e-04
5.768382352941158787e-04
5.654411764705864849e-04
5.672794117647041081e-04
5.871323529411746336e-04
5.966911764705862958e-04
5.492647058823512058e-04
5.816176470588217641e-04
5.830882352941158409e-04
5.878676470588216178e-04
5.720588235294099934e-04
6.003676470588216506e-04
5.930147058823510495e-04
5.889705882352922568e-04
5.816176470588216556e-04
5.941176470588216884e-04
5.841911764705863715e-04
6.128676470588215750e-04
5.941176470588216884e-04
5.838235294117628251e-04
5.930147058823510495e-04
6.102941176470568592e-04
5.775735294117628630e-04
5.922794117647039568e-04
6.224264705882333456e-04
5.863970588235275410e-04
5.841911764705863715e-04
5.937499999999981421e-04
6.158088235294098371e-04
5.727941176470569776e-04
5.981617647058804811e-04
6.029411764705863664e-04
5.955882352941157653e-04
5.930147058823510495e-04
6.029411764705863664e-04
5.981617647058804811e-04
5.996323529411745580e-04
5.966911764705862958e-04
5.981617647058804811e-04
5.863970588235275410e-04
5.779411764705864093e-04
5.933823529411745958e-04
5.852941176470570104e-04
5.996323529411745580e-04
5.999999999999981043e-04
5.948529411764686727e-04
6.106617647058804055e-04
6.191176470588215372e-04
5.893382352941158031e-04
5.955882352941158737e-04
6.264705882352921383e-04
5.636029411764688617e-04
6.051470588235275359e-04
5.676470588235276544e-04
5.937499999999981421e-04
5.886029411764687105e-04
6.124999999999980287e-04
5.900735294117627873e-04
6.077205882352921433e-04
6.290441176470568541e-04
5.801470588235275788e-04
6.058823529411745202e-04
6.077205882352921433e-04
5.992647058823511201e-04
5.974264705882333885e-04
5.816176470588216556e-04
6.040441176470568970e-04
6.275735294117626688e-04
6.279411764705862152e-04
5.974264705882333885e-04
6.022058823529392738e-04
5.819852941176452020e-04
5.944852941176451263e-04
5.911764705882334263e-04
6.367647058823508932e-04
5.992647058823510117e-04
6.187499999999979908e-04
6.113970588235276065e-04
6.036764705882333507e-04
5.867647058823510873e-04
6.077205882352921433e-04
6.007352941176451969e-04
6.503676470588214565e-04
6.268382352941156846e-04
6.102941176470568592e-04
5.672794117647041081e-04
5.746323529411746008e-04
6.356617647058803626e-04
6.077205882352921433e-04
6.143382352941156518e-04
6.154411764705863992e-04
6.341911764705861774e-04
6.069852941176451591e-04
6.069852941176451591e-04
6.187499999999979908e-04
6.220588235294097993e-04
6.639705882352920198e-04
6.121323529411744823e-04
6.216911764705862530e-04
6.187499999999980993e-04
6.007352941176451969e-04
6.172794117647039140e-04
6.216911764705862530e-04
5.959558823529393116e-04
6.261029411764685920e-04
6.022058823529392738e-04
5.911764705882334263e-04
6.264705882352921383e-04
6.286764705882333078e-04
6.139705882352921055e-04
6.176470588235274603e-04
6.025735294117628201e-04
6.246323529411745151e-04
6.419117647058803248e-04
6.294117647058802920e-04
6.345588235294097237e-04
6.169117647058804761e-04
6.139705882352921055e-04
6.345588235294097237e-04
6.205882352941156140e-04
6.077205882352921433e-04
6.227941176470567835e-04
6.080882352941156897e-04
6.246323529411745151e-04
6.294117647058802920e-04
6.136029411764686676e-04
6.106617647058804055e-04
6.066176470588216128e-04
6.466911764705862101e-04
6.011029411764686348e-04
6.143382352941156518e-04
6.073529411764687054e-04
6.558823529411743260e-04
6.323529411764685542e-04
6.477941176470567407e-04
6.316176470588214615e-04
6.426470588235273090e-04
6.286764705882333078e-04
6.047794117647039896e-04
6.099264705882333128e-04
6.386029411764685164e-04
6.430147058823508554e-04
6.113970588235274981e-04
6.084558823529392360e-04
6.246323529411746235e-04
6.033088235294098043e-04
6.352941176470568163e-04
6.628676470588213809e-04
6.323529411764685542e-04
6.441176470588216027e-04
6.205882352941156140e-04
6.367647058823508932e-04
6.452205882352920249e-04
6.264705882352921383e-04
6.352941176470568163e-04
6.599264705882331187e-04
6.242647058823510772e-04
6.573529411764685113e-04
6.209558823529391603e-04
6.294117647058802920e-04
6.124999999999980287e-04
6.474264705882331944e-04
6.147058823529393066e-04
6.426470588235273090e-04
6.363970588235273469e-04
6.319852941176450078e-04
6.492647058823508175e-04
6.507352941176450028e-04
6.158088235294099455e-04
6.386029411764686248e-04
6.595588235294097892e-04
6.433823529411744017e-04
6.529411764705861723e-04
6.349264705882332700e-04
6.227941176470567835e-04
6.360294117647038005e-04
6.610294117647038661e-04
6.823529411764683601e-04
6.290441176470568541e-04
6.441176470588214943e-04
6.470588235294096480e-04
6.323529411764685542e-04
6.143382352941156518e-04
6.466911764705862101e-04
6.356617647058803626e-04
6.367647058823508932e-04
6.444852941176450406e-04
6.393382352941156090e-04
6.216911764705862530e-04
6.481617647058802870e-04
6.400735294117627016e-04
6.231617647058803298e-04
6.544117647058802492e-04
6.411764705882332322e-04
6.448529411764685870e-04
6.459558823529391175e-04
6.393382352941156090e-04
6.297794117647038383e-04
6.488970588235273796e-04
6.496323529411743639e-04
6.323529411764685542e-04
6.621323529411745051e-04
6.272058823529391225e-04
6.261029411764685920e-04
6.301470588235273847e-04
6.672794117647038283e-04
6.772058823529391453e-04
6.382352941176449700e-04
6.367647058823508932e-04
6.669117647058801735e-04
6.658088235294096430e-04
6.363970588235274553e-04
6.514705882352919870e-04
6.316176470588214615e-04
6.459558823529391175e-04
6.301470588235273847e-04
6.397058823529391553e-04
6.301470588235273847e-04
6.488970588235273796e-04
6.323529411764685542e-04
6.525735294117627344e-04
6.602941176470566650e-04
6.422794117647038711e-04
6.319852941176450078e-04
6.272058823529391225e-04
6.323529411764685542e-04
6.253676470588214993e-04
6.691176470588213430e-04
6.606617647058802114e-04
6.499999999999979102e-04
6.422794117647039796e-04
6.720588235294097136e-04
6.316176470588214615e-04
6.518382352941155334e-04
6.485294117647038333e-04
6.709558823529390746e-04
6.628676470588214893e-04
6.466911764705862101e-04
6.764705882352919442e-04
6.194852941176450835e-04
6.529411764705862807e-04
6.555147058823508881e-04
6.481617647058802870e-04
6.783088235294095674e-04
6.430147058823508554e-04
6.386029411764685164e-04
6.345588235294097237e-04
6.650735294117625504e-04
6.617647058823508503e-04
6.194852941176451919e-04
6.477941176470567407e-04
6.463235294117626638e-04
6.378676470588215321e-04
6.566176470588214187e-04
6.632352941176449272e-04
6.544117647058802492e-04
6.507352941176450028e-04
6.518382352941155334e-04
6.617647058823508503e-04
6.227941176470568919e-04
6.400735294117628101e-04
6.724264705882331515e-04
6.694852941176449978e-04
6.694852941176448894e-04
6.613970588235274124e-04
6.761029411764685063e-04
6.562499999999978724e-04
6.790441176470566600e-04
6.404411764705861395e-04
6.628676470588213809e-04
6.408088235294096859e-04
6.654411764705862051e-04
6.591911764705862429e-04
6.437499999999979480e-04
6.801470588235271906e-04
6.683823529411744672e-04
6.503676470588215649e-04
6.466911764705862101e-04
6.540441176470567029e-04
6.419117647058803248e-04
6.779411764705860211e-04
6.591911764705861345e-04
