5.024509803921552512e-04
6.024509803921549713e-04
6.083333333333313872e-04
6.098039215686254641e-04
6.318627450980371591e-04
6.362745098039194981e-04
6.289215686274490054e-04
6.176470588235274603e-04
6.504901960784293053e-04
6.549019607843116443e-04
6.661764705882331893e-04
6.166666666666646701e-04
6.617647058823508503e-04
6.848039215686252271e-04
6.509803921568607004e-04
7.004901960784291112e-04
7.196078431372525440e-04
6.642156862745078258e-04
6.897058823529389612e-04
6.799019607843114930e-04
6.715686274509783185e-04
6.759803921568605491e-04
7.264705882352917501e-04
7.225490196078409146e-04
7.191176470588211489e-04
7.230392156862722013e-04
7.299019607843114073e-04
7.073529411764683172e-04
7.200980392156840475e-04
6.852941176470566222e-04
7.117647058823507646e-04
7.568627450980368364e-04
7.264705882352917501e-04
7.078431372548997123e-04
7.343137254901936379e-04
7.348039215686250330e-04
7.343137254901936379e-04
7.411764705882328439e-04
7.514705882352917072e-04
7.240196078431348830e-04
7.637254901960759340e-04
7.446078431372526096e-04
7.279411764705858269e-04
7.377450980392134035e-04
7.245098039215662781e-04
7.166666666666643903e-04
7.651960784313701193e-04
7.220588235294094111e-04
7.333333333333309561e-04
7.720588235294092170e-04
7.622549019607819656e-04
7.534313725490172876e-04
7.117647058823506562e-04
7.465686274509779731e-04
7.225490196078409146e-04
7.382352941176446902e-04
7.269607843137231452e-04
7.612745098039190670e-04
7.299019607843114073e-04
7.313725490196054842e-04
7.323529411764681659e-04
7.348039215686250330e-04
7.563725490196053329e-04
7.524509803921543890e-04
7.617647058823505705e-04
7.705882352941151401e-04
7.691176470588211717e-04
7.524509803921544974e-04
7.377450980392132951e-04
7.509803921568604206e-04
7.392156862745073720e-04
7.284313725490173305e-04
7.200980392156839391e-04
7.230392156862722013e-04
7.656862745098014060e-04
7.710784313725466436e-04
7.142156862745075233e-04
7.269607843137232536e-04
7.504901960784290255e-04
7.446078431372525012e-04
7.289215686274486171e-04
7.318627450980369877e-04
7.558823529411740462e-04
7.794117647058799265e-04
7.289215686274487255e-04
7.313725490196054842e-04
7.534313725490171792e-04
7.529411764705857841e-04
7.588235294117623084e-04
7.352941176470564281e-04
7.818627450980367936e-04
7.637254901960759340e-04
7.622549019607819656e-04
7.539215686274486827e-04
7.372549019607820085e-04
7.318627450980368793e-04
8.044117647058797753e-04
7.745098039215661924e-04
7.735294117647035107e-04
7.352941176470564281e-04
7.132352941176448415e-04
7.485294117647034451e-04
7.411764705882328439e-04
7.539215686274485743e-04
7.455882352941151829e-04
7.485294117647034451e-04
7.446078431372525012e-04
7.372549019607820085e-04
7.333333333333309561e-04
7.642156862745073291e-04
7.529411764705858925e-04
7.598039215686250986e-04
7.254901960784290683e-04
7.700980392156837450e-04
7.661764705882328011e-04
7.720588235294092170e-04
7.524509803921543890e-04
7.421568627450956341e-04
7.401960784313702706e-04
7.382352941176446902e-04
7.431372549019583159e-04
7.573529411764682315e-04
7.602941176470563852e-04
7.436274509803898194e-04
7.887254901960758912e-04
7.083333333333311074e-04
7.681372549019583815e-04
7.534313725490172876e-04
7.553921568627427596e-04
7.647058823529388327e-04
7.411764705882328439e-04
7.588235294117622000e-04
7.416666666666643475e-04
7.578431372548996266e-04
7.225490196078409146e-04
7.975490196078406776e-04
7.397058823529388755e-04
7.401960784313701622e-04
7.328431372548995610e-04
7.470588235294093682e-04
7.421568627450956341e-04
7.529411764705857841e-04
7.171568627450956770e-04
7.441176470588211061e-04
7.583333333333310217e-04
7.916666666666640449e-04
7.730392156862721156e-04
7.774509803921544546e-04
7.632352941176446474e-04
7.019607843137231880e-04
7.544117647058799694e-04
7.647058823529388327e-04
7.612745098039190670e-04
7.313725490196054842e-04
7.465686274509780816e-04
7.725490196078406121e-04
7.534313725490172876e-04
7.416666666666643475e-04
7.392156862745074804e-04
7.411764705882329524e-04
7.308823529411740891e-04
7.455882352941151829e-04
7.274509803921545403e-04
7.504901960784289170e-04
7.715686274509778219e-04
7.897058823529385730e-04
7.421568627450956341e-04
7.676470588235268780e-04
7.387254901960761937e-04
7.627450980392132523e-04
7.588235294117623084e-04
7.343137254901938547e-04
7.975490196078405692e-04
7.642156862745074376e-04
7.524509803921544974e-04
7.857843137254876291e-04
7.431372549019584243e-04
7.725490196078407205e-04
7.249999999999976732e-04
7.524509803921543890e-04
7.313725490196054842e-04
7.426470588235271376e-04
7.627450980392132523e-04
7.460784313725465780e-04
7.504901960784289170e-04
7.602941176470564937e-04
7.328431372548995610e-04
7.450980392156838963e-04
7.568627450980368364e-04
7.651960784313700109e-04
7.666666666666643046e-04
7.235294117647034879e-04
7.387254901960761937e-04
7.416666666666642390e-04
7.593137254901935950e-04
7.720588235294092170e-04
7.602941176470563852e-04
7.696078431372523499e-04
7.142156862745075233e-04
7.588235294117622000e-04
7.377450980392132951e-04
7.612745098039190670e-04
7.705882352941152485e-04
7.323529411764682744e-04
7.387254901960759769e-04
7.779411764705857412e-04
7.715686274509779303e-04
7.397058823529387671e-04
7.681372549019582730e-04
7.392156862745073720e-04
7.397058823529388755e-04
7.338235294117623512e-04
7.553921568627426511e-04
7.563725490196054413e-04
7.720588235294093254e-04
7.323529411764681659e-04
7.470588235294093682e-04
7.578431372548995182e-04
7.774509803921543461e-04
7.754901960784289826e-04
7.348039215686250330e-04
7.593137254901937035e-04
7.696078431372523499e-04
7.553921568627426511e-04
7.343137254901938547e-04
7.553921568627426511e-04
7.686274509803896681e-04
7.475490196078406549e-04
7.519607843137229939e-04
7.529411764705857841e-04
7.485294117647035535e-04
7.426470588235271376e-04
7.313725490196054842e-04
7.362745098039192183e-04
7.490196078431348402e-04
7.196078431372525440e-04
7.514705882352917072e-04
7.539215686274486827e-04
7.328431372548995610e-04
7.544117647058799694e-04
7.323529411764682744e-04
7.509803921568604206e-04
7.509803921568603121e-04
7.235294117647034879e-04
7.289215686274486171e-04
7.499999999999976304e-04
7.308823529411741975e-04
7.843137254901935522e-04
7.583333333333309133e-04
7.333333333333309561e-04
7.568627450980367280e-04
7.529411764705858925e-04
7.137254901960761282e-04
7.475490196078406549e-04
7.450980392156840047e-04
7.622549019607819656e-04
7.338235294117623512e-04
7.411764705882329524e-04
7.877450980392131010e-04
7.357843137254878232e-04
7.622549019607819656e-04
7.725490196078407205e-04
7.352941176470564281e-04
7.377450980392132951e-04
7.553921568627427596e-04
7.539215686274485743e-04
7.558823529411740462e-04
7.112745098039193695e-04
7.681372549019583815e-04
7.598039215686249901e-04
7.524509803921543890e-04
7.235294117647034879e-04
7.446078431372525012e-04
7.269607843137232536e-04
7.544117647058798609e-04
7.161764705882331036e-04
7.558823529411740462e-04
7.583333333333310217e-04
7.803921568627424999e-04
7.328431372548995610e-04
7.720588235294092170e-04
7.612745098039190670e-04
8.034313725490169851e-04
7.622549019607818572e-04
7.524509803921543890e-04
7.151960784313702050e-04
7.495098039215663437e-04
7.671568627450956997e-04
7.583333333333309133e-04
8.034313725490170935e-04
7.377450980392134035e-04
7.156862745098016001e-04
7.779411764705857412e-04
7.720588235294093254e-04
7.235294117647034879e-04
7.387254901960759769e-04
7.774509803921543461e-04
7.421568627450956341e-04
7.691176470588210632e-04
7.715686274509778219e-04
7.377450980392132951e-04
7.622549019607818572e-04
7.387254901960759769e-04
7.651960784313700109e-04
7.328431372548995610e-04
7.426470588235270292e-04
7.328431372548995610e-04
7.877450980392131010e-04
7.387254901960761937e-04
7.627450980392132523e-04
7.034313725490173733e-04
7.254901960784290683e-04
7.946078431372524155e-04
7.529411764705857841e-04
7.333333333333309561e-04
7.700980392156837450e-04
7.455882352941152914e-04
7.137254901960761282e-04
7.499999999999976304e-04
7.254901960784290683e-04
7.411764705882328439e-04
7.343137254901936379e-04
7.813725490196053985e-04
7.509803921568604206e-04
7.583333333333310217e-04
7.392156862745074804e-04
7.715686274509778219e-04
7.470588235294094766e-04
7.460784313725465780e-04
7.754901960784289826e-04
7.514705882352917072e-04
7.622549019607819656e-04
7.495098039215662353e-04
7.774509803921543461e-04
7.803921568627424999e-04
7.348039215686250330e-04
7.803921568627426083e-04
7.240196078431349914e-04
7.637254901960759340e-04
7.372549019607820085e-04
7.593137254901935950e-04
7.147058823529388099e-04
7.549019607843113645e-04
7.730392156862720071e-04
7.421568627450956341e-04
7.627450980392132523e-04
7.348039215686251414e-04
7.411764705882328439e-04
7.524509803921544974e-04
7.519607843137229939e-04
7.588235294117623084e-04
7.431372549019584243e-04
7.666666666666641962e-04
7.696078431372523499e-04
7.436274509803897110e-04
7.749999999999974791e-04
7.740196078431346889e-04
7.328431372548995610e-04
7.598039215686249901e-04
7.553921568627426511e-04
7.156862745098016001e-04
7.700980392156837450e-04
7.264705882352918585e-04
7.563725490196053329e-04
7.745098039215661924e-04
7.240196078431348830e-04
7.656862745098015144e-04
8.186274509803895824e-04
7.181372549019584672e-04
7.416666666666642390e-04
7.568627450980367280e-04
7.676470588235268780e-04
7.426470588235270292e-04
7.607843137254876719e-04
7.524509803921543890e-04
7.612745098039191754e-04
7.622549019607818572e-04
7.651960784313700109e-04
7.818627450980366851e-04
7.416666666666643475e-04
7.519607843137231023e-04
7.931372549019582302e-04
7.710784313725465352e-04
7.352941176470564281e-04
7.382352941176446902e-04
7.544117647058798609e-04
7.352941176470564281e-04
7.411764705882328439e-04
7.637254901960759340e-04
7.544117647058799694e-04
7.583333333333310217e-04
7.215686274509781244e-04
7.499999999999976304e-04
7.769607843137229511e-04
8.073529411764680374e-04
7.225490196078409146e-04
7.485294117647034451e-04
7.818627450980367936e-04
7.411764705882329524e-04
7.583333333333309133e-04
7.686274509803897766e-04
7.593137254901935950e-04
7.754901960784289826e-04
7.313725490196054842e-04
7.784313725490171363e-04
7.318627450980369877e-04
7.161764705882329952e-04
7.544117647058799694e-04
7.166666666666643903e-04
7.455882352941152914e-04
7.745098039215661924e-04
7.093137254901938976e-04
7.504901960784289170e-04
7.877450980392131010e-04
7.416666666666642390e-04
7.499999999999976304e-04
7.401960784313702706e-04
7.602941176470564937e-04
7.279411764705858269e-04
7.524509803921543890e-04
7.480392156862721584e-04
7.642156862745073291e-04
7.524509803921543890e-04
7.328431372548995610e-04
7.362745098039192183e-04
7.549019607843113645e-04
7.784313725490171363e-04
7.230392156862722013e-04
7.333333333333309561e-04
7.632352941176445390e-04
7.647058823529387242e-04
7.637254901960760425e-04
7.598039215686249901e-04
7.269607843137231452e-04
7.303921568627426940e-04
7.392156862745073720e-04
7.171568627450957854e-04
7.544117647058799694e-04
7.539215686274485743e-04
7.637254901960759340e-04
7.362745098039192183e-04
7.274509803921545403e-04
7.367647058823506134e-04
7.372549019607819000e-04
7.730392156862720071e-04
7.460784313725465780e-04
7.754901960784288742e-04
7.499999999999975219e-04
7.651960784313700109e-04
7.696078431372523499e-04
7.637254901960760425e-04
7.573529411764681231e-04
7.656862745098014060e-04
7.549019607843113645e-04
7.607843137254876719e-04
7.470588235294093682e-04
7.544117647058798609e-04
7.348039215686250330e-04
7.230392156862722013e-04
7.279411764705858269e-04
7.465686274509779731e-04
7.622549019607819656e-04
7.681372549019583815e-04
7.759803921568601609e-04
7.637254901960759340e-04
7.421568627450956341e-04
7.333333333333309561e-04
7.651960784313700109e-04
7.387254901960759769e-04
7.622549019607818572e-04
7.691176470588211717e-04
7.799019607843112132e-04
7.578431372548995182e-04
7.210784313725467293e-04
7.867647058823505277e-04
7.725490196078407205e-04
7.774509803921543461e-04
7.289215686274486171e-04
7.279411764705859354e-04
7.308823529411740891e-04
7.480392156862720500e-04
7.382352941176446902e-04
7.534313725490172876e-04
7.818627450980366851e-04
7.274509803921545403e-04
7.514705882352918156e-04
7.705882352941151401e-04
7.470588235294094766e-04
7.612745098039190670e-04
7.259803921568604634e-04
7.789215686274484230e-04
7.818627450980367936e-04
7.102941176470565793e-04
7.578431372548996266e-04
7.666666666666643046e-04
7.480392156862721584e-04
7.196078431372526524e-04
7.328431372548995610e-04
7.568627450980367280e-04
7.348039215686250330e-04
7.534313725490171792e-04
7.519607843137231023e-04
7.362745098039192183e-04
7.426470588235270292e-04
7.534313725490172876e-04
7.465686274509779731e-04
7.857843137254876291e-04
7.191176470588211489e-04
7.318627450980369877e-04
7.691176470588210632e-04
7.367647058823506134e-04
7.181372549019584672e-04
7.852941176470563424e-04
7.941176470588210204e-04
7.210784313725467293e-04
7.441176470588211061e-04
7.127450980392133380e-04
7.446078431372526096e-04
7.357843137254878232e-04
7.294117647058800122e-04
7.529411764705858925e-04
7.794117647058798181e-04
7.651960784313700109e-04
7.431372549019584243e-04
7.549019607843113645e-04
7.455882352941151829e-04
7.406862745098015573e-04
7.872549019607818143e-04
7.661764705882328011e-04
7.200980392156839391e-04
7.406862745098016657e-04
7.524509803921544974e-04
7.377450980392132951e-04
7.450980392156838963e-04
7.215686274509780160e-04
7.171568627450957854e-04
7.539215686274485743e-04
7.666666666666643046e-04
7.593137254901937035e-04
6.857843137254880173e-04
7.382352941176447986e-04
7.754901960784289826e-04
7.529411764705858925e-04
7.382352941176446902e-04
7.882352941176444961e-04
7.627450980392133607e-04
8.034313725490169851e-04
7.382352941176447986e-04
7.872549019607817059e-04
7.470588235294093682e-04
7.539215686274485743e-04
7.514705882352917072e-04
7.303921568627426940e-04
7.161764705882329952e-04
7.593137254901935950e-04
7.833333333333307620e-04
7.254901960784290683e-04
7.313725490196055926e-04
7.372549019607819000e-04
7.553921568627426511e-04
7.318627450980368793e-04
7.509803921568603121e-04
7.264705882352918585e-04
7.328431372548995610e-04
7.730392156862720071e-04
7.632352941176446474e-04
7.186274509803898623e-04
7.490196078431348402e-04
7.323529411764681659e-04
7.220588235294094111e-04
7.220588235294094111e-04
7.514705882352917072e-04
7.598039215686250986e-04
7.852941176470563424e-04
7.431372549019584243e-04
7.720588235294092170e-04
7.799019607843112132e-04
7.446078431372525012e-04
7.441176470588211061e-04
7.632352941176445390e-04
7.196078431372525440e-04
7.475490196078406549e-04
7.725490196078407205e-04
7.504901960784289170e-04
7.651960784313700109e-04
7.411764705882328439e-04
7.622549019607819656e-04
7.137254901960761282e-04
7.705882352941151401e-04
7.446078431372526096e-04
7.764705882352915560e-04
7.362745098039193267e-04
7.142156862745076317e-04
7.392156862745073720e-04
7.563725490196053329e-04
7.240196078431348830e-04
7.499999999999975219e-04
7.784313725490171363e-04
7.666666666666643046e-04
7.485294117647035535e-04
7.475490196078406549e-04
7.838235294117621571e-04
7.769607843137230595e-04
7.514705882352918156e-04
7.450980392156838963e-04
7.573529411764682315e-04
7.612745098039191754e-04
8.053921568627424570e-04
7.823529411764681887e-04
7.441176470588211061e-04
7.838235294117621571e-04
7.205882352941154426e-04
7.715686274509779303e-04
7.558823529411741547e-04
7.460784313725465780e-04
7.200980392156839391e-04
7.553921568627426511e-04
7.607843137254876719e-04
7.656862745098015144e-04
7.617647058823505705e-04
7.563725490196053329e-04
7.514705882352918156e-04
7.544117647058798609e-04
7.112745098039192611e-04
7.411764705882328439e-04
7.421568627450956341e-04
7.671568627450954829e-04
7.593137254901937035e-04
7.514705882352917072e-04
7.083333333333311074e-04
7.367647058823505049e-04
7.558823529411740462e-04
7.524509803921543890e-04
7.710784313725466436e-04
7.495098039215662353e-04
7.284313725490172220e-04
7.480392156862720500e-04
7.686274509803896681e-04
7.441176470588211061e-04
7.269607843137232536e-04
7.789215686274485314e-04
7.490196078431349486e-04
7.598039215686250986e-04
7.794117647058799265e-04
7.578431372548995182e-04
7.588235294117623084e-04
7.769607843137229511e-04
7.093137254901938976e-04
7.700980392156838534e-04
7.421568627450957426e-04
7.544117647058799694e-04
7.446078431372525012e-04
7.691176470588211717e-04
7.534313725490171792e-04
7.465686274509780816e-04
7.343137254901938547e-04
7.617647058823505705e-04
7.779411764705858497e-04
7.264705882352918585e-04
7.392156862745073720e-04
7.220588235294094111e-04
7.563725490196053329e-04
7.254901960784290683e-04
7.191176470588212574e-04
7.666666666666641962e-04
7.313725490196054842e-04
7.480392156862721584e-04
7.799019607843112132e-04
7.191176470588211489e-04
7.313725490196054842e-04
7.299019607843114073e-04
7.539215686274485743e-04
7.514705882352918156e-04
7.602941176470563852e-04
7.406862745098015573e-04
7.519607843137229939e-04
7.431372549019583159e-04
7.598039215686250986e-04
7.700980392156837450e-04
7.426470588235270292e-04
7.612745098039191754e-04
7.715686274509778219e-04
7.524509803921543890e-04
7.666666666666641962e-04
7.411764705882328439e-04
7.612745098039191754e-04
7.897058823529385730e-04
7.499999999999975219e-04
7.436274509803897110e-04
7.848039215686248389e-04
7.710784313725465352e-04
7.656862745098015144e-04
7.642156862745073291e-04
7.524509803921543890e-04
7.196078431372526524e-04
7.225490196078408062e-04
7.431372549019584243e-04
7.328431372548995610e-04
7.441176470588211061e-04
7.602941176470563852e-04
7.710784313725465352e-04
7.534313725490172876e-04
7.887254901960759996e-04
7.602941176470564937e-04
7.872549019607818143e-04
7.191176470588211489e-04
7.848039215686248389e-04
7.509803921568603121e-04
7.323529411764681659e-04
7.642156862745073291e-04
7.686274509803897766e-04
7.200980392156839391e-04
7.573529411764682315e-04
7.583333333333310217e-04
7.215686274509780160e-04
7.901960784313700765e-04
7.514705882352917072e-04
7.230392156862722013e-04
7.656862745098015144e-04
7.421568627450956341e-04
7.519607843137229939e-04
7.637254901960759340e-04
7.700980392156838534e-04
7.142156862745075233e-04
7.480392156862721584e-04
7.534313725490171792e-04
7.519607843137231023e-04
7.299019607843114073e-04
7.230392156862722013e-04
7.455882352941151829e-04
7.480392156862720500e-04
7.725490196078406121e-04
7.161764705882329952e-04
7.102941176470564709e-04
7.426470588235271376e-04
7.906862745098014716e-04
7.485294117647034451e-04
7.647058823529387242e-04
7.651960784313701193e-04
7.539215686274485743e-04
7.450980392156838963e-04
7.553921568627427596e-04
7.460784313725466865e-04
7.803921568627424999e-04
7.848039215686249473e-04
7.622549019607818572e-04
7.617647058823504621e-04
7.318627450980368793e-04
7.632352941176445390e-04
7.436274509803897110e-04
7.642156862745073291e-04
7.215686274509780160e-04
7.392156862745074804e-04
7.632352941176445390e-04
7.426470588235271376e-04
7.392156862745074804e-04
7.558823529411741547e-04
7.313725490196054842e-04
7.249999999999976732e-04
7.303921568627426940e-04
7.632352941176445390e-04
7.401960784313702706e-04
7.205882352941154426e-04
7.509803921568604206e-04
7.504901960784289170e-04
7.421568627450956341e-04
7.318627450980368793e-04
7.249999999999976732e-04
7.568627450980367280e-04
7.534313725490171792e-04
7.887254901960758912e-04
7.632352941176446474e-04
7.421568627450956341e-04
7.583333333333310217e-04
7.857843137254877375e-04
7.225490196078409146e-04
7.294117647058800122e-04
7.647058823529387242e-04
7.318627450980368793e-04
7.431372549019584243e-04
7.553921568627426511e-04
7.676470588235268780e-04
7.485294117647035535e-04
7.333333333333309561e-04
7.730392156862720071e-04
7.803921568627424999e-04
7.426470588235270292e-04
7.450980392156838963e-04
7.480392156862720500e-04
7.661764705882328011e-04
7.495098039215662353e-04
7.872549019607817059e-04
7.465686274509779731e-04
7.073529411764683172e-04
7.573529411764681231e-04
7.318627450980368793e-04
7.450980392156838963e-04
7.387254901960759769e-04
7.710784313725466436e-04
7.534313725490172876e-04
7.249999999999976732e-04
7.647058823529387242e-04
7.715686274509779303e-04
7.588235294117622000e-04
7.749999999999975875e-04
7.034313725490174817e-04
7.602941176470563852e-04
7.519607843137229939e-04
7.357843137254878232e-04
7.700980392156838534e-04
7.872549019607817059e-04
7.338235294117624596e-04
7.465686274509780816e-04
7.352941176470564281e-04
7.392156862745074804e-04
7.235294117647034879e-04
7.622549019607818572e-04
7.558823529411740462e-04
7.524509803921544974e-04
7.230392156862723097e-04
7.544117647058799694e-04
7.749999999999975875e-04
7.215686274509780160e-04
7.534313725490172876e-04
7.686274509803896681e-04
7.333333333333309561e-04
7.759803921568602693e-04
7.632352941176446474e-04
7.352941176470565365e-04
7.446078431372525012e-04
7.426470588235270292e-04
7.303921568627426940e-04
7.622549019607818572e-04
7.421568627450956341e-04
7.651960784313701193e-04
7.210784313725467293e-04
7.681372549019582730e-04
7.323529411764681659e-04
7.647058823529388327e-04
7.289215686274486171e-04
7.529411764705858925e-04
7.191176470588211489e-04
7.249999999999976732e-04
7.745098039215660840e-04
7.607843137254877803e-04
7.514705882352917072e-04
7.416666666666642390e-04
7.392156862745073720e-04
7.401960784313701622e-04
7.348039215686250330e-04
7.539215686274485743e-04
7.730392156862721156e-04
7.362745098039192183e-04
7.495098039215662353e-04
7.504901960784290255e-04
7.436274509803897110e-04
7.406862745098015573e-04
7.480392156862721584e-04
7.539215686274485743e-04
7.431372549019583159e-04
7.735294117647034022e-04
7.578431372548995182e-04
7.450980392156838963e-04
7.338235294117623512e-04
7.450980392156840047e-04
7.073529411764684256e-04
7.588235294117622000e-04
7.563725490196053329e-04
7.279411764705858269e-04
7.499999999999976304e-04
7.362745098039193267e-04
7.093137254901938976e-04
7.573529411764681231e-04
7.352941176470564281e-04
7.058823529411741319e-04
7.661764705882329095e-04
7.519607843137229939e-04
7.215686274509781244e-04
7.852941176470562340e-04
7.450980392156838963e-04
7.686274509803896681e-04
7.504901960784290255e-04
7.794117647058798181e-04
7.406862745098015573e-04
7.495098039215663437e-04
7.431372549019583159e-04
7.401960784313701622e-04
7.612745098039190670e-04
7.818627450980366851e-04
7.426470588235270292e-04
7.509803921568603121e-04
7.558823529411740462e-04
7.843137254901936606e-04
7.245098039215662781e-04
7.529411764705857841e-04
7.343137254901936379e-04
7.622549019607818572e-04
7.602941176470563852e-04
7.651960784313700109e-04
7.328431372548996695e-04
7.343137254901936379e-04
7.691176470588210632e-04
7.499999999999976304e-04
7.127450980392133380e-04
7.240196078431349914e-04
7.289215686274486171e-04
7.656862745098015144e-04
7.558823529411741547e-04
7.735294117647035107e-04
7.132352941176447331e-04
7.392156862745073720e-04
7.441176470588212145e-04
7.632352941176446474e-04
7.544117647058799694e-04
7.245098039215662781e-04
7.039215686274486600e-04
7.392156862745073720e-04
7.637254901960760425e-04
7.681372549019583815e-04
7.784313725490170279e-04
7.666666666666641962e-04
7.436274509803897110e-04
7.818627450980366851e-04
7.661764705882329095e-04
7.348039215686251414e-04
7.519607843137231023e-04
7.691176470588210632e-04
7.549019607843112560e-04
7.544117647058798609e-04
7.230392156862722013e-04
7.137254901960761282e-04
7.460784313725465780e-04
7.235294117647034879e-04
7.509803921568603121e-04
7.715686274509779303e-04
7.553921568627426511e-04
7.338235294117623512e-04
7.303921568627426940e-04
7.382352941176447986e-04
7.740196078431347973e-04
7.764705882352916644e-04
7.583333333333309133e-04
7.294117647058800122e-04
7.455882352941152914e-04
7.529411764705858925e-04
7.387254901960759769e-04
7.607843137254876719e-04
7.387254901960759769e-04
7.661764705882328011e-04
7.647058823529388327e-04
7.573529411764682315e-04
7.637254901960760425e-04
7.558823529411740462e-04
7.303921568627426940e-04
7.808823529411740034e-04
7.137254901960761282e-04
7.740196078431346889e-04
7.274509803921545403e-04
7.593137254901935950e-04
7.534313725490172876e-04
7.759803921568602693e-04
7.568627450980368364e-04
7.441176470588211061e-04
7.254901960784290683e-04
7.612745098039191754e-04
7.343137254901938547e-04
7.583333333333309133e-04
7.362745098039192183e-04
7.455882352941151829e-04
7.240196078431348830e-04
7.465686274509779731e-04
7.382352941176446902e-04
7.563725490196053329e-04
7.401960784313701622e-04
7.367647058823505049e-04
7.387254901960759769e-04
7.544117647058798609e-04
7.617647058823504621e-04
7.338235294117623512e-04
7.411764705882329524e-04
7.392156862745073720e-04
7.602941176470563852e-04
7.426470588235271376e-04
7.367647058823505049e-04
7.671568627450954829e-04
7.299019607843114073e-04
7.617647058823505705e-04
7.735294117647034022e-04
7.563725490196053329e-04
7.686274509803896681e-04
7.274509803921546487e-04
7.441176470588212145e-04
7.607843137254876719e-04
7.534313725490172876e-04
7.279411764705858269e-04
7.343137254901936379e-04
7.362745098039192183e-04
7.588235294117622000e-04
7.686274509803897766e-04
7.710784313725466436e-04
7.789215686274485314e-04
8.887254901960756114e-04
9.014705882352912333e-04
9.862745098039183561e-04
1.057352941176467175e-03
1.070588235294114192e-03
1.107352941176467090e-03
1.208823529411760887e-03
1.223529411764701872e-03
1.290686274509799747e-03
1.395588235294113093e-03
1.457352941176465839e-03
1.495588235294112705e-03
1.535294117647053756e-03
1.586274509803916460e-03
1.619607843137249592e-03
1.672549019607837660e-03
1.726470588235288518e-03
1.763235294117641199e-03
1.808333333333327379e-03
1.742156862745092511e-03
1.811274509803915533e-03
1.894607843137248795e-03
1.940686274509797766e-03
1.907843137254895596e-03
1.962254901960777849e-03
1.912254901960778151e-03
1.980882352941169995e-03
1.918137254901954676e-03
1.994607843137248624e-03
2.006862745098032634e-03
1.999999999999993536e-03
2.042647058823523175e-03
2.057352941176464160e-03
2.040196078431366199e-03
2.088235294117639883e-03
2.173529411764699160e-03
2.133823529411757458e-03
2.045588235294111112e-03
2.090196078431365897e-03
2.119607843137248301e-03
2.193627450980384624e-03
2.154901960784306580e-03
2.100490196078424760e-03
2.170588235294110789e-03
2.185784313725483170e-03
2.199509803921561799e-03
2.198529411764699008e-03
2.226470588235287228e-03
2.175980392156855701e-03
2.211274509803914413e-03
2.168137254901953814e-03
2.214215686274502784e-03
2.267647058823522247e-03
2.142156862745091175e-03
2.198529411764699008e-03
2.148529411764699311e-03
2.164215686274503087e-03
2.206862745098032291e-03
2.191176470588228516e-03
2.196568627450973428e-03
2.237254901960777052e-03
2.221568627450973277e-03
2.171078431372542184e-03
2.187745098039208750e-03
2.178921568627444072e-03
2.249999999999992891e-03
2.226470588235287228e-03
2.211274509803914413e-03
2.158333333333326345e-03
2.167156862745091023e-03
2.191176470588228516e-03
2.145588235294110507e-03
2.174019607843130555e-03
2.106372549019601068e-03
2.156862745098032160e-03
2.174509803921561516e-03
2.133823529411757892e-03
2.135294117647052077e-03
2.186274509803914565e-03
2.189705882352934330e-03
2.129411764705875770e-03
2.121568627450973882e-03
2.126470588235286965e-03
2.149509803921561667e-03
2.092647058823522872e-03
2.204411764705875316e-03
2.196568627450973428e-03
2.109803921568620400e-03
2.135784313725483472e-03
2.125980392156856004e-03
2.126960784313718794e-03
2.148529411764698877e-03
2.140686274509796989e-03
2.106372549019600634e-03
2.058823529411758346e-03
2.108823529411758043e-03
2.150980392156855853e-03
2.150980392156855853e-03
2.093627450980385229e-03
2.091176470588228687e-03
2.030882352941169693e-03
2.074019607843130726e-03
2.138235294117640448e-03
2.068627450980385814e-03
2.046568627450973902e-03
2.111764705882346414e-03
2.049509803921561839e-03
2.106862745098032463e-03
2.037745098039209224e-03
2.112254901960777809e-03
2.062254901960777244e-03
2.010294117647052400e-03
2.038235294117640619e-03
2.090686274509797292e-03
1.960294117647052269e-03
2.055392156862738580e-03
2.016666666666660536e-03
2.022058823529405448e-03
2.001960784313718683e-03
2.078431372549012848e-03
1.998529411764699351e-03
2.012254901960777980e-03
1.976960784313719268e-03
2.070588235294111394e-03
2.002450980392150078e-03
1.996078431372542809e-03
1.956862745098032937e-03
2.019117647058816644e-03
2.016176470588228707e-03
2.019607843137248473e-03
2.018137254901954288e-03
1.991176470588228858e-03
1.947549019607836863e-03
2.046078431372542507e-03
1.939215686274503581e-03
1.975490196078424649e-03
2.003431372549012868e-03
1.969607843137248775e-03
1.972058823529405317e-03
1.987745098039209093e-03
1.987254901960778131e-03
1.993137254901954005e-03
1.983823529411758366e-03
2.028431372549013151e-03
1.949019607843131049e-03
1.976470588235287873e-03
1.912745098039209330e-03
1.910784313725483966e-03
1.947549019607836863e-03
1.945588235294111500e-03
1.977941176470582058e-03
1.946568627450973856e-03
1.908333333333327208e-03
1.903431372549013257e-03
1.953431372549013171e-03
1.954901960784307356e-03
1.950490196078424800e-03
1.901470588235287893e-03
1.927941176470581927e-03
1.863725490196072422e-03
1.900490196078425103e-03
1.887745098039209698e-03
1.892156862745092037e-03
1.905392156862739054e-03
1.942156862745091734e-03
1.895098039215679974e-03
1.916666666666660274e-03
1.847549019607837035e-03
1.858333333333327293e-03
1.831372549019601864e-03
1.885294117647052722e-03
1.863235294117641027e-03
1.820588235294111823e-03
1.895588235294111369e-03
1.873529411764699891e-03
1.907352941176464201e-03
1.811764705882346928e-03
1.854411764705876349e-03
1.840686274509798154e-03
1.872549019607837100e-03
1.861764705882347059e-03
1.887254901960778086e-03
1.888235294117640876e-03
1.899509803921562313e-03
1.842647058823523301e-03
1.815196078431366693e-03
1.876470588235288044e-03
1.835784313725484203e-03
1.804411764705876435e-03
1.811274509803915750e-03
1.753921568627445126e-03
1.831372549019601864e-03
1.818137254901954847e-03
1.830882352941170686e-03
1.744117647058817874e-03
1.858333333333327076e-03
1.796568627450974547e-03
1.785294117647052894e-03
1.782352941176464740e-03
1.857352941176464503e-03
1.767156862745092359e-03
1.834803921568621630e-03
1.777450980392151223e-03
1.744607843137249053e-03
1.791176470588229635e-03
1.722549019607837358e-03
1.792647058823523386e-03
1.749999999999994182e-03
1.725490196078425728e-03
1.782843137254896352e-03
1.736274509803915986e-03
1.776470588235288433e-03
1.763235294117641199e-03
1.774019607843131457e-03
1.786274509803915684e-03
1.780392156862739160e-03
1.736764705882347165e-03
1.809803921568621564e-03
1.749509803921562787e-03
1.774019607843131457e-03
1.800490196078425491e-03
1.729411764705876672e-03
1.792156862745092208e-03
1.738725490196072745e-03
1.742647058823523689e-03
1.734313725490190406e-03
1.727450980392151092e-03
1.743627450980386479e-03
1.708823529411759162e-03
1.714705882352935470e-03
1.786274509803915901e-03
1.756862745098033496e-03
1.687254901960779079e-03
1.773039215686268667e-03
1.720588235294111994e-03
1.755392156862739311e-03
1.685784313725484677e-03
1.697058823529406114e-03
1.709803921568621736e-03
1.686274509803916072e-03
1.692156862745092380e-03
1.704901960784308218e-03
1.667647058823524143e-03
1.673529411764700450e-03
1.664705882352935772e-03
1.701960784313719848e-03
1.667647058823523926e-03
1.717647058823523840e-03
1.683823529411759097e-03
1.682843137254896523e-03
1.723529411764700148e-03
1.716666666666661050e-03
1.695098039215680750e-03
1.660294117647053433e-03
1.641666666666661287e-03
1.646078431372543626e-03
1.679901960784308153e-03
1.675490196078425814e-03
1.663235294117641587e-03
1.642647058823524077e-03
1.667647058823523926e-03
1.649509803921563175e-03
1.682843137254896523e-03
1.721078431372543389e-03
1.634313725490190794e-03
1.647058823529406416e-03
1.631372549019602641e-03
1.636274509803916158e-03
1.627450980392151480e-03
1.571078431372543863e-03
1.626960784313720085e-03
1.631372549019602641e-03
1.592156862745092768e-03
1.616666666666661655e-03
1.614705882352935858e-03
1.614215686274504680e-03
1.631372549019602424e-03
1.617647058823524012e-03
1.600980392156857446e-03
1.603431372549014421e-03
1.565196078431367339e-03
1.562745098039210580e-03
1.552941176470583112e-03
1.641176470588229892e-03
1.605392156862740002e-03
1.579901960784308541e-03
1.591176470588229978e-03
1.583333333333328090e-03
1.616666666666661438e-03
1.567647058823524314e-03
1.592647058823524163e-03
1.587745098039210429e-03
1.596078431372543712e-03
1.552450980392151717e-03
1.592156862745092768e-03
1.548039215686269378e-03
1.569607843137249678e-03
1.504901960784308778e-03
1.506862745098034358e-03
1.557843137254896846e-03
1.555392156862740087e-03
1.565196078431367339e-03
1.591666666666661373e-03
1.539705882352936095e-03
1.509803921568622512e-03
1.493627450980387341e-03
1.563235294117641975e-03
1.551960784313720322e-03
1.566666666666661524e-03
1.561764705882347790e-03
1.558333333333328241e-03
1.485784313725485454e-03
1.532352941176465602e-03
1.505882352941171568e-03
1.556862745098034056e-03
1.497549019607838285e-03
1.503431372549014810e-03
1.540686274509798885e-03
1.520588235294112770e-03
1.509313725490191117e-03
1.525490196078426505e-03
1.532352941176465602e-03
1.507352941176465753e-03
1.525980392156857683e-03
1.454901960784309081e-03
1.460294117647053993e-03
1.564705882352936160e-03
1.517156862745093005e-03
1.495588235294112705e-03
1.472549019607838437e-03
1.504901960784308778e-03
1.450980392156858137e-03
1.475490196078426590e-03
1.498529411764701075e-03
1.482843137254897083e-03
1.518137254901955795e-03
1.469117647058818671e-03
1.489215686274505002e-03
1.500980392156857834e-03
1.481862745098034293e-03
1.449509803921563951e-03
1.484313725490191268e-03
1.482352941176465688e-03
1.443137254901956032e-03
1.417647058823524788e-03
1.401960784313721013e-03
1.455392156862740476e-03
1.440686274509799273e-03
1.491666666666661761e-03
1.459803921568622815e-03
1.467156862745093307e-03
1.421078431372544337e-03
1.427941176470583651e-03
1.413725490196073844e-03
1.396568627450975883e-03
1.491176470588230366e-03
1.407843137254897320e-03
1.418137254901956183e-03
1.416666666666661998e-03
1.457352941176465839e-03
1.417156862745093393e-03
1.430392156862740410e-03
1.364215686274505325e-03
1.445588235294113007e-03
1.467156862745093307e-03
1.456862745098034444e-03
1.417156862745093393e-03
1.435784313725485539e-03
1.364705882352936720e-03
1.384313725490191656e-03
1.385784313725485625e-03
1.427941176470583651e-03
1.378431372549015132e-03
1.450490196078426742e-03
1.446078431372544403e-03
1.425980392156858071e-03
1.387254901960779810e-03
1.395098039215681915e-03
1.390196078431367964e-03
1.410784313725485691e-03
1.399019607843132642e-03
1.366176470588230905e-03
1.401470588235289617e-03
1.438235294117642298e-03
1.383823529411760261e-03
1.366176470588230905e-03
1.359313725490191591e-03
1.393137254901956334e-03
1.369607843137250454e-03
1.393137254901956334e-03
1.357352941176466227e-03
1.375490196078426978e-03
1.398039215686270069e-03
1.367156862745093696e-03
1.301470588235290006e-03
1.349509803921564340e-03
1.394607843137250303e-03
1.377941176470583737e-03
1.369607843137250454e-03
1.410784313725485691e-03
1.384803921568623052e-03
1.303431372549015369e-03
1.364705882352936720e-03
1.369607843137250454e-03
1.316666666666662386e-03
1.328921568627446613e-03
1.405882352941171956e-03
1.354901960784309252e-03
1.374999999999995583e-03
1.343137254901956420e-03
1.343137254901956420e-03
1.299019607843133030e-03
1.349509803921564340e-03
1.388725490196073995e-03
1.357352941176466227e-03
1.332352941176466379e-03
1.309803921568623289e-03
1.322058823529407515e-03
1.339215686274505476e-03
1.392156862745093544e-03
1.354901960784309252e-03
1.352450980392152493e-03
1.319117647058819362e-03
1.334313725490191742e-03
1.370098039215681849e-03
1.331372549019603588e-03
1.345098039215682001e-03
1.319607843137250757e-03
1.326960784313721249e-03
1.311274509803917257e-03
1.300490196078427215e-03
1.304901960784309554e-03
1.321078431372544725e-03
1.344607843137250605e-03
1.333823529411760347e-03
1.324509803921564274e-03
1.344607843137250605e-03
1.301960784313721401e-03
1.281862745098035069e-03
1.315196078431368418e-03
1.339215686274505476e-03
1.338235294117642686e-03
1.276960784313721335e-03
1.313725490196074232e-03
1.295098039215682086e-03
1.274019607843133181e-03
1.291666666666662537e-03
1.315686274509799596e-03
1.264705882352937108e-03
1.283333333333329255e-03
1.283823529411760650e-03
1.294607843137250691e-03
1.323529411764701701e-03
1.313235294117642837e-03
1.314705882352937023e-03
1.289705882352936957e-03
1.250490196078427301e-03
1.310784313725486079e-03
1.272058823529407601e-03
1.313725490196074232e-03
1.267647058823525262e-03
1.284803921568623223e-03
1.276960784313721335e-03
1.223529411764701872e-03
1.258333333333329406e-03
1.305392156862740950e-03
1.221078431372545113e-03
1.269117647058819447e-03
1.250490196078427301e-03
1.251470588235290091e-03
1.244117647058819599e-03
1.265686274509799899e-03
1.219117647058819750e-03
1.210294117647055072e-03
1.299019607843133030e-03
1.239705882352937260e-03
1.264215686274505713e-03
1.299999999999995820e-03
1.224999999999996057e-03
1.231862745098035372e-03
1.221568627450976509e-03
1.289705882352936957e-03
1.270588235294113633e-03
1.236274509803917711e-03
1.253431372549015672e-03
1.257843137254898011e-03
1.247058823529407752e-03
1.237745098039211679e-03
1.264215686274505713e-03
1.252941176470584277e-03
1.219607843137250928e-03
1.210784313725486250e-03
1.225490196078427452e-03
1.204901960784309943e-03
1.265196078431368503e-03
1.225980392156858848e-03
1.230392156862741187e-03
1.251960784313721486e-03
1.235784313725486316e-03
