5.137254901960767962e-04
5.887254901960765592e-04
6.249999999999979530e-04
6.171568627450960652e-04
6.348039215686254212e-04
6.338235294117626310e-04
6.132352941176451213e-04
6.205882352941157224e-04
6.602941176470566650e-04
6.431372549019587041e-04
6.730392156862722870e-04
6.539215686274489625e-04
6.828431372548997551e-04
6.769607843137234477e-04
6.534313725490174590e-04
7.049019607843114502e-04
6.705882352941156367e-04
6.916666666666645416e-04
6.916666666666644332e-04
7.303921568627428024e-04
7.200980392156840475e-04
7.200980392156839391e-04
6.931372549019585100e-04
6.955882352941153771e-04
7.514705882352917072e-04
7.191176470588212574e-04
6.911764705882330381e-04
7.254901960784290683e-04
6.985294117647036392e-04
7.151960784313703134e-04
7.225490196078409146e-04
7.593137254901935950e-04
7.029411764705859782e-04
6.995098039215664294e-04
7.274509803921545403e-04
7.446078431372525012e-04
7.475490196078407633e-04
7.406862745098016657e-04
7.279411764705859354e-04
7.299019607843115157e-04
6.980392156862723525e-04
7.401960784313701622e-04
7.313725490196054842e-04
7.696078431372523499e-04
7.230392156862722013e-04
7.088235294117623941e-04
7.406862745098015573e-04
7.274509803921545403e-04
7.485294117647034451e-04
7.230392156862723097e-04
7.225490196078408062e-04
7.401960784313701622e-04
7.406862745098015573e-04
7.789215686274484230e-04
7.254901960784290683e-04
7.539215686274485743e-04
7.514705882352917072e-04
7.318627450980368793e-04
7.254901960784291767e-04
7.539215686274486827e-04
7.553921568627427596e-04
7.289215686274487255e-04
7.622549019607819656e-04
7.612745098039190670e-04
7.499999999999976304e-04
7.495098039215662353e-04
7.946078431372524155e-04
7.720588235294093254e-04
7.220588235294094111e-04
7.431372549019583159e-04
7.740196078431347973e-04
7.303921568627426940e-04
7.406862745098015573e-04
7.475490196078407633e-04
7.401960784313702706e-04
7.269607843137231452e-04
7.357843137254878232e-04
7.544117647058798609e-04
7.142156862745076317e-04
7.352941176470564281e-04
7.294117647058800122e-04
7.578431372548996266e-04
7.627450980392132523e-04
7.274509803921545403e-04
7.534313725490171792e-04
7.446078431372525012e-04
7.338235294117623512e-04
7.446078431372526096e-04
7.593137254901935950e-04
7.627450980392132523e-04
7.411764705882328439e-04
7.220588235294094111e-04
7.818627450980367936e-04
7.534313725490171792e-04
7.578431372548995182e-04
7.102941176470565793e-04
7.852941176470563424e-04
7.470588235294094766e-04
7.593137254901935950e-04
7.749999999999975875e-04
7.269607843137231452e-04
7.490196078431348402e-04
7.946078431372523071e-04
7.338235294117624596e-04
7.362745098039193267e-04
7.249999999999976732e-04
7.259803921568603550e-04
7.715686274509778219e-04
7.740196078431347973e-04
7.730392156862721156e-04
7.544117647058799694e-04
7.504901960784289170e-04
7.460784313725465780e-04
7.514705882352917072e-04
7.549019607843113645e-04
7.553921568627427596e-04
7.401960784313701622e-04
7.647058823529388327e-04
7.446078431372525012e-04
7.705882352941152485e-04
6.990196078431350343e-04
7.490196078431349486e-04
7.421568627450956341e-04
7.647058823529387242e-04
7.759803921568601609e-04
7.215686274509780160e-04
7.759803921568601609e-04
7.514705882352917072e-04
7.450980392156840047e-04
7.524509803921544974e-04
7.529411764705857841e-04
7.387254901960759769e-04
7.529411764705858925e-04
7.720588235294092170e-04
7.480392156862720500e-04
7.112745098039192611e-04
7.274509803921545403e-04
7.401960784313701622e-04
7.397058823529388755e-04
7.823529411764681887e-04
7.700980392156838534e-04
7.382352941176446902e-04
7.509803921568603121e-04
7.284313725490172220e-04
7.431372549019584243e-04
7.627450980392133607e-04
7.612745098039191754e-04
7.455882352941151829e-04
7.779411764705857412e-04
7.774509803921544546e-04
7.465686274509779731e-04
7.392156862745074804e-04
7.357843137254879316e-04
7.313725490196054842e-04
7.495098039215663437e-04
7.343137254901938547e-04
7.504901960784290255e-04
7.789215686274485314e-04
7.485294117647035535e-04
7.352941176470564281e-04
7.607843137254876719e-04
7.328431372548995610e-04
7.333333333333309561e-04
7.299019607843114073e-04
7.730392156862721156e-04
7.397058823529388755e-04
7.656862745098015144e-04
7.784313725490171363e-04
7.568627450980368364e-04
7.372549019607820085e-04
7.254901960784291767e-04
7.794117647058798181e-04
7.274509803921545403e-04
7.848039215686249473e-04
7.558823529411741547e-04
7.696078431372524583e-04
7.607843137254877803e-04
7.303921568627426940e-04
7.612745098039190670e-04
7.490196078431348402e-04
7.406862745098015573e-04
7.215686274509780160e-04
7.387254901960761937e-04
7.588235294117622000e-04
7.632352941176445390e-04
7.509803921568604206e-04
7.661764705882329095e-04
7.480392156862720500e-04
7.406862745098015573e-04
7.401960784313701622e-04
7.401960784313701622e-04
7.313725490196055926e-04
7.598039215686249901e-04
7.426470588235270292e-04
7.632352941176445390e-04
7.735294117647034022e-04
7.313725490196054842e-04
7.436274509803898194e-04
7.715686274509778219e-04
7.509803921568603121e-04
7.647058823529387242e-04
7.431372549019584243e-04
7.269607843137231452e-04
7.450980392156838963e-04
7.799019607843112132e-04
7.377450980392132951e-04
7.700980392156837450e-04
7.607843137254877803e-04
7.715686274509778219e-04
7.421568627450957426e-04
7.534313725490172876e-04
7.666666666666643046e-04
7.754901960784289826e-04
7.249999999999977816e-04
7.215686274509780160e-04
7.833333333333307620e-04
7.955882352941152057e-04
7.602941176470564937e-04
7.691176470588211717e-04
7.441176470588211061e-04
7.475490196078407633e-04
7.612745098039190670e-04
7.514705882352917072e-04
7.539215686274485743e-04
7.485294117647034451e-04
7.544117647058799694e-04
7.431372549019583159e-04
7.666666666666643046e-04
7.460784313725465780e-04
7.367647058823505049e-04
7.004901960784292196e-04
7.598039215686249901e-04
7.480392156862720500e-04
7.661764705882328011e-04
7.970588235294092825e-04
7.318627450980368793e-04
7.700980392156837450e-04
7.225490196078409146e-04
7.102941176470564709e-04
7.573529411764681231e-04
7.274509803921545403e-04
7.504901960784290255e-04
7.524509803921544974e-04
7.343137254901936379e-04
7.519607843137229939e-04
7.068627450980369221e-04
7.225490196078408062e-04
7.627450980392133607e-04
7.612745098039190670e-04
7.558823529411740462e-04
7.499999999999976304e-04
7.338235294117623512e-04
7.397058823529388755e-04
7.127450980392133380e-04
7.460784313725466865e-04
7.303921568627428024e-04
7.186274509803898623e-04
7.485294117647035535e-04
7.205882352941153342e-04
7.431372549019584243e-04
7.166666666666643903e-04
7.308823529411741975e-04
7.818627450980367936e-04
7.446078431372525012e-04
7.549019607843112560e-04
7.294117647058801206e-04
7.509803921568603121e-04
7.602941176470563852e-04
7.779411764705858497e-04
7.377450980392134035e-04
7.490196078431348402e-04
7.392156862745073720e-04
7.725490196078407205e-04
7.549019607843112560e-04
7.843137254901935522e-04
7.602941176470564937e-04
7.284313725490172220e-04
7.073529411764683172e-04
7.485294117647035535e-04
7.387254901960761937e-04
7.583333333333310217e-04
7.264705882352918585e-04
7.676470588235269864e-04
7.210784313725468377e-04
7.524509803921543890e-04
7.455882352941151829e-04
7.299019607843114073e-04
7.504901960784290255e-04
7.470588235294093682e-04
7.323529411764681659e-04
7.485294117647034451e-04
7.382352941176446902e-04
7.794117647058799265e-04
7.245098039215663865e-04
7.509803921568603121e-04
7.514705882352917072e-04
7.102941176470564709e-04
7.441176470588211061e-04
7.303921568627426940e-04
7.509803921568603121e-04
7.323529411764681659e-04
8.083333333333307192e-04
7.504901960784289170e-04
7.872549019607818143e-04
7.799019607843112132e-04
7.632352941176445390e-04
7.426470588235271376e-04
7.696078431372523499e-04
7.759803921568601609e-04
7.426470588235270292e-04
7.627450980392133607e-04
7.431372549019583159e-04
7.529411764705858925e-04
7.647058823529387242e-04
7.514705882352918156e-04
7.789215686274484230e-04
8.058823529411738521e-04
7.534313725490171792e-04
7.254901960784290683e-04
7.539215686274485743e-04
7.617647058823505705e-04
7.397058823529387671e-04
7.539215686274486827e-04
7.764705882352915560e-04
7.421568627450956341e-04
7.230392156862722013e-04
7.676470588235269864e-04
7.544117647058799694e-04
7.490196078431348402e-04
7.387254901960759769e-04
7.475490196078407633e-04
7.328431372548995610e-04
7.808823529411738950e-04
7.715686274509778219e-04
7.524509803921544974e-04
7.137254901960761282e-04
7.338235294117623512e-04
7.617647058823504621e-04
7.627450980392133607e-04
7.362745098039192183e-04
7.759803921568601609e-04
7.034313725490173733e-04
7.622549019607819656e-04
7.475490196078407633e-04
7.147058823529388099e-04
7.509803921568604206e-04
7.220588235294094111e-04
7.436274509803897110e-04
7.230392156862722013e-04
7.499999999999976304e-04
7.696078431372523499e-04
7.632352941176446474e-04
7.857843137254876291e-04
7.460784313725465780e-04
7.710784313725465352e-04
7.534313725490172876e-04
7.524509803921544974e-04
7.593137254901935950e-04
7.789215686274485314e-04
7.524509803921543890e-04
7.862745098039191326e-04
7.656862745098015144e-04
7.686274509803897766e-04
7.632352941176445390e-04
7.539215686274485743e-04
7.421568627450957426e-04
7.450980392156838963e-04
7.671568627450954829e-04
7.553921568627426511e-04
7.867647058823504192e-04
7.681372549019582730e-04
7.446078431372526096e-04
7.514705882352918156e-04
7.583333333333310217e-04
7.308823529411740891e-04
7.249999999999977816e-04
7.524509803921544974e-04
7.274509803921545403e-04
7.509803921568603121e-04
7.480392156862720500e-04
7.333333333333309561e-04
7.632352941176445390e-04
7.480392156862720500e-04
7.245098039215663865e-04
7.725490196078407205e-04
7.534313725490171792e-04
7.607843137254877803e-04
7.607843137254877803e-04
7.465686274509780816e-04
7.303921568627426940e-04
7.730392156862720071e-04
7.485294117647034451e-04
7.328431372548995610e-04
7.171568627450956770e-04
7.583333333333310217e-04
7.504901960784290255e-04
7.249999999999977816e-04
7.553921568627426511e-04
7.573529411764681231e-04
7.696078431372523499e-04
7.627450980392133607e-04
7.450980392156838963e-04
7.465686274509779731e-04
7.730392156862720071e-04
7.343137254901938547e-04
7.519607843137229939e-04
7.294117647058801206e-04
7.549019607843113645e-04
7.637254901960760425e-04
7.392156862745074804e-04
7.651960784313701193e-04
7.147058823529388099e-04
7.421568627450957426e-04
7.382352941176446902e-04
7.789215686274484230e-04
7.607843137254876719e-04
7.446078431372525012e-04
7.764705882352915560e-04
7.387254901960759769e-04
7.588235294117623084e-04
7.588235294117622000e-04
7.779411764705857412e-04
7.637254901960759340e-04
7.254901960784291767e-04
7.446078431372525012e-04
7.328431372548995610e-04
7.612745098039190670e-04
7.578431372548996266e-04
7.274509803921546487e-04
7.529411764705858925e-04
7.691176470588210632e-04
7.215686274509781244e-04
7.700980392156838534e-04
7.794117647058799265e-04
7.602941176470563852e-04
7.651960784313700109e-04
7.303921568627426940e-04
7.279411764705859354e-04
7.549019607843112560e-04
7.593137254901935950e-04
7.524509803921544974e-04
7.318627450980368793e-04
7.499999999999976304e-04
7.308823529411740891e-04
7.421568627450957426e-04
7.289215686274486171e-04
7.534313725490172876e-04
7.397058823529388755e-04
7.627450980392132523e-04
7.544117647058798609e-04
7.529411764705858925e-04
7.245098039215663865e-04
7.416666666666643475e-04
7.470588235294094766e-04
7.725490196078406121e-04
7.401960784313701622e-04
7.588235294117622000e-04
7.156862745098016001e-04
7.249999999999977816e-04
7.465686274509780816e-04
7.397058823529388755e-04
7.549019607843112560e-04
7.460784313725465780e-04
7.598039215686249901e-04
7.529411764705857841e-04
7.406862745098016657e-04
7.995098039215660412e-04
7.813725490196052901e-04
7.333333333333310645e-04
7.813725490196053985e-04
7.661764705882329095e-04
7.578431372548995182e-04
7.529411764705857841e-04
7.495098039215662353e-04
7.901960784313699681e-04
7.700980392156837450e-04
7.745098039215661924e-04
6.950980392156839820e-04
7.127450980392133380e-04
7.715686274509778219e-04
7.529411764705858925e-04
7.215686274509780160e-04
7.348039215686250330e-04
7.524509803921543890e-04
7.799019607843113216e-04
7.397058823529387671e-04
7.333333333333309561e-04
7.573529411764681231e-04
7.436274509803897110e-04
7.661764705882329095e-04
7.274509803921545403e-04
7.294117647058800122e-04
7.553921568627427596e-04
7.637254901960760425e-04
7.196078431372525440e-04
7.705882352941152485e-04
7.651960784313701193e-04
7.622549019607819656e-04
7.593137254901937035e-04
7.563725490196053329e-04
7.656862745098015144e-04
7.769607843137230595e-04
7.166666666666643903e-04
7.671568627450954829e-04
7.181372549019584672e-04
7.749999999999975875e-04
7.279411764705858269e-04
7.696078431372523499e-04
7.416666666666643475e-04
7.485294117647035535e-04
7.372549019607819000e-04
7.323529411764682744e-04
7.181372549019584672e-04
7.289215686274486171e-04
7.450980392156840047e-04
7.544117647058798609e-04
7.985294117647033594e-04
7.549019607843112560e-04
7.549019607843112560e-04
7.406862745098016657e-04
7.294117647058801206e-04
6.995098039215663210e-04
7.441176470588211061e-04
7.514705882352917072e-04
7.745098039215660840e-04
7.524509803921543890e-04
7.397058823529388755e-04
7.622549019607818572e-04
7.514705882352917072e-04
7.529411764705858925e-04
7.553921568627426511e-04
7.549019607843112560e-04
7.416666666666643475e-04
7.642156862745074376e-04
7.710784313725466436e-04
7.049019607843115586e-04
7.411764705882328439e-04
7.308823529411740891e-04
7.186274509803898623e-04
7.196078431372525440e-04
7.553921568627427596e-04
7.588235294117622000e-04
7.460784313725466865e-04
7.191176470588211489e-04
7.553921568627426511e-04
7.151960784313702050e-04
7.656862745098014060e-04
7.720588235294093254e-04
7.661764705882328011e-04
7.333333333333310645e-04
7.544117647058798609e-04
7.372549019607819000e-04
7.480392156862720500e-04
7.764705882352916644e-04
7.857843137254876291e-04
7.823529411764681887e-04
7.504901960784289170e-04
7.549019607843112560e-04
7.495098039215663437e-04
7.264705882352917501e-04
7.686274509803896681e-04
7.700980392156837450e-04
7.588235294117622000e-04
7.593137254901937035e-04
7.519607843137231023e-04
7.985294117647033594e-04
7.612745098039190670e-04
7.279411764705858269e-04
7.166666666666643903e-04
7.313725490196055926e-04
7.372549019607819000e-04
7.627450980392132523e-04
7.460784313725465780e-04
7.460784313725465780e-04
7.406862745098015573e-04
7.544117647058798609e-04
7.534313725490172876e-04
7.637254901960759340e-04
7.686274509803896681e-04
7.759803921568601609e-04
7.519607843137229939e-04
7.338235294117624596e-04
7.534313725490172876e-04
7.406862745098015573e-04
7.705882352941152485e-04
7.024509803921545831e-04
7.651960784313701193e-04
7.578431372548996266e-04
7.544117647058799694e-04
7.509803921568604206e-04
7.416666666666642390e-04
7.446078431372525012e-04
7.254901960784291767e-04
7.362745098039193267e-04
7.328431372548995610e-04
7.774509803921544546e-04
7.514705882352917072e-04
7.691176470588211717e-04
7.686274509803897766e-04
7.676470588235269864e-04
7.509803921568604206e-04
7.504901960784289170e-04
7.499999999999976304e-04
7.499999999999976304e-04
7.465686274509779731e-04
7.647058823529388327e-04
7.696078431372523499e-04
7.328431372548995610e-04
7.666666666666641962e-04
7.514705882352918156e-04
7.220588235294094111e-04
7.382352941176446902e-04
7.289215686274486171e-04
7.583333333333310217e-04
7.495098039215662353e-04
7.612745098039190670e-04
7.647058823529387242e-04
7.519607843137229939e-04
7.215686274509781244e-04
7.446078431372525012e-04
7.328431372548995610e-04
7.558823529411740462e-04
7.578431372548996266e-04
7.872549019607817059e-04
7.205882352941154426e-04
7.210784313725467293e-04
7.450980392156838963e-04
7.269607843137231452e-04
7.279411764705859354e-04
7.220588235294094111e-04
7.470588235294094766e-04
7.823529411764680802e-04
7.181372549019584672e-04
7.308823529411740891e-04
7.681372549019583815e-04
7.196078431372525440e-04
7.563725490196053329e-04
7.470588235294094766e-04
7.656862745098014060e-04
7.749999999999975875e-04
7.426470588235270292e-04
7.485294117647034451e-04
7.240196078431349914e-04
7.499999999999975219e-04
7.931372549019583386e-04
7.284313725490173305e-04
7.602941176470564937e-04
7.637254901960759340e-04
7.774509803921544546e-04
7.730392156862720071e-04
7.117647058823507646e-04
7.691176470588210632e-04
7.749999999999975875e-04
7.583333333333310217e-04
7.367647058823505049e-04
7.622549019607818572e-04
7.230392156862722013e-04
7.656862745098014060e-04
7.676470588235268780e-04
7.406862745098015573e-04
7.754901960784288742e-04
6.980392156862722441e-04
7.710784313725466436e-04
7.656862745098015144e-04
7.735294117647035107e-04
7.225490196078408062e-04
7.333333333333310645e-04
7.254901960784290683e-04
7.495098039215663437e-04
7.284313725490172220e-04
7.759803921568602693e-04
7.843137254901935522e-04
7.754901960784289826e-04
7.549019607843112560e-04
7.465686274509779731e-04
7.779411764705858497e-04
7.632352941176446474e-04
7.901960784313699681e-04
7.612745098039191754e-04
7.573529411764681231e-04
7.735294117647034022e-04
7.406862745098016657e-04
7.225490196078408062e-04
7.176470588235270721e-04
7.397058823529387671e-04
7.568627450980367280e-04
7.588235294117623084e-04
7.563725490196053329e-04
7.446078431372525012e-04
7.720588235294092170e-04
7.617647058823505705e-04
7.568627450980368364e-04
7.284313725490173305e-04
7.460784313725465780e-04
7.598039215686249901e-04
7.465686274509779731e-04
7.490196078431348402e-04
7.769607843137230595e-04
7.161764705882331036e-04
7.661764705882329095e-04
7.666666666666641962e-04
7.504901960784289170e-04
7.519607843137231023e-04
7.808823529411740034e-04
7.705882352941152485e-04
7.617647058823504621e-04
7.661764705882329095e-04
7.426470588235271376e-04
7.078431372548997123e-04
7.480392156862721584e-04
7.421568627450957426e-04
7.181372549019585756e-04
7.965686274509778874e-04
7.318627450980368793e-04
7.749999999999974791e-04
7.612745098039190670e-04
7.514705882352918156e-04
7.495098039215662353e-04
7.602941176470564937e-04
7.622549019607819656e-04
7.661764705882328011e-04
7.990196078431347545e-04
7.299019607843114073e-04
7.514705882352918156e-04
7.499999999999975219e-04
7.455882352941151829e-04
7.534313725490171792e-04
7.833333333333307620e-04
7.686274509803896681e-04
7.382352941176446902e-04
7.058823529411741319e-04
7.651960784313700109e-04
7.730392156862721156e-04
7.529411764705858925e-04
7.745098039215661924e-04
7.862745098039191326e-04
7.799019607843112132e-04
7.098039215686251843e-04
7.666666666666641962e-04
7.323529411764681659e-04
7.622549019607819656e-04
7.485294117647035535e-04
7.480392156862721584e-04
7.294117647058801206e-04
7.499999999999975219e-04
7.421568627450956341e-04
7.789215686274484230e-04
7.686274509803897766e-04
7.225490196078408062e-04
7.666666666666641962e-04
7.397058823529388755e-04
7.475490196078407633e-04
7.475490196078406549e-04
7.735294117647035107e-04
7.372549019607819000e-04
7.377450980392134035e-04
7.504901960784289170e-04
7.573529411764681231e-04
7.745098039215660840e-04
7.338235294117623512e-04
7.289215686274486171e-04
7.602941176470563852e-04
7.465686274509780816e-04
7.700980392156838534e-04
7.539215686274485743e-04
7.401960784313702706e-04
7.470588235294094766e-04
7.441176470588212145e-04
7.509803921568603121e-04
7.343137254901936379e-04
7.647058823529388327e-04
7.558823529411741547e-04
7.142156862745075233e-04
7.799019607843113216e-04
7.696078431372523499e-04
7.362745098039192183e-04
7.598039215686250986e-04
7.720588235294092170e-04
7.553921568627427596e-04
7.470588235294093682e-04
7.602941176470563852e-04
7.838235294117622655e-04
7.151960784313702050e-04
7.367647058823505049e-04
7.656862745098015144e-04
7.607843137254876719e-04
7.495098039215662353e-04
7.480392156862720500e-04
7.299019607843114073e-04
7.093137254901937892e-04
7.274509803921545403e-04
7.279411764705859354e-04
7.519607843137229939e-04
7.617647058823505705e-04
7.852941176470562340e-04
7.343137254901936379e-04
7.862745098039191326e-04
7.563725490196053329e-04
7.764705882352915560e-04
7.323529411764681659e-04
7.529411764705858925e-04
7.411764705882329524e-04
7.583333333333310217e-04
7.421568627450956341e-04
7.563725490196054413e-04
7.289215686274487255e-04
7.828431372548994753e-04
7.848039215686248389e-04
7.784313725490171363e-04
7.632352941176446474e-04
7.147058823529388099e-04
7.504901960784289170e-04
7.632352941176445390e-04
7.421568627450957426e-04
7.181372549019584672e-04
7.470588235294093682e-04
7.318627450980368793e-04
7.450980392156838963e-04
7.259803921568603550e-04
7.509803921568603121e-04
7.411764705882328439e-04
7.333333333333309561e-04
7.637254901960759340e-04
7.534313725490171792e-04
7.455882352941152914e-04
7.647058823529388327e-04
7.769607843137229511e-04
7.813725490196052901e-04
7.343137254901936379e-04
7.514705882352917072e-04
7.460784313725466865e-04
7.299019607843114073e-04
7.642156862745073291e-04
7.710784313725466436e-04
7.534313725490171792e-04
7.455882352941151829e-04
7.112745098039192611e-04
7.647058823529387242e-04
7.348039215686251414e-04
7.338235294117624596e-04
7.362745098039192183e-04
7.504901960784290255e-04
7.264705882352917501e-04
7.710784313725466436e-04
7.598039215686249901e-04
7.416666666666642390e-04
7.519607843137231023e-04
7.779411764705857412e-04
7.313725490196054842e-04
7.730392156862720071e-04
7.681372549019582730e-04
7.558823529411741547e-04
7.710784313725466436e-04
7.960784313725463839e-04
7.333333333333309561e-04
7.568627450980367280e-04
7.406862745098016657e-04
7.598039215686249901e-04
7.328431372548995610e-04
7.362745098039192183e-04
7.362745098039192183e-04
7.441176470588212145e-04
7.446078431372526096e-04
7.475490196078406549e-04
7.612745098039191754e-04
7.284313725490172220e-04
7.509803921568604206e-04
7.436274509803897110e-04
7.352941176470564281e-04
7.823529411764680802e-04
7.249999999999976732e-04
7.480392156862720500e-04
7.088235294117623941e-04
7.470588235294093682e-04
7.485294117647034451e-04
7.651960784313700109e-04
7.691176470588210632e-04
7.416666666666642390e-04
7.284313725490172220e-04
7.725490196078406121e-04
7.539215686274485743e-04
7.475490196078406549e-04
7.475490196078406549e-04
7.612745098039191754e-04
7.867647058823504192e-04
7.274509803921545403e-04
7.460784313725466865e-04
7.519607843137229939e-04
7.774509803921544546e-04
7.406862745098015573e-04
7.289215686274486171e-04
8.044117647058796668e-04
7.274509803921546487e-04
7.235294117647034879e-04
7.749999999999975875e-04
7.455882352941151829e-04
7.622549019607819656e-04
7.362745098039192183e-04
7.612745098039191754e-04
7.367647058823506134e-04
7.578431372548996266e-04
7.200980392156839391e-04
7.372549019607820085e-04
7.279411764705858269e-04
7.534313725490172876e-04
7.401960784313702706e-04
7.872549019607818143e-04
7.372549019607819000e-04
7.686274509803897766e-04
7.406862745098015573e-04
7.686274509803897766e-04
7.813725490196052901e-04
7.578431372548995182e-04
7.686274509803896681e-04
7.269607843137231452e-04
7.495098039215662353e-04
7.784313725490171363e-04
7.749999999999974791e-04
7.470588235294094766e-04
7.259803921568603550e-04
7.563725490196053329e-04
7.313725490196054842e-04
7.524509803921543890e-04
7.161764705882329952e-04
7.593137254901935950e-04
7.617647058823504621e-04
7.588235294117622000e-04
7.656862745098014060e-04
7.289215686274486171e-04
7.352941176470565365e-04
7.480392156862721584e-04
7.553921568627427596e-04
7.137254901960762366e-04
7.200980392156839391e-04
7.583333333333310217e-04
7.710784313725465352e-04
7.279411764705859354e-04
7.490196078431349486e-04
7.049019607843115586e-04
7.617647058823504621e-04
7.607843137254876719e-04
7.416666666666642390e-04
7.656862745098015144e-04
7.637254901960760425e-04
7.499999999999975219e-04
7.612745098039190670e-04
7.318627450980368793e-04
7.573529411764681231e-04
7.691176470588211717e-04
7.504901960784289170e-04
7.549019607843112560e-04
7.249999999999976732e-04
7.362745098039193267e-04
7.700980392156838534e-04
7.490196078431349486e-04
7.205882352941153342e-04
7.524509803921543890e-04
7.387254901960759769e-04
7.637254901960760425e-04
7.681372549019582730e-04
7.495098039215662353e-04
7.504901960784290255e-04
7.803921568627424999e-04
7.377450980392134035e-04
7.524509803921543890e-04
7.269607843137231452e-04
7.406862745098015573e-04
7.642156862745074376e-04
7.284313725490172220e-04
7.499999999999975219e-04
7.573529411764681231e-04
7.156862745098016001e-04
7.245098039215662781e-04
7.313725490196055926e-04
7.499999999999976304e-04
7.343137254901938547e-04
7.254901960784290683e-04
7.142156862745075233e-04
7.446078431372526096e-04
7.490196078431348402e-04
7.514705882352917072e-04
7.906862745098013632e-04
7.539215686274485743e-04
7.740196078431347973e-04
7.348039215686250330e-04
7.357843137254879316e-04
7.671568627450956997e-04
7.544117647058798609e-04
7.147058823529389184e-04
7.705882352941151401e-04
7.534313725490171792e-04
7.343137254901936379e-04
7.656862745098014060e-04
7.294117647058801206e-04
7.544117647058798609e-04
7.578431372548996266e-04
7.274509803921545403e-04
7.504901960784289170e-04
7.230392156862723097e-04
7.357843137254878232e-04
7.946078431372524155e-04
8.215686274509777362e-04
9.318627450980361028e-04
9.480392156862714904e-04
9.828431372548988073e-04
1.025980392156859624e-03
1.069117647058820224e-03
1.160294117647055158e-03
1.139215686274506253e-03
1.172549019607839384e-03
1.232352941176466550e-03
1.335784313725485927e-03
1.313725490196074232e-03
1.337254901960780113e-03
1.367156862745093696e-03
1.415686274509799425e-03
1.432843137254897386e-03
1.505882352941171568e-03
1.548529411764700773e-03
1.496568627450975495e-03
1.547058823529406804e-03
1.582843137254896695e-03
1.614215686274504463e-03
1.669607843137249723e-03
1.616666666666661438e-03
1.677450980392151394e-03
1.669117647058818111e-03
1.694117647058817960e-03
1.712745098039210106e-03
1.705882352941170792e-03
1.657843137254896458e-03
1.779901960784307981e-03
1.738725490196072962e-03
1.725490196078425728e-03
1.762745098039209804e-03
1.773529411764700279e-03
1.762745098039209804e-03
1.821568627450974396e-03
1.802450980392151072e-03
1.760294117647053045e-03
1.805392156862739442e-03
1.795098039215680362e-03
1.782352941176464740e-03
1.778921568627445408e-03
1.817647058823523452e-03
1.810294117647052742e-03
1.819117647058817420e-03
1.833333333333327228e-03
1.833823529411758623e-03
1.799019607843131306e-03
1.799509803921562701e-03
1.830392156862739074e-03
1.817156862745092057e-03
1.839215686274503969e-03
1.842156862745091906e-03
1.810294117647052742e-03
1.766666666666660748e-03
1.898529411764699523e-03
1.829411764705876501e-03
1.829901960784307679e-03
1.751960784313719762e-03
1.775490196078425426e-03
1.795588235294111974e-03
1.821568627450974613e-03
1.836764705882346776e-03
1.817156862745092274e-03
1.839705882352935147e-03
1.785784313725484506e-03
1.767156862745092143e-03
1.805882352941170620e-03
1.780882352941170772e-03
1.815686274509797872e-03
1.843137254901954696e-03
1.766666666666660964e-03
1.765196078431366779e-03
1.769607843137249335e-03
1.802450980392150855e-03
1.798039215686268516e-03
1.879901960784307593e-03
1.773039215686268884e-03
1.773039215686268667e-03
1.791666666666660813e-03
1.800490196078425491e-03
1.791176470588229418e-03
1.751960784313719762e-03
1.790196078431366628e-03
1.715686274509798477e-03
1.717156862745092662e-03
1.773039215686268667e-03
1.740686274509798109e-03
1.781372549019601950e-03
1.799999999999994096e-03
1.725980392156857123e-03
1.747058823529406028e-03
1.673039215686269272e-03
1.775980392156856821e-03
1.762254901960778409e-03
1.755392156862739528e-03
1.675980392156857209e-03
1.707352941176464977e-03
1.736274509803915770e-03
1.711274509803915921e-03
1.770098039215680513e-03
1.773529411764700062e-03
1.704901960784308218e-03
1.712745098039210106e-03
1.704901960784308218e-03
1.746568627450974850e-03
1.731862745098033431e-03
1.694607843137249355e-03
1.721078431372543389e-03
1.722058823529406396e-03
1.765196078431366779e-03
1.710784313725484526e-03
1.760784313725484440e-03
1.744607843137249269e-03
1.740196078431366714e-03
1.686764705882347467e-03
1.737745098039209955e-03
1.674019607843132062e-03
1.678921568627445363e-03
1.668137254901955538e-03
1.747549019607837423e-03
1.717647058823523840e-03
1.691176470588229806e-03
1.701960784313719848e-03
1.712254901960778711e-03
1.695588235294112145e-03
1.652450980392151329e-03
1.667156862745092531e-03
1.677941176470583006e-03
1.695098039215680750e-03
1.632843137254896609e-03
1.613725490196073068e-03
1.696078431372543757e-03
1.617156862745092833e-03
1.670588235294112297e-03
1.621078431372543777e-03
1.611764705882347704e-03
1.637745098039210343e-03
1.683333333333327918e-03
1.621568627450975172e-03
1.621078431372543777e-03
1.665686274509798346e-03
1.573039215686269443e-03
1.648529411764700385e-03
1.649999999999994570e-03
1.616176470588230043e-03
1.636764705882347553e-03
1.678921568627445363e-03
1.558333333333328241e-03
1.646568627450975021e-03
1.673039215686269055e-03
1.672058823529406482e-03
1.635294117647053368e-03
1.603921568627445816e-03
1.622549019607837746e-03
1.614215686274504463e-03
1.573529411764700838e-03
1.550490196078426353e-03
1.589215686274504614e-03
1.621078431372543777e-03
1.598039215686269292e-03
1.588235294117641824e-03
1.577941176470583177e-03
1.573039215686269443e-03
1.618137254901955407e-03
1.600980392156857446e-03
1.607352941176465365e-03
1.648039215686269206e-03
1.557352941176465451e-03
1.503431372549014810e-03
1.551960784313720322e-03
1.588725490196073219e-03
1.563725490196073370e-03
1.607352941176465365e-03
1.527450980392151868e-03
1.549019607843132168e-03
1.591666666666661373e-03
1.590686274509798799e-03
1.602941176470583026e-03
1.511764705882348092e-03
1.559803921568622426e-03
1.520588235294112770e-03
1.608823529411759334e-03
1.542647058823524465e-03
1.544117647058818434e-03
1.534313725490191399e-03
1.524509803921563714e-03
1.555882352941171482e-03
1.552941176470583329e-03
1.513725490196073456e-03
1.598039215686269292e-03
1.502450980392152019e-03
1.554901960784308692e-03
1.498039215686269680e-03
1.497058823529406890e-03
1.527450980392151868e-03
1.537254901960779336e-03
1.612745098039210711e-03
1.506372549019602963e-03
1.454411764705877685e-03
1.499999999999995044e-03
1.485784313725485454e-03
1.493137254901955946e-03
1.534313725490190966e-03
1.517647058823524400e-03
1.499999999999995044e-03
1.476960784313720776e-03
1.500490196078426439e-03
1.497058823529406890e-03
1.520098039215681375e-03
1.498529411764701075e-03
1.482843137254897083e-03
1.463235294117642363e-03
1.531862745098034207e-03
1.458823529411760024e-03
1.496568627450975495e-03
1.496568627450975495e-03
1.465686274509799122e-03
1.454901960784309081e-03
1.498529411764701075e-03
1.450980392156858137e-03
1.464705882352936332e-03
1.500980392156857834e-03
1.482352941176465688e-03
1.491666666666661761e-03
1.474019607843132405e-03
1.485294117647054058e-03
1.430882352941171805e-03
1.481862745098034293e-03
1.404411764705877771e-03
1.428921568627446442e-03
1.504411764705877383e-03
1.446568627450975798e-03
1.474999999999995195e-03
1.478431372549014744e-03
1.423529411764701312e-03
1.433823529411759959e-03
1.502450980392152019e-03
1.430882352941171805e-03
1.447549019607838371e-03
1.443137254901956032e-03
1.465196078431367727e-03
1.455882352941171654e-03
1.448529411764701161e-03
1.462254901960779573e-03
1.424019607843132708e-03
1.469607843137250066e-03
1.413235294117642449e-03
1.389705882352936786e-03
1.399509803921564037e-03
1.451470588235289315e-03
1.367647058823525091e-03
1.372058823529407430e-03
1.419117647058818973e-03
1.403921568627446376e-03
1.399019607843132642e-03
1.449999999999995346e-03
1.440686274509799273e-03
1.398039215686270069e-03
1.407352941176465925e-03
1.393627450980387730e-03
1.372549019607838608e-03
1.411764705882348264e-03
1.405882352941171956e-03
1.411764705882348264e-03
1.424509803921564103e-03
1.412745098039211054e-03
1.406372549019603352e-03
1.385784313725485625e-03
1.375490196078426978e-03
1.376960784313720947e-03
1.440686274509799273e-03
1.441176470588230668e-03
1.362745098039211357e-03
1.337254901960780113e-03
1.392156862745093544e-03
1.386274509803917020e-03
1.353921568627446679e-03
1.369607843137250454e-03
1.331862745098034984e-03
1.345588235294113396e-03
1.367156862745093696e-03
1.364705882352936720e-03
1.374999999999995583e-03
1.370098039215681849e-03
1.365686274509799510e-03
1.342156862745093630e-03
1.396568627450975883e-03
1.391666666666662149e-03
1.392647058823524939e-03
1.348529411764701549e-03
1.369607843137250454e-03
1.368627450980387664e-03
1.309313725490191893e-03
1.374999999999995583e-03
1.328431372549015435e-03
1.345588235294113396e-03
1.333823529411760347e-03
1.344117647058819210e-03
1.350490196078426913e-03
1.382352941176466076e-03
1.337254901960780113e-03
1.302450980392152579e-03
1.359803921568622986e-03
1.344607843137250605e-03
1.360784313725485776e-03
1.319117647058819362e-03
1.378921568627446527e-03
1.317156862745093781e-03
1.334803921568623137e-03
1.379411764705877922e-03
1.339705882352936871e-03
1.319607843137250757e-03
1.322058823529407515e-03
1.331372549019603588e-03
1.328431372549015435e-03
1.318137254901956571e-03
1.329901960784309403e-03
1.300980392156858611e-03
1.327450980392152645e-03
1.278921568627446916e-03
1.278921568627446916e-03
1.315196078431368418e-03
1.303431372549015369e-03
1.321078431372544725e-03
1.375490196078426978e-03
1.302941176470583974e-03
1.261764705882348955e-03
1.306862745098034918e-03
1.333333333333328952e-03
1.304901960784309554e-03
1.289215686274505562e-03
1.279411764705878311e-03
1.293627450980387901e-03
1.321078431372544725e-03
1.304411764705878159e-03
1.266666666666662689e-03
1.277450980392152730e-03
1.262745098039211745e-03
1.274999999999995972e-03
1.240686274509800050e-03
1.291176470588231142e-03
1.262254901960780350e-03
1.287254901960780198e-03
1.261764705882348955e-03
1.256372549019603825e-03
1.257843137254898011e-03
1.278921568627446916e-03
1.263235294117642923e-03
1.250490196078427301e-03
1.244607843137250994e-03
1.279901960784309706e-03
1.239215686274505865e-03
1.284313725490192045e-03
1.237745098039211679e-03
1.246568627450976357e-03
1.276470588235289940e-03
1.329901960784309403e-03
1.247549019607839147e-03
1.235784313725486316e-03
1.268627450980388052e-03
1.256862745098035221e-03
1.250490196078427301e-03
1.250490196078427301e-03
1.236274509803917711e-03
1.206862745098035306e-03
1.228921568627447001e-03
1.252450980392152882e-03
1.258333333333329406e-03
1.280392156862741101e-03
1.214705882352937411e-03
1.291176470588231142e-03
1.249999999999995906e-03
1.250490196078427301e-03
1.238235294117643074e-03
1.247549019607839147e-03
1.226960784313721638e-03
1.246078431372544962e-03
1.252450980392152882e-03
1.225980392156858848e-03
1.230882352941172582e-03
1.233823529411760735e-03
1.232352941176466550e-03
1.215196078431368589e-03
1.183333333333329643e-03
1.228921568627447001e-03
1.209313725490192282e-03
1.254901960784309640e-03
1.241666666666662623e-03
1.201960784313721572e-03
1.224509803921564662e-03
1.240686274509800050e-03
1.207843137254898096e-03
1.211764705882349040e-03
1.188725490196074555e-03
1.219607843137250928e-03
1.246568627450976357e-03
1.213725490196074621e-03
1.231372549019603977e-03
1.220588235294113718e-03
1.230392156862741187e-03
1.185294117647055006e-03
1.211274509803917645e-03
1.194607843137251079e-03
1.181862745098035457e-03
1.250490196078427301e-03
1.218137254901956960e-03
1.199999999999996209e-03
1.182352941176466853e-03
1.184803921568623611e-03
1.199509803921564813e-03
1.154411764705878633e-03
1.211764705882349040e-03
1.209313725490192282e-03
1.210784313725486250e-03
1.221568627450976509e-03
1.191666666666662926e-03
1.163725490196074706e-03
1.183823529411761038e-03
1.173039215686270779e-03
1.249509803921564728e-03
1.183333333333329643e-03
1.230882352941172582e-03
1.142647058823525802e-03
1.184803921568623611e-03
1.192647058823525716e-03
1.170098039215682626e-03
1.174999999999996360e-03
1.218627450980388355e-03
1.152450980392153270e-03
1.215196078431368589e-03
1.195588235294113870e-03
1.155882352941172819e-03
1.180392156862741272e-03
1.168137254901957045e-03
1.199509803921564813e-03
1.189705882352937345e-03
1.174999999999996360e-03
1.130882352941172970e-03
1.190196078431368740e-03
1.146568627450976745e-03
1.210784313725486250e-03
1.176960784313721723e-03
1.162254901960780521e-03
1.204901960784309943e-03
1.164215686274506101e-03
1.174019607843133570e-03
1.162254901960780521e-03
1.144607843137251382e-03
1.174019607843133570e-03
1.195588235294113870e-03
1.116176470588231768e-03
1.161764705882349126e-03
1.176470588235290328e-03
1.181862745098035457e-03
1.141666666666663011e-03
1.172058823529407989e-03
1.162254901960780521e-03
1.176470588235290328e-03
1.138725490196074858e-03
1.136764705882349277e-03
1.162745098039211916e-03
1.159803921568623762e-03
1.137254901960780672e-03
1.115686274509800372e-03
1.149999999999996294e-03
1.124509803921565050e-03
1.193627450980388289e-03
1.158333333333329577e-03
1.147549019607839536e-03
1.153921568627447238e-03
1.170098039215682626e-03
1.126470588235290631e-03
1.124999999999996446e-03
1.148039215686270931e-03
1.100980392156859170e-03
1.154901960784310028e-03
1.074999999999996531e-03
1.138235294117643463e-03
1.115196078431368977e-03
1.137254901960780672e-03
1.144607843137251382e-03
1.133823529411761124e-03
1.132352941176466938e-03
1.113235294117643614e-03
1.149019607843133721e-03
1.118137254901957348e-03
1.136764705882349277e-03
1.133333333333329728e-03
1.120098039215682711e-03
1.185294117647055006e-03
1.118137254901957348e-03
1.115196078431368977e-03
1.142647058823525802e-03
1.121568627450976897e-03
1.110784313725486638e-03
1.092156862745094709e-03
1.173529411764702175e-03
