5.395833333333323453e-04
6.354166666666652072e-04
6.458333333333318108e-04
6.562499999999984145e-04
6.791666666666650509e-04
6.812499999999983716e-04
7.895833333333312663e-04
8.312499999999977893e-04
8.229166666666645064e-04
7.749999999999980212e-04
7.437499999999982103e-04
7.708333333333313797e-04
8.645833333333311378e-04
8.770833333333310621e-04
8.979166666666643778e-04
8.416666666666646097e-04
8.520833333333312134e-04
8.416666666666647182e-04
8.416666666666646097e-04
8.520833333333312134e-04
8.374999999999977515e-04
8.895833333333310949e-04
8.749999999999977414e-04
8.145833333333313319e-04
9.437499999999975422e-04
9.208333333333309058e-04
9.479166666666641837e-04
8.999999999999976985e-04
9.208333333333309058e-04
9.249999999999976557e-04
9.416666666666643299e-04
8.645833333333310293e-04
8.916666666666644156e-04
7.791666666666648795e-04
9.083333333333309815e-04
1.029166666666664776e-03
8.354166666666644307e-04
9.124999999999976229e-04
9.166666666666642644e-04
1.008333333333330918e-03
1.010416666666664239e-03
9.187499999999975851e-04
8.937499999999976279e-04
8.791666666666643828e-04
1.012499999999997777e-03
8.874999999999978826e-04
9.104166666666644106e-04
8.562499999999978548e-04
9.249999999999974389e-04
8.687499999999976708e-04
8.249999999999978271e-04
8.937499999999977364e-04
9.604166666666639996e-04
8.833333333333311327e-04
9.124999999999977313e-04
9.124999999999977313e-04
9.729166666666641409e-04
9.124999999999975145e-04
9.354166666666642593e-04
8.937499999999977364e-04
8.854166666666643450e-04
9.145833333333308352e-04
9.333333333333310470e-04
8.499999999999978927e-04
9.270833333333309764e-04
9.333333333333308302e-04
9.458333333333308630e-04
9.854166666666641736e-04
9.479166666666642921e-04
9.562499999999974666e-04
8.854166666666643450e-04
9.583333333333307873e-04
9.062499999999977691e-04
8.895833333333309865e-04
9.166666666666643728e-04
1.020833333333331493e-03
9.291666666666642972e-04
9.249999999999974389e-04
9.604166666666638912e-04
9.312499999999975095e-04
9.374999999999975801e-04
8.562499999999978548e-04
8.874999999999978826e-04
8.729166666666644207e-04
9.416666666666643299e-04
9.395833333333307924e-04
9.937499999999974565e-04
9.354166666666643678e-04
9.083333333333308730e-04
8.708333333333310999e-04
8.937499999999977364e-04
9.041666666666642316e-04
9.624999999999974288e-04
8.729166666666643122e-04
9.291666666666641887e-04
9.749999999999975700e-04
8.604166666666644963e-04
9.166666666666642644e-04
9.562499999999973582e-04
9.604166666666641081e-04
8.395833333333313974e-04
9.229166666666642265e-04
9.041666666666641232e-04
9.208333333333310142e-04
9.062499999999976607e-04
9.499999999999975044e-04
8.812499999999977036e-04
8.979166666666643778e-04
8.874999999999977742e-04
9.333333333333309386e-04
8.458333333333312512e-04
9.666666666666640702e-04
8.687499999999976708e-04
9.374999999999975801e-04
8.187499999999978649e-04
9.145833333333308352e-04
9.083333333333309815e-04
8.687499999999977792e-04
9.833333333333306361e-04
9.895833333333305983e-04
9.270833333333308680e-04
9.666666666666643955e-04
8.729166666666645291e-04
9.354166666666643678e-04
8.833333333333311327e-04
8.583333333333310671e-04
9.562499999999974666e-04
9.104166666666643022e-04
8.937499999999977364e-04
8.416666666666645013e-04
9.479166666666641837e-04
8.895833333333312033e-04
8.708333333333309915e-04
9.479166666666642921e-04
9.854166666666639568e-04
9.583333333333307873e-04
9.416666666666643299e-04
8.312499999999978977e-04
9.583333333333307873e-04
9.166666666666642644e-04
9.062499999999977691e-04
9.229166666666641181e-04
8.583333333333310671e-04
9.479166666666642921e-04
9.437499999999975422e-04
9.312499999999975095e-04
1.018749999999997739e-03
9.187499999999976935e-04
9.208333333333307974e-04
9.062499999999976607e-04
9.541666666666640375e-04
8.416666666666646097e-04
9.687499999999974994e-04
9.395833333333310092e-04
8.895833333333310949e-04
9.187499999999975851e-04
9.583333333333307873e-04
9.166666666666641559e-04
9.604166666666639996e-04
9.083333333333308730e-04
9.187499999999976935e-04
8.937499999999978448e-04
9.291666666666642972e-04
9.604166666666641081e-04
9.687499999999974994e-04
9.020833333333310193e-04
8.958333333333309487e-04
9.083333333333309815e-04
9.208333333333307974e-04
8.583333333333310671e-04
8.937499999999978448e-04
8.770833333333311705e-04
9.145833333333309436e-04
9.291666666666642972e-04
9.499999999999976128e-04
9.229166666666642265e-04
8.812499999999977036e-04
9.520833333333307167e-04
1.018749999999997956e-03
9.020833333333309108e-04
9.749999999999975700e-04
9.562499999999974666e-04
8.458333333333312512e-04
8.895833333333309865e-04
9.166666666666642644e-04
9.624999999999974288e-04
9.645833333333307495e-04
9.187499999999973683e-04
8.916666666666645241e-04
8.999999999999976985e-04
9.124999999999977313e-04
1.027083333333331672e-03
8.979166666666643778e-04
8.604166666666644963e-04
9.937499999999972397e-04
9.166666666666642644e-04
9.562499999999975750e-04
8.479166666666646804e-04
9.354166666666643678e-04
9.145833333333310521e-04
9.062499999999976607e-04
9.770833333333306739e-04
9.020833333333310193e-04
9.208333333333309058e-04
9.395833333333309008e-04
9.604166666666639996e-04
9.541666666666640375e-04
8.874999999999977742e-04
9.333333333333309386e-04
9.083333333333309815e-04
8.749999999999977414e-04
8.812499999999975952e-04
9.874999999999972775e-04
9.541666666666641459e-04
8.687499999999978876e-04
9.729166666666640324e-04
8.458333333333312512e-04
9.645833333333307495e-04
8.958333333333310571e-04
9.624999999999973204e-04
9.854166666666641736e-04
9.604166666666641081e-04
8.958333333333308402e-04
8.874999999999977742e-04
9.166666666666642644e-04
9.083333333333308730e-04
9.770833333333306739e-04
9.791666666666639946e-04
9.208333333333309058e-04
9.624999999999974288e-04
9.999999999999974187e-04
9.187499999999976935e-04
8.416666666666645013e-04
8.437499999999979305e-04
9.208333333333310142e-04
8.749999999999975245e-04
9.874999999999972775e-04
8.833333333333311327e-04
9.520833333333307167e-04
9.874999999999972775e-04
9.479166666666641837e-04
8.895833333333310949e-04
9.854166666666639568e-04
9.062499999999977691e-04
9.520833333333308252e-04
9.729166666666641409e-04
9.437499999999975422e-04
9.749999999999973532e-04
9.416666666666641131e-04
8.791666666666643828e-04
9.437499999999974338e-04
8.562499999999977464e-04
9.020833333333309108e-04
8.895833333333312033e-04
9.333333333333309386e-04
8.687499999999977792e-04
9.249999999999974389e-04
9.624999999999974288e-04
9.687499999999976078e-04
8.979166666666642694e-04
9.541666666666641459e-04
9.229166666666642265e-04
9.124999999999976229e-04
9.354166666666642593e-04
8.916666666666644156e-04
8.958333333333310571e-04
8.812499999999977036e-04
9.520833333333308252e-04
1.002083333333330739e-03
9.541666666666640375e-04
8.729166666666644207e-04
8.499999999999977842e-04
8.770833333333310621e-04
9.666666666666641787e-04
9.437499999999976507e-04
8.770833333333309537e-04
9.541666666666642543e-04
9.374999999999975801e-04
9.083333333333308730e-04
9.333333333333309386e-04
8.854166666666644534e-04
9.812499999999975322e-04
9.104166666666644106e-04
9.270833333333310848e-04
8.749999999999977414e-04
9.291666666666642972e-04
8.749999999999977414e-04
8.770833333333310621e-04
9.291666666666642972e-04
9.249999999999976557e-04
8.958333333333310571e-04
9.437499999999974338e-04
1.008333333333330918e-03
9.416666666666641131e-04
9.145833333333308352e-04
9.395833333333309008e-04
9.437499999999976507e-04
8.374999999999978599e-04
9.104166666666643022e-04
1.041666666666665351e-03
9.333333333333307218e-04
8.958333333333309487e-04
1.006249999999997598e-03
9.624999999999974288e-04
9.104166666666643022e-04
8.833333333333311327e-04
9.562499999999975750e-04
8.916666666666643072e-04
8.895833333333310949e-04
9.333333333333310470e-04
9.249999999999976557e-04
9.854166666666639568e-04
9.770833333333308907e-04
9.624999999999973204e-04
9.770833333333308907e-04
9.458333333333308630e-04
1.016666666666664418e-03
9.354166666666643678e-04
9.916666666666639190e-04
9.395833333333307924e-04
9.229166666666641181e-04
9.104166666666643022e-04
9.624999999999975372e-04
9.020833333333310193e-04
9.854166666666639568e-04
8.374999999999978599e-04
9.416666666666642215e-04
8.979166666666643778e-04
8.666666666666644585e-04
8.395833333333312890e-04
9.229166666666642265e-04
9.270833333333308680e-04
8.937499999999977364e-04
8.791666666666643828e-04
9.166666666666642644e-04
9.416666666666642215e-04
8.979166666666643778e-04
9.020833333333310193e-04
9.604166666666641081e-04
8.854166666666644534e-04
9.479166666666641837e-04
9.333333333333309386e-04
9.374999999999975801e-04
8.979166666666643778e-04
9.437499999999976507e-04
9.270833333333309764e-04
9.229166666666645518e-04
8.937499999999976279e-04
9.645833333333307495e-04
9.645833333333307495e-04
9.291666666666641887e-04
8.520833333333312134e-04
8.708333333333309915e-04
9.104166666666643022e-04
9.458333333333309714e-04
9.333333333333309386e-04
8.312499999999978977e-04
9.645833333333307495e-04
8.958333333333309487e-04
9.020833333333309108e-04
9.374999999999975801e-04
9.229166666666642265e-04
8.937499999999977364e-04
9.604166666666641081e-04
9.020833333333310193e-04
9.416666666666642215e-04
8.812499999999975952e-04
9.312499999999976179e-04
9.687499999999976078e-04
9.687499999999974994e-04
9.499999999999975044e-04
8.999999999999976985e-04
9.374999999999974716e-04
8.854166666666645619e-04
9.416666666666642215e-04
1.004166666666664277e-03
9.749999999999974616e-04
9.604166666666641081e-04
9.499999999999975044e-04
9.229166666666643350e-04
9.770833333333306739e-04
9.187499999999975851e-04
8.791666666666643828e-04
9.291666666666641887e-04
9.583333333333307873e-04
8.791666666666643828e-04
9.583333333333307873e-04
8.708333333333309915e-04
9.770833333333306739e-04
9.437499999999975422e-04
8.395833333333311806e-04
9.499999999999975044e-04
9.083333333333308730e-04
9.062499999999976607e-04
1.012499999999997777e-03
9.437499999999975422e-04
9.458333333333307546e-04
9.083333333333309815e-04
8.979166666666643778e-04
8.770833333333310621e-04
8.895833333333310949e-04
9.208333333333309058e-04
9.499999999999975044e-04
8.458333333333312512e-04
9.104166666666641938e-04
1.012499999999997994e-03
9.708333333333307117e-04
1.022916666666665248e-03
8.208333333333312941e-04
8.895833333333310949e-04
9.291666666666642972e-04
8.666666666666643501e-04
9.249999999999977641e-04
9.229166666666641181e-04
9.708333333333308201e-04
8.729166666666644207e-04
8.958333333333309487e-04
8.937499999999977364e-04
9.333333333333309386e-04
9.291666666666641887e-04
9.562499999999973582e-04
9.083333333333309815e-04
1.002083333333330739e-03
9.374999999999976885e-04
8.979166666666643778e-04
9.687499999999974994e-04
9.520833333333308252e-04
8.749999999999978498e-04
9.270833333333309764e-04
9.020833333333311277e-04
9.979166666666640980e-04
8.729166666666644207e-04
9.145833333333309436e-04
8.958333333333309487e-04
9.687499999999974994e-04
8.583333333333311756e-04
9.354166666666643678e-04
9.187499999999975851e-04
9.124999999999975145e-04
8.916666666666645241e-04
8.666666666666644585e-04
9.979166666666640980e-04
9.562499999999974666e-04
9.208333333333309058e-04
9.541666666666640375e-04
8.749999999999977414e-04
9.437499999999975422e-04
8.999999999999975901e-04
9.312499999999976179e-04
8.770833333333309537e-04
9.020833333333310193e-04
9.458333333333308630e-04
9.687499999999976078e-04
9.083333333333310899e-04
9.395833333333310092e-04
8.999999999999978070e-04
9.833333333333306361e-04
8.666666666666644585e-04
1.039583333333331597e-03
9.729166666666640324e-04
9.395833333333310092e-04
8.979166666666643778e-04
9.770833333333306739e-04
9.124999999999976229e-04
8.895833333333310949e-04
9.458333333333308630e-04
9.145833333333308352e-04
9.229166666666643350e-04
8.833333333333311327e-04
9.437499999999976507e-04
8.604166666666644963e-04
9.499999999999976128e-04
8.604166666666647131e-04
9.020833333333310193e-04
9.479166666666641837e-04
9.145833333333309436e-04
8.916666666666645241e-04
9.208333333333309058e-04
8.479166666666645719e-04
9.729166666666641409e-04
1.016666666666664418e-03
8.729166666666643122e-04
9.124999999999976229e-04
8.812499999999977036e-04
9.520833333333309336e-04
9.499999999999975044e-04
8.958333333333310571e-04
9.166666666666642644e-04
8.833333333333311327e-04
8.958333333333310571e-04
9.020833333333310193e-04
9.395833333333309008e-04
9.562499999999974666e-04
9.020833333333309108e-04
9.499999999999976128e-04
8.541666666666646425e-04
9.124999999999976229e-04
8.812499999999977036e-04
9.708333333333309285e-04
9.479166666666641837e-04
9.291666666666641887e-04
9.708333333333308201e-04
8.874999999999978826e-04
9.166666666666643728e-04
9.062499999999976607e-04
1.010416666666664239e-03
9.208333333333309058e-04
8.937499999999976279e-04
9.229166666666642265e-04
8.958333333333310571e-04
9.229166666666641181e-04
9.687499999999972826e-04
9.687499999999974994e-04
9.374999999999975801e-04
9.499999999999976128e-04
9.229166666666642265e-04
9.749999999999975700e-04
9.833333333333306361e-04
9.270833333333308680e-04
8.687499999999978876e-04
9.687499999999974994e-04
8.187499999999979733e-04
8.458333333333313596e-04
8.812499999999977036e-04
9.354166666666641509e-04
9.583333333333307873e-04
9.583333333333308958e-04
9.104166666666643022e-04
9.458333333333309714e-04
9.645833333333308579e-04
8.937499999999976279e-04
9.249999999999976557e-04
9.291666666666641887e-04
9.208333333333307974e-04
9.229166666666643350e-04
9.687499999999972826e-04
9.749999999999975700e-04
9.187499999999975851e-04
9.458333333333308630e-04
9.249999999999976557e-04
9.833333333333306361e-04
9.187499999999975851e-04
9.291666666666642972e-04
9.020833333333309108e-04
9.270833333333309764e-04
9.187499999999975851e-04
9.062499999999976607e-04
9.312499999999977263e-04
9.354166666666642593e-04
9.041666666666643400e-04
9.395833333333309008e-04
9.479166666666641837e-04
8.958333333333310571e-04
8.854166666666643450e-04
9.708333333333307117e-04
8.645833333333312462e-04
9.166666666666642644e-04
9.729166666666643577e-04
9.541666666666642543e-04
9.124999999999975145e-04
9.145833333333309436e-04
9.624999999999974288e-04
9.291666666666642972e-04
8.854166666666645619e-04
8.937499999999978448e-04
9.499999999999975044e-04
9.770833333333306739e-04
8.874999999999977742e-04
9.270833333333309764e-04
9.562499999999974666e-04
8.479166666666644635e-04
8.770833333333310621e-04
8.791666666666643828e-04
9.645833333333308579e-04
8.999999999999976985e-04
8.479166666666645719e-04
9.291666666666642972e-04
9.624999999999975372e-04
9.124999999999976229e-04
8.124999999999979027e-04
9.604166666666641081e-04
8.937499999999977364e-04
9.208333333333309058e-04
9.479166666666641837e-04
9.645833333333306411e-04
9.333333333333309386e-04
9.291666666666642972e-04
9.708333333333309285e-04
9.437499999999975422e-04
8.937499999999976279e-04
8.729166666666644207e-04
9.104166666666641938e-04
9.666666666666641787e-04
1.006249999999997598e-03
9.666666666666641787e-04
9.395833333333309008e-04
9.437499999999975422e-04
8.833333333333312411e-04
9.208333333333307974e-04
8.479166666666643551e-04
8.770833333333309537e-04
9.083333333333308730e-04
9.333333333333309386e-04
9.770833333333306739e-04
9.020833333333309108e-04
9.374999999999975801e-04
9.812499999999973153e-04
9.604166666666642165e-04
8.645833333333313546e-04
9.687499999999974994e-04
8.854166666666644534e-04
9.770833333333306739e-04
9.333333333333308302e-04
8.666666666666644585e-04
9.374999999999974716e-04
9.479166666666640753e-04
8.541666666666645341e-04
8.499999999999977842e-04
9.458333333333308630e-04
8.749999999999977414e-04
9.708333333333308201e-04
8.604166666666644963e-04
8.312499999999977893e-04
9.624999999999975372e-04
8.937499999999977364e-04
8.666666666666645669e-04
9.166666666666642644e-04
8.312499999999977893e-04
8.666666666666643501e-04
9.249999999999977641e-04
9.083333333333309815e-04
8.624999999999978170e-04
8.979166666666643778e-04
8.749999999999977414e-04
9.291666666666641887e-04
9.916666666666639190e-04
9.479166666666642921e-04
9.624999999999975372e-04
8.916666666666643072e-04
1.024999999999998135e-03
9.166666666666643728e-04
9.791666666666642115e-04
8.562499999999978548e-04
8.395833333333312890e-04
9.687499999999972826e-04
9.270833333333309764e-04
9.062499999999975523e-04
9.041666666666644484e-04
8.729166666666644207e-04
9.479166666666640753e-04
9.416666666666642215e-04
1.006249999999997598e-03
9.624999999999974288e-04
8.729166666666644207e-04
9.749999999999975700e-04
9.541666666666640375e-04
8.770833333333309537e-04
9.562499999999974666e-04
8.916666666666644156e-04
9.166666666666642644e-04
9.541666666666641459e-04
9.166666666666641559e-04
8.583333333333311756e-04
9.374999999999974716e-04
8.749999999999976330e-04
8.708333333333309915e-04
8.999999999999976985e-04
9.874999999999972775e-04
9.520833333333308252e-04
9.208333333333309058e-04
9.874999999999972775e-04
9.354166666666642593e-04
8.687499999999978876e-04
8.958333333333310571e-04
1.024999999999998135e-03
1.002083333333330739e-03
1.004166666666664277e-03
9.041666666666642316e-04
9.395833333333307924e-04
9.229166666666642265e-04
8.770833333333310621e-04
9.333333333333308302e-04
8.812499999999977036e-04
9.520833333333308252e-04
9.354166666666643678e-04
9.374999999999976885e-04
9.124999999999977313e-04
8.624999999999977086e-04
9.645833333333306411e-04
8.874999999999977742e-04
8.895833333333310949e-04
9.458333333333309714e-04
8.749999999999977414e-04
9.270833333333309764e-04
9.583333333333307873e-04
9.854166666666639568e-04
8.729166666666643122e-04
8.937499999999978448e-04
8.833333333333311327e-04
8.979166666666643778e-04
9.062499999999977691e-04
9.479166666666640753e-04
9.416666666666642215e-04
9.770833333333306739e-04
9.666666666666639618e-04
8.791666666666643828e-04
9.458333333333308630e-04
9.166666666666641559e-04
9.416666666666642215e-04
8.437499999999979305e-04
8.770833333333310621e-04
9.499999999999975044e-04
9.229166666666643350e-04
9.604166666666639996e-04
9.208333333333309058e-04
9.124999999999976229e-04
8.666666666666645669e-04
9.041666666666645568e-04
1.004166666666664277e-03
9.270833333333308680e-04
9.479166666666640753e-04
9.645833333333307495e-04
9.374999999999974716e-04
9.312499999999977263e-04
9.041666666666644484e-04
9.374999999999976885e-04
1.004166666666664277e-03
8.791666666666643828e-04
8.458333333333312512e-04
9.270833333333309764e-04
8.624999999999977086e-04
8.208333333333311856e-04
8.999999999999976985e-04
9.124999999999976229e-04
9.229166666666642265e-04
8.687499999999977792e-04
8.729166666666643122e-04
8.999999999999978070e-04
9.062499999999977691e-04
1.018749999999997956e-03
9.562499999999974666e-04
9.270833333333309764e-04
9.104166666666643022e-04
9.104166666666643022e-04
9.270833333333309764e-04
8.874999999999977742e-04
9.854166666666639568e-04
9.020833333333309108e-04
9.854166666666639568e-04
9.249999999999974389e-04
8.958333333333309487e-04
9.624999999999975372e-04
8.687499999999976708e-04
9.229166666666641181e-04
9.333333333333310470e-04
9.124999999999976229e-04
8.833333333333311327e-04
9.520833333333309336e-04
9.416666666666642215e-04
8.187499999999979733e-04
9.749999999999973532e-04
9.624999999999974288e-04
9.062499999999976607e-04
9.437499999999975422e-04
9.312499999999975095e-04
9.499999999999975044e-04
8.833333333333311327e-04
8.729166666666643122e-04
9.437499999999976507e-04
8.770833333333309537e-04
9.541666666666641459e-04
8.895833333333312033e-04
9.312499999999977263e-04
9.124999999999976229e-04
9.583333333333307873e-04
9.958333333333307773e-04
9.354166666666643678e-04
1.008333333333331135e-03
8.979166666666643778e-04
8.833333333333310243e-04
9.520833333333307167e-04
9.333333333333309386e-04
9.145833333333309436e-04
9.812499999999973153e-04
9.208333333333310142e-04
8.874999999999976658e-04
9.958333333333307773e-04
9.479166666666641837e-04
9.458333333333309714e-04
9.416666666666642215e-04
9.416666666666643299e-04
9.666666666666640702e-04
8.708333333333310999e-04
1.022916666666665248e-03
8.541666666666644257e-04
8.499999999999977842e-04
8.687499999999977792e-04
8.979166666666644862e-04
9.833333333333308529e-04
9.812499999999973153e-04
9.791666666666642115e-04
9.791666666666639946e-04
9.249999999999974389e-04
9.249999999999976557e-04
9.729166666666642493e-04
9.229166666666642265e-04
8.833333333333311327e-04
8.729166666666645291e-04
9.562499999999973582e-04
9.729166666666640324e-04
9.437499999999975422e-04
8.291666666666645770e-04
8.979166666666643778e-04
8.999999999999978070e-04
9.416666666666641131e-04
9.645833333333306411e-04
9.791666666666639946e-04
9.229166666666643350e-04
9.708333333333308201e-04
9.666666666666640702e-04
8.770833333333310621e-04
9.083333333333310899e-04
9.520833333333307167e-04
8.958333333333310571e-04
9.187499999999975851e-04
8.874999999999977742e-04
9.062499999999975523e-04
8.958333333333310571e-04
9.416666666666642215e-04
8.958333333333310571e-04
9.083333333333310899e-04
9.770833333333306739e-04
9.062499999999976607e-04
9.249999999999976557e-04
9.895833333333305983e-04
9.416666666666642215e-04
9.395833333333309008e-04
9.354166666666643678e-04
9.395833333333309008e-04
8.333333333333311100e-04
8.770833333333309537e-04
9.708333333333308201e-04
9.208333333333310142e-04
8.854166666666644534e-04
9.520833333333308252e-04
9.437499999999974338e-04
9.270833333333309764e-04
9.312499999999976179e-04
1.047916666666665530e-03
9.624999999999974288e-04
9.062499999999976607e-04
8.729166666666644207e-04
1.012499999999997560e-03
9.833333333333306361e-04
9.437499999999975422e-04
8.437499999999978221e-04
9.812499999999975322e-04
8.895833333333310949e-04
9.270833333333309764e-04
8.895833333333309865e-04
8.916666666666643072e-04
9.291666666666644056e-04
9.041666666666642316e-04
9.020833333333310193e-04
9.916666666666641358e-04
9.395833333333307924e-04
9.958333333333307773e-04
9.624999999999974288e-04
8.416666666666646097e-04
9.041666666666642316e-04
9.874999999999974944e-04
8.624999999999977086e-04
9.687499999999972826e-04
9.395833333333309008e-04
8.291666666666645770e-04
9.270833333333310848e-04
9.395833333333307924e-04
8.937499999999978448e-04
8.624999999999978170e-04
8.937499999999976279e-04
8.708333333333309915e-04
9.770833333333308907e-04
8.916666666666643072e-04
9.520833333333307167e-04
8.770833333333310621e-04
9.458333333333308630e-04
9.229166666666643350e-04
9.041666666666643400e-04
8.520833333333312134e-04
8.499999999999976758e-04
9.145833333333309436e-04
9.208333333333307974e-04
9.104166666666643022e-04
9.333333333333308302e-04
9.249999999999976557e-04
9.124999999999975145e-04
8.791666666666642744e-04
9.312499999999976179e-04
8.999999999999976985e-04
8.666666666666642416e-04
9.437499999999975422e-04
1.002083333333330956e-03
9.708333333333308201e-04
9.208333333333310142e-04
9.229166666666642265e-04
9.458333333333308630e-04
9.958333333333309941e-04
9.666666666666639618e-04
8.874999999999977742e-04
9.333333333333308302e-04
9.666666666666641787e-04
9.479166666666641837e-04
9.520833333333308252e-04
9.812499999999973153e-04
9.541666666666640375e-04
8.854166666666644534e-04
8.812499999999977036e-04
9.833333333333306361e-04
8.999999999999976985e-04
9.062499999999977691e-04
9.874999999999972775e-04
9.104166666666641938e-04
8.374999999999977515e-04
8.895833333333310949e-04
9.624999999999974288e-04
9.104166666666643022e-04
9.624999999999975372e-04
9.041666666666643400e-04
8.937499999999977364e-04
9.333333333333309386e-04
9.270833333333309764e-04
9.249999999999977641e-04
8.854166666666643450e-04
8.833333333333310243e-04
9.520833333333310420e-04
9.624999999999975372e-04
9.562499999999974666e-04
9.791666666666642115e-04
9.229166666666641181e-04
9.562499999999974666e-04
9.187499999999975851e-04
8.791666666666643828e-04
9.458333333333307546e-04
9.041666666666644484e-04
7.729166666666648089e-04
9.541666666666642543e-04
8.895833333333310949e-04
9.416666666666643299e-04
9.458333333333308630e-04
9.249999999999976557e-04
9.020833333333310193e-04
1.004166666666664060e-03
9.395833333333307924e-04
9.833333333333308529e-04
8.208333333333314025e-04
9.395833333333309008e-04
9.270833333333309764e-04
8.874999999999977742e-04
9.062499999999975523e-04
8.687499999999977792e-04
9.208333333333309058e-04
9.104166666666641938e-04
9.395833333333309008e-04
9.333333333333309386e-04
8.791666666666643828e-04
8.729166666666644207e-04
8.687499999999977792e-04
9.499999999999975044e-04
9.020833333333309108e-04
9.916666666666641358e-04
1.004166666666664277e-03
9.354166666666642593e-04
9.249999999999977641e-04
8.812499999999975952e-04
9.437499999999976507e-04
9.583333333333307873e-04
9.812499999999975322e-04
9.416666666666642215e-04
8.833333333333311327e-04
9.770833333333308907e-04
8.916666666666645241e-04
9.354166666666641509e-04
9.770833333333306739e-04
9.374999999999975801e-04
9.479166666666642921e-04
9.520833333333307167e-04
8.979166666666643778e-04
9.166666666666643728e-04
8.937499999999976279e-04
8.749999999999976330e-04
8.437499999999979305e-04
9.895833333333305983e-04
9.666666666666640702e-04
9.520833333333307167e-04
8.999999999999976985e-04
8.395833333333313974e-04
9.437499999999974338e-04
8.770833333333309537e-04
9.833333333333308529e-04
9.083333333333309815e-04
9.749999999999973532e-04
9.312499999999976179e-04
9.666666666666640702e-04
9.333333333333309386e-04
9.041666666666643400e-04
8.937499999999977364e-04
9.229166666666642265e-04
8.687499999999976708e-04
8.687499999999977792e-04
8.354166666666645391e-04
9.229166666666641181e-04
8.374999999999978599e-04
8.479166666666645719e-04
8.312499999999978977e-04
8.249999999999979355e-04
8.249999999999979355e-04
7.645833333333315260e-04
7.083333333333318663e-04
7.541666666666648139e-04
7.229166666666651114e-04
7.270833333333316445e-04
7.479166666666648517e-04
7.041666666666648996e-04
7.020833333333316873e-04
7.520833333333313848e-04
7.624999999999980968e-04
7.666666666666649551e-04
7.020833333333316873e-04
6.645833333333315890e-04
7.687499999999981674e-04
7.604166666666646677e-04
7.166666666666649324e-04
7.708333333333314882e-04
7.604166666666647761e-04
6.833333333333318008e-04
7.666666666666647383e-04
7.145833333333317201e-04
7.541666666666649223e-04
7.312499999999982859e-04
7.687499999999981674e-04
7.187499999999983616e-04
7.604166666666648845e-04
6.937499999999984044e-04
7.374999999999981397e-04
7.979166666666646576e-04
7.770833333333314503e-04
7.145833333333316117e-04
6.791666666666651593e-04
7.520833333333316016e-04
7.208333333333315739e-04
6.958333333333317251e-04
7.187499999999982531e-04
7.104166666666650786e-04
7.666666666666648467e-04
7.291666666666649652e-04
7.145833333333316117e-04
7.312499999999981775e-04
6.999999999999983666e-04
7.854166666666646248e-04
7.395833333333315688e-04
7.937499999999979078e-04
7.166666666666649324e-04
7.749999999999981296e-04
7.645833333333315260e-04
7.291666666666648568e-04
6.916666666666650837e-04
8.020833333333312991e-04
7.541666666666648139e-04
8.208333333333311856e-04
7.833333333333314125e-04
7.791666666666647711e-04
7.270833333333316445e-04
7.104166666666650786e-04
7.604166666666648845e-04
6.791666666666651593e-04
7.958333333333314453e-04
7.541666666666650308e-04
7.229166666666650030e-04
8.166666666666645442e-04
7.687499999999980590e-04
7.124999999999982910e-04
6.937499999999984044e-04
7.583333333333315638e-04
7.916666666666645870e-04
7.520833333333313848e-04
7.416666666666647811e-04
7.874999999999980540e-04
7.020833333333315789e-04
7.791666666666646627e-04
8.291666666666646854e-04
7.374999999999982481e-04
7.958333333333314453e-04
7.249999999999983237e-04
7.666666666666647383e-04
7.520833333333317100e-04
7.854166666666647333e-04
7.333333333333316066e-04
7.791666666666646627e-04
8.458333333333312512e-04
7.166666666666649324e-04
7.604166666666648845e-04
8.104166666666646904e-04
7.812499999999979834e-04
7.145833333333317201e-04
7.249999999999983237e-04
7.187499999999983616e-04
7.916666666666646954e-04
7.562499999999982431e-04
7.729166666666647005e-04
7.458333333333314226e-04
7.499999999999981725e-04
8.374999999999977515e-04
7.645833333333314176e-04
7.062499999999983288e-04
7.437499999999982103e-04
7.416666666666648896e-04
8.583333333333310671e-04
7.708333333333313797e-04
8.124999999999981196e-04
7.749999999999980212e-04
7.937499999999980162e-04
7.312499999999981775e-04
8.083333333333312613e-04
7.374999999999981397e-04
7.770833333333314503e-04
7.416666666666648896e-04
7.729166666666647005e-04
7.937499999999980162e-04
7.083333333333317579e-04
8.270833333333311478e-04
7.020833333333314705e-04
7.895833333333313747e-04
7.958333333333315537e-04
7.958333333333314453e-04
7.437499999999982103e-04
7.479166666666648517e-04
7.520833333333313848e-04
8.354166666666645391e-04
8.354166666666644307e-04
7.645833333333316344e-04
7.770833333333314503e-04
8.229166666666645064e-04
7.666666666666648467e-04
7.333333333333314982e-04
7.395833333333314604e-04
7.541666666666649223e-04
7.749999999999981296e-04
7.916666666666645870e-04
8.270833333333312562e-04
7.270833333333315360e-04
7.249999999999983237e-04
7.979166666666648745e-04
8.479166666666645719e-04
8.499999999999980011e-04
7.291666666666648568e-04
7.312499999999981775e-04
8.166666666666645442e-04
6.916666666666650837e-04
8.104166666666646904e-04
8.333333333333312184e-04
7.541666666666650308e-04
8.395833333333312890e-04
7.645833333333315260e-04
7.916666666666646954e-04
8.187499999999979733e-04
8.374999999999977515e-04
8.041666666666647282e-04
8.166666666666648694e-04
8.458333333333313596e-04
8.249999999999979355e-04
7.791666666666646627e-04
7.895833333333312663e-04
7.458333333333314226e-04
7.958333333333314453e-04
8.479166666666645719e-04
8.020833333333314075e-04
7.874999999999980540e-04
7.499999999999981725e-04
7.937499999999982330e-04
7.833333333333313041e-04
7.499999999999981725e-04
8.062499999999979405e-04
8.812499999999977036e-04
7.854166666666647333e-04
8.437499999999979305e-04
8.541666666666645341e-04
6.895833333333316545e-04
8.187499999999979733e-04
7.479166666666648517e-04
7.895833333333313747e-04
8.479166666666645719e-04
8.270833333333312562e-04
7.687499999999982759e-04
8.145833333333313319e-04
7.916666666666645870e-04
8.333333333333312184e-04
8.104166666666646904e-04
8.208333333333312941e-04
7.833333333333313041e-04
7.333333333333316066e-04
7.687499999999981674e-04
8.020833333333314075e-04
8.708333333333310999e-04
8.229166666666646148e-04
7.062499999999983288e-04
7.687499999999981674e-04
7.624999999999983137e-04
8.374999999999977515e-04
7.979166666666647660e-04
7.374999999999981397e-04
8.479166666666644635e-04
8.208333333333311856e-04
7.499999999999980640e-04
8.124999999999980111e-04
7.770833333333314503e-04
8.895833333333310949e-04
7.791666666666647711e-04
8.624999999999978170e-04
8.333333333333312184e-04
7.895833333333313747e-04
8.104166666666647988e-04
7.666666666666647383e-04
8.583333333333310671e-04
7.958333333333314453e-04
7.770833333333313419e-04
7.645833333333314176e-04
7.937499999999980162e-04
7.874999999999980540e-04
8.020833333333312991e-04
7.479166666666649602e-04
8.479166666666645719e-04
7.541666666666649223e-04
8.062499999999979405e-04
8.229166666666646148e-04
8.041666666666647282e-04
8.249999999999978271e-04
8.249999999999980439e-04
8.583333333333311756e-04
7.604166666666648845e-04
8.395833333333312890e-04
8.395833333333313974e-04
8.749999999999977414e-04
7.520833333333313848e-04
7.770833333333314503e-04
7.124999999999983994e-04
7.583333333333315638e-04
8.312499999999977893e-04
8.541666666666645341e-04
7.916666666666645870e-04
8.541666666666645341e-04
8.916666666666643072e-04
8.458333333333311428e-04
7.895833333333313747e-04
7.833333333333313041e-04
8.812499999999977036e-04
8.812499999999977036e-04
8.395833333333313974e-04
7.874999999999979456e-04
7.770833333333314503e-04
8.416666666666647182e-04
7.854166666666647333e-04
7.541666666666647055e-04
8.437499999999979305e-04
8.520833333333311050e-04
8.937499999999976279e-04
7.999999999999979784e-04
7.999999999999980868e-04
8.187499999999978649e-04
8.791666666666643828e-04
8.541666666666645341e-04
7.729166666666647005e-04
8.166666666666645442e-04
8.499999999999977842e-04
8.333333333333312184e-04
7.416666666666648896e-04
8.104166666666646904e-04
8.562499999999979633e-04
8.624999999999979254e-04
8.145833333333311150e-04
7.687499999999981674e-04
8.062499999999979405e-04
8.291666666666646854e-04
8.041666666666646198e-04
8.187499999999979733e-04
7.291666666666648568e-04
7.958333333333315537e-04
7.708333333333313797e-04
8.062499999999980490e-04
8.499999999999978927e-04
8.270833333333312562e-04
7.729166666666648089e-04
7.958333333333313369e-04
7.916666666666645870e-04
8.583333333333311756e-04
7.604166666666649929e-04
7.729166666666648089e-04
8.479166666666644635e-04
8.729166666666643122e-04
7.833333333333314125e-04
7.979166666666647660e-04
8.833333333333311327e-04
8.166666666666645442e-04
8.187499999999978649e-04
8.333333333333312184e-04
7.874999999999979456e-04
8.041666666666647282e-04
8.458333333333312512e-04
8.812499999999979204e-04
8.416666666666645013e-04
7.833333333333314125e-04
8.687499999999976708e-04
8.604166666666643879e-04
8.187499999999979733e-04
7.937499999999980162e-04
7.541666666666649223e-04
8.666666666666644585e-04
8.604166666666644963e-04
7.666666666666648467e-04
8.229166666666647232e-04
8.291666666666644685e-04
8.499999999999980011e-04
8.104166666666647988e-04
9.041666666666643400e-04
8.499999999999980011e-04
8.104166666666646904e-04
8.104166666666646904e-04
8.479166666666645719e-04
8.145833333333313319e-04
8.437499999999979305e-04
7.937499999999980162e-04
8.291666666666645770e-04
8.062499999999980490e-04
8.479166666666644635e-04
7.874999999999980540e-04
7.770833333333313419e-04
8.520833333333312134e-04
8.229166666666646148e-04
8.958333333333308402e-04
8.354166666666645391e-04
8.291666666666645770e-04
8.124999999999980111e-04
8.020833333333312991e-04
7.895833333333313747e-04
8.520833333333309965e-04
8.562499999999978548e-04
8.374999999999977515e-04
8.062499999999980490e-04
8.562499999999978548e-04
8.541666666666644257e-04
7.874999999999980540e-04
7.895833333333313747e-04
8.812499999999977036e-04
8.520833333333312134e-04
7.854166666666648417e-04
8.291666666666644685e-04
8.020833333333314075e-04
8.437499999999979305e-04
8.354166666666644307e-04
8.729166666666644207e-04
9.145833333333309436e-04
8.333333333333313268e-04
8.166666666666645442e-04
8.166666666666646526e-04
8.666666666666644585e-04
7.749999999999981296e-04
9.479166666666642921e-04
8.124999999999980111e-04
9.145833333333309436e-04
8.874999999999978826e-04
8.979166666666643778e-04
7.979166666666647660e-04
8.333333333333311100e-04
8.562499999999979633e-04
8.083333333333312613e-04
8.999999999999976985e-04
8.208333333333314025e-04
8.624999999999977086e-04
8.583333333333310671e-04
8.604166666666644963e-04
8.916666666666644156e-04
8.479166666666645719e-04
8.729166666666644207e-04
8.312499999999977893e-04
8.666666666666644585e-04
8.458333333333312512e-04
7.854166666666647333e-04
8.624999999999978170e-04
7.958333333333313369e-04
8.208333333333312941e-04
7.979166666666647660e-04
8.208333333333312941e-04
7.895833333333312663e-04
8.208333333333311856e-04
8.416666666666646097e-04
9.187499999999975851e-04
8.729166666666645291e-04
8.083333333333313697e-04
8.562499999999977464e-04
7.999999999999981952e-04
9.104166666666643022e-04
7.916666666666645870e-04
8.312499999999977893e-04
7.666666666666648467e-04
8.458333333333312512e-04
8.666666666666645669e-04
8.937499999999976279e-04
8.166666666666646526e-04
8.916666666666644156e-04
7.645833333333315260e-04
8.874999999999977742e-04
8.854166666666644534e-04
8.374999999999978599e-04
9.104166666666644106e-04
8.270833333333312562e-04
8.291666666666644685e-04
8.479166666666645719e-04
8.958333333333309487e-04
8.520833333333312134e-04
8.520833333333312134e-04
8.770833333333309537e-04
8.187499999999979733e-04
8.895833333333310949e-04
7.812499999999980918e-04
8.354166666666644307e-04
8.312499999999978977e-04
7.708333333333313797e-04
8.124999999999980111e-04
8.291666666666645770e-04
7.916666666666646954e-04
8.749999999999977414e-04
8.229166666666646148e-04
8.354166666666646476e-04
9.062499999999977691e-04
8.770833333333311705e-04
9.312499999999977263e-04
8.124999999999980111e-04
8.249999999999979355e-04
8.479166666666645719e-04
9.020833333333310193e-04
8.854166666666645619e-04
8.708333333333310999e-04
8.229166666666647232e-04
8.708333333333310999e-04
9.020833333333309108e-04
8.541666666666646425e-04
8.895833333333310949e-04
7.437499999999982103e-04
9.312499999999976179e-04
8.166666666666647610e-04
7.749999999999982380e-04
8.791666666666643828e-04
8.583333333333311756e-04
8.395833333333313974e-04
8.541666666666644257e-04
8.666666666666644585e-04
7.916666666666646954e-04
8.791666666666644913e-04
8.312499999999978977e-04
8.562499999999978548e-04
9.145833333333309436e-04
8.312499999999978977e-04
9.062499999999977691e-04
8.395833333333313974e-04
8.083333333333313697e-04
9.187499999999976935e-04
9.416666666666643299e-04
8.541666666666645341e-04
8.416666666666646097e-04
8.374999999999978599e-04
7.666666666666647383e-04
8.999999999999976985e-04
8.749999999999977414e-04
8.645833333333311378e-04
8.687499999999977792e-04
8.104166666666646904e-04
9.374999999999976885e-04
7.854166666666645164e-04
8.416666666666646097e-04
8.312499999999978977e-04
8.937499999999977364e-04
8.833333333333312411e-04
9.354166666666641509e-04
8.520833333333311050e-04
8.708333333333310999e-04
8.416666666666647182e-04
8.729166666666643122e-04
8.687499999999977792e-04
8.729166666666644207e-04
8.854166666666644534e-04
7.958333333333314453e-04
7.833333333333314125e-04
8.333333333333312184e-04
8.749999999999977414e-04
8.541666666666645341e-04
8.062499999999979405e-04
8.458333333333311428e-04
8.666666666666643501e-04
9.291666666666641887e-04
8.333333333333311100e-04
8.458333333333312512e-04
