4.944444444444432958e-04
5.833333333333319722e-04
7.027777777777759107e-04
7.083333333333315411e-04
6.972222222222203888e-04
7.861111111111089567e-04
6.944444444444426278e-04
8.027777777777756309e-04
8.222222222222199577e-04
7.999999999999978699e-04
9.055555555555530036e-04
8.499999999999976758e-04
8.777777777777753939e-04
8.222222222222200661e-04
8.611111111111088281e-04
8.333333333333312184e-04
9.055555555555530036e-04
9.277777777777754167e-04
8.888888888888865462e-04
8.805555555555530465e-04
9.472222222222195266e-04
9.111111111111087424e-04
8.833333333333308075e-04
9.194444444444420253e-04
9.222222222222195695e-04
8.333333333333310016e-04
8.611111111111088281e-04
8.972222222222198292e-04
9.333333333333307218e-04
8.444444444444423707e-04
8.138888888888867832e-04
9.666666666666639618e-04
8.833333333333311327e-04
1.013888888888886224e-03
1.024999999999997267e-03
8.055555555555536087e-04
7.916666666666644786e-04
1.002777777777775180e-03
9.722222222222195922e-04
8.972222222222199376e-04
7.749999999999979128e-04
9.805555555555528751e-04
8.777777777777755024e-04
1.049999999999996899e-03
8.444444444444421539e-04
8.194444444444424136e-04
9.694444444444416144e-04
8.222222222222199577e-04
9.499999999999973960e-04
8.861111111111087853e-04
9.305555555555531776e-04
8.527777777777754368e-04
9.083333333333307646e-04
8.916666666666643072e-04
9.166666666666640475e-04
1.041666666666663833e-03
8.305555555555533490e-04
8.861111111111088937e-04
9.249999999999973304e-04
9.416666666666640047e-04
9.361111111111084827e-04
9.861111111111081802e-04
8.888888888888865462e-04
9.805555555555528751e-04
9.138888888888861781e-04
8.527777777777754368e-04
9.833333333333306361e-04
9.333333333333308302e-04
9.388888888888863521e-04
9.361111111111084827e-04
9.083333333333308730e-04
1.016666666666663768e-03
8.333333333333308932e-04
9.166666666666641559e-04
9.805555555555528751e-04
9.388888888888862437e-04
9.555555555555529179e-04
8.944444444444419598e-04
9.083333333333308730e-04
8.722222222222198720e-04
8.749999999999976330e-04
9.083333333333307646e-04
8.861111111111087853e-04
9.388888888888861353e-04
9.833333333333304192e-04
8.722222222222198720e-04
9.138888888888862866e-04
1.097222222222219270e-03
9.999999999999974187e-04
8.916666666666645241e-04
9.527777777777750486e-04
9.666666666666639618e-04
9.583333333333305705e-04
9.055555555555530036e-04
9.749999999999973532e-04
9.055555555555531121e-04
9.916666666666639190e-04
9.972222222222194409e-04
9.944444444444416800e-04
8.138888888888866748e-04
8.833333333333308075e-04
9.444444444444418741e-04
8.916666666666644156e-04
9.305555555555531776e-04
8.111111111111089138e-04
9.055555555555530036e-04
8.722222222222197636e-04
8.888888888888864378e-04
9.305555555555530692e-04
9.333333333333308302e-04
1.024999999999997267e-03
8.611111111111088281e-04
8.944444444444420682e-04
9.388888888888862437e-04
9.166666666666641559e-04
9.249999999999977641e-04
9.555555555555528095e-04
9.277777777777753082e-04
9.416666666666640047e-04
8.666666666666642416e-04
9.111111111111085256e-04
9.472222222222196350e-04
9.749999999999972447e-04
9.194444444444418085e-04
9.416666666666640047e-04
8.194444444444423051e-04
8.638888888888864807e-04
9.388888888888863521e-04
9.444444444444417656e-04
9.583333333333307873e-04
8.666666666666643501e-04
1.063888888888885921e-03
9.555555555555528095e-04
8.944444444444419598e-04
9.194444444444420253e-04
9.861111111111083970e-04
8.527777777777753284e-04
9.333333333333307218e-04
8.999999999999974817e-04
8.638888888888864807e-04
8.944444444444419598e-04
8.972222222222197207e-04
9.972222222222194409e-04
9.638888888888860924e-04
9.194444444444419169e-04
9.305555555555529608e-04
9.138888888888862866e-04
9.388888888888863521e-04
8.999999999999974817e-04
9.805555555555526583e-04
9.583333333333305705e-04
9.722222222222195922e-04
9.055555555555531121e-04
8.416666666666645013e-04
8.222222222222200661e-04
8.555555555555533062e-04
8.916666666666641988e-04
9.055555555555530036e-04
8.833333333333308075e-04
8.972222222222197207e-04
9.027777777777753511e-04
9.361111111111086996e-04
8.694444444444421110e-04
9.027777777777752427e-04
9.611111111111083315e-04
8.611111111111087197e-04
8.749999999999975245e-04
8.722222222222199804e-04
9.888888888888861580e-04
1.036111111111108311e-03
1.080555555555552921e-03
9.194444444444418085e-04
1.055555555555552421e-03
8.388888888888866319e-04
8.833333333333310243e-04
9.527777777777751570e-04
9.138888888888862866e-04
8.638888888888865891e-04
9.333333333333309386e-04
8.861111111111086769e-04
9.194444444444418085e-04
9.194444444444419169e-04
9.555555555555531348e-04
9.833333333333306361e-04
9.916666666666637021e-04
8.499999999999978927e-04
8.749999999999976330e-04
9.055555555555531121e-04
9.249999999999973304e-04
9.138888888888862866e-04
9.777777777777748973e-04
9.555555555555529179e-04
9.638888888888862009e-04
8.861111111111087853e-04
8.722222222222199804e-04
9.555555555555530264e-04
9.111111111111085256e-04
9.444444444444418741e-04
9.249999999999973304e-04
9.777777777777748973e-04
8.722222222222198720e-04
8.388888888888866319e-04
9.194444444444418085e-04
9.111111111111086340e-04
9.083333333333309815e-04
9.138888888888863950e-04
9.277777777777751998e-04
9.388888888888863521e-04
9.611111111111084399e-04
8.944444444444419598e-04
8.722222222222198720e-04
8.805555555555530465e-04
9.194444444444419169e-04
8.916666666666644156e-04
9.083333333333308730e-04
8.527777777777755452e-04
8.833333333333310243e-04
9.666666666666638534e-04
9.027777777777752427e-04
9.472222222222195266e-04
9.277777777777753082e-04
1.005555555555552724e-03
9.222222222222196779e-04
1.033333333333330550e-03
8.555555555555533062e-04
8.777777777777753939e-04
8.999999999999974817e-04
9.277777777777753082e-04
8.972222222222199376e-04
8.972222222222198292e-04
8.944444444444420682e-04
9.416666666666641131e-04
8.944444444444419598e-04
8.999999999999974817e-04
9.361111111111086996e-04
1.027777777777774812e-03
8.694444444444420026e-04
9.972222222222194409e-04
9.916666666666639190e-04
9.055555555555531121e-04
9.777777777777751141e-04
9.027777777777752427e-04
9.861111111111083970e-04
8.111111111111091307e-04
8.527777777777754368e-04
9.305555555555530692e-04
9.722222222222195922e-04
9.249999999999976557e-04
8.749999999999975245e-04
9.083333333333307646e-04
9.249999999999973304e-04
9.194444444444418085e-04
8.527777777777755452e-04
8.666666666666644585e-04
9.138888888888862866e-04
8.555555555555531978e-04
9.666666666666638534e-04
9.499999999999976128e-04
1.024999999999997267e-03
9.249999999999973304e-04
9.305555555555529608e-04
8.555555555555531978e-04
9.527777777777750486e-04
8.888888888888864378e-04
8.222222222222200661e-04
1.011111111111108463e-03
8.472222222222199148e-04
9.083333333333308730e-04
9.249999999999976557e-04
8.861111111111086769e-04
1.033333333333330550e-03
9.305555555555529608e-04
9.166666666666641559e-04
9.277777777777753082e-04
9.333333333333307218e-04
8.222222222222200661e-04
9.249999999999973304e-04
9.611111111111084399e-04
9.305555555555529608e-04
9.694444444444418312e-04
9.527777777777751570e-04
8.111111111111090222e-04
9.527777777777750486e-04
9.805555555555528751e-04
9.638888888888860924e-04
9.305555555555530692e-04
8.944444444444420682e-04
8.749999999999975245e-04
9.749999999999973532e-04
9.527777777777750486e-04
9.499999999999972876e-04
1.061111111111108160e-03
9.499999999999973960e-04
9.333333333333308302e-04
9.277777777777753082e-04
9.138888888888865034e-04
8.972222222222198292e-04
9.861111111111083970e-04
9.277777777777753082e-04
9.916666666666641358e-04
9.611111111111085483e-04
9.749999999999973532e-04
9.222222222222195695e-04
8.527777777777753284e-04
9.277777777777753082e-04
9.444444444444417656e-04
8.999999999999974817e-04
9.416666666666641131e-04
9.222222222222196779e-04
8.888888888888865462e-04
9.277777777777753082e-04
9.749999999999973532e-04
9.083333333333308730e-04
9.444444444444417656e-04
8.527777777777755452e-04
9.749999999999973532e-04
8.666666666666643501e-04
9.027777777777753511e-04
9.611111111111086567e-04
9.777777777777751141e-04
8.694444444444420026e-04
9.055555555555530036e-04
9.166666666666640475e-04
9.333333333333307218e-04
9.138888888888863950e-04
1.008333333333330702e-03
8.916666666666643072e-04
8.638888888888864807e-04
9.361111111111084827e-04
9.138888888888863950e-04
8.333333333333310016e-04
9.194444444444418085e-04
9.249999999999974389e-04
9.027777777777753511e-04
9.777777777777751141e-04
9.333333333333308302e-04
9.888888888888861580e-04
8.888888888888865462e-04
8.388888888888865235e-04
9.305555555555529608e-04
9.555555555555530264e-04
8.749999999999975245e-04
9.361111111111086996e-04
9.444444444444418741e-04
8.388888888888865235e-04
1.002777777777775180e-03
8.944444444444420682e-04
7.833333333333311957e-04
8.999999999999975901e-04
8.666666666666641332e-04
8.388888888888866319e-04
9.888888888888861580e-04
8.916666666666643072e-04
9.361111111111085912e-04
9.361111111111085912e-04
9.305555555555530692e-04
9.111111111111085256e-04
9.749999999999972447e-04
1.002777777777775180e-03
9.194444444444418085e-04
9.805555555555528751e-04
9.749999999999973532e-04
9.027777777777753511e-04
7.861111111111089567e-04
9.333333333333308302e-04
1.013888888888886224e-03
8.638888888888864807e-04
9.527777777777750486e-04
8.583333333333309587e-04
1.011111111111108463e-03
1.036111111111108311e-03
9.416666666666640047e-04
9.527777777777753738e-04
8.166666666666645442e-04
8.749999999999976330e-04
8.972222222222197207e-04
8.611111111111089365e-04
1.002777777777775180e-03
9.527777777777751570e-04
8.694444444444421110e-04
9.583333333333306789e-04
8.888888888888865462e-04
9.277777777777753082e-04
9.166666666666641559e-04
9.583333333333306789e-04
9.388888888888863521e-04
9.444444444444417656e-04
1.002777777777775180e-03
8.916666666666643072e-04
9.555555555555528095e-04
9.444444444444418741e-04
9.305555555555530692e-04
9.583333333333306789e-04
8.833333333333310243e-04
9.361111111111084827e-04
9.305555555555530692e-04
9.055555555555531121e-04
9.055555555555530036e-04
8.777777777777753939e-04
8.972222222222199376e-04
9.333333333333307218e-04
8.555555555555531978e-04
9.833333333333306361e-04
8.694444444444421110e-04
8.277777777777755881e-04
9.416666666666640047e-04
9.194444444444420253e-04
1.072222222222219204e-03
9.777777777777753310e-04
9.527777777777751570e-04
9.638888888888863093e-04
9.888888888888861580e-04
8.555555555555533062e-04
9.916666666666637021e-04
8.638888888888864807e-04
9.805555555555530919e-04
8.027777777777757393e-04
9.222222222222195695e-04
9.166666666666641559e-04
9.444444444444417656e-04
8.472222222222200233e-04
9.611111111111085483e-04
9.527777777777752654e-04
9.583333333333305705e-04
9.305555555555530692e-04
9.138888888888863950e-04
9.722222222222194838e-04
8.999999999999974817e-04
9.361111111111084827e-04
9.833333333333306361e-04
8.888888888888864378e-04
9.611111111111084399e-04
9.972222222222196578e-04
1.055555555555552638e-03
9.138888888888863950e-04
8.805555555555531549e-04
8.861111111111087853e-04
9.527777777777751570e-04
9.249999999999977641e-04
9.583333333333306789e-04
9.194444444444419169e-04
9.916666666666637021e-04
9.638888888888862009e-04
8.583333333333309587e-04
9.361111111111085912e-04
9.499999999999976128e-04
9.361111111111085912e-04
9.083333333333309815e-04
9.138888888888865034e-04
9.916666666666639190e-04
8.944444444444420682e-04
8.861111111111087853e-04
8.999999999999975901e-04
1.022222222222219290e-03
9.583333333333306789e-04
9.138888888888865034e-04
9.944444444444416800e-04
8.611111111111087197e-04
9.305555555555529608e-04
8.888888888888864378e-04
8.972222222222198292e-04
8.833333333333308075e-04
9.305555555555530692e-04
9.916666666666639190e-04
8.944444444444419598e-04
9.166666666666640475e-04
9.388888888888863521e-04
8.972222222222197207e-04
8.527777777777754368e-04
9.111111111111086340e-04
9.055555555555531121e-04
9.555555555555528095e-04
9.194444444444420253e-04
8.861111111111087853e-04
9.861111111111083970e-04
9.583333333333306789e-04
9.277777777777753082e-04
9.805555555555528751e-04
9.694444444444416144e-04
8.555555555555531978e-04
8.944444444444420682e-04
9.277777777777751998e-04
1.061111111111108160e-03
8.861111111111087853e-04
8.749999999999975245e-04
9.138888888888862866e-04
9.722222222222194838e-04
9.916666666666639190e-04
9.305555555555531776e-04
1.008333333333330485e-03
9.444444444444418741e-04
9.416666666666641131e-04
9.499999999999972876e-04
9.249999999999974389e-04
9.277777777777753082e-04
9.527777777777750486e-04
9.888888888888863749e-04
9.833333333333306361e-04
9.472222222222195266e-04
8.972222222222198292e-04
1.038888888888885855e-03
9.972222222222194409e-04
9.166666666666641559e-04
9.194444444444419169e-04
8.638888888888865891e-04
9.249999999999973304e-04
9.222222222222196779e-04
9.194444444444418085e-04
9.805555555555526583e-04
8.361111111111087625e-04
8.749999999999976330e-04
9.444444444444418741e-04
9.305555555555530692e-04
8.527777777777754368e-04
9.083333333333307646e-04
8.777777777777755024e-04
9.027777777777752427e-04
8.944444444444420682e-04
9.138888888888863950e-04
8.888888888888865462e-04
8.527777777777755452e-04
9.055555555555531121e-04
9.472222222222196350e-04
9.416666666666642215e-04
9.805555555555526583e-04
9.472222222222197435e-04
1.013888888888886224e-03
9.611111111111083315e-04
9.472222222222196350e-04
9.888888888888861580e-04
1.038888888888886072e-03
9.722222222222195922e-04
8.194444444444420883e-04
8.944444444444419598e-04
9.027777777777753511e-04
9.361111111111085912e-04
9.055555555555530036e-04
1.088888888888885987e-03
9.749999999999972447e-04
9.138888888888863950e-04
8.555555555555531978e-04
9.027777777777752427e-04
9.083333333333307646e-04
8.638888888888864807e-04
9.361111111111085912e-04
8.361111111111087625e-04
9.055555555555531121e-04
9.166666666666641559e-04
9.722222222222193753e-04
8.972222222222198292e-04
9.249999999999973304e-04
1.022222222222219290e-03
9.277777777777754167e-04
1.011111111111108246e-03
8.888888888888865462e-04
9.305555555555530692e-04
9.555555555555528095e-04
9.666666666666639618e-04
8.638888888888864807e-04
9.055555555555530036e-04
9.166666666666641559e-04
9.499999999999973960e-04
1.027777777777774812e-03
9.305555555555529608e-04
9.138888888888863950e-04
9.472222222222196350e-04
8.916666666666641988e-04
8.388888888888865235e-04
9.388888888888863521e-04
9.305555555555530692e-04
9.138888888888863950e-04
9.027777777777754595e-04
8.638888888888864807e-04
8.972222222222199376e-04
8.305555555555532406e-04
8.916666666666641988e-04
9.333333333333308302e-04
9.222222222222196779e-04
8.333333333333311100e-04
9.666666666666639618e-04
8.833333333333308075e-04
9.138888888888862866e-04
9.499999999999973960e-04
8.749999999999977414e-04
8.972222222222199376e-04
9.444444444444417656e-04
8.583333333333312840e-04
9.777777777777748973e-04
8.916666666666643072e-04
8.972222222222198292e-04
9.749999999999973532e-04
9.472222222222196350e-04
9.277777777777753082e-04
7.666666666666645214e-04
9.611111111111085483e-04
8.666666666666642416e-04
9.444444444444418741e-04
8.444444444444421539e-04
9.999999999999972019e-04
8.749999999999975245e-04
9.972222222222194409e-04
8.916666666666641988e-04
8.749999999999975245e-04
1.030555555555552789e-03
9.916666666666637021e-04
9.444444444444418741e-04
8.777777777777752855e-04
9.333333333333309386e-04
9.888888888888861580e-04
8.861111111111087853e-04
8.666666666666642416e-04
9.583333333333306789e-04
9.222222222222195695e-04
1.036111111111108095e-03
1.002777777777775180e-03
9.333333333333308302e-04
8.333333333333311100e-04
9.277777777777754167e-04
9.166666666666642644e-04
1.008333333333330702e-03
9.777777777777751141e-04
9.194444444444419169e-04
9.416666666666642215e-04
8.888888888888864378e-04
8.833333333333310243e-04
1.002777777777774963e-03
9.444444444444417656e-04
9.361111111111084827e-04
8.861111111111086769e-04
8.277777777777754796e-04
9.722222222222195922e-04
9.388888888888863521e-04
9.138888888888862866e-04
9.444444444444418741e-04
9.249999999999973304e-04
9.638888888888862009e-04
9.583333333333308958e-04
8.888888888888865462e-04
9.361111111111084827e-04
8.916666666666643072e-04
9.638888888888862009e-04
8.472222222222199148e-04
9.638888888888862009e-04
9.527777777777750486e-04
8.472222222222199148e-04
1.011111111111108463e-03
8.944444444444421766e-04
9.333333333333307218e-04
1.058333333333330399e-03
9.722222222222195922e-04
9.111111111111086340e-04
9.333333333333307218e-04
8.833333333333310243e-04
9.638888888888860924e-04
8.527777777777756536e-04
9.083333333333308730e-04
9.666666666666639618e-04
9.444444444444417656e-04
8.555555555555533062e-04
8.611111111111087197e-04
9.194444444444418085e-04
8.472222222222200233e-04
9.333333333333307218e-04
9.249999999999974389e-04
9.527777777777752654e-04
9.472222222222196350e-04
1.005555555555552724e-03
9.055555555555531121e-04
9.416666666666642215e-04
9.249999999999974389e-04
9.611111111111084399e-04
9.166666666666642644e-04
9.472222222222198519e-04
9.055555555555530036e-04
8.472222222222200233e-04
8.444444444444422623e-04
9.138888888888865034e-04
9.277777777777753082e-04
8.888888888888865462e-04
9.083333333333307646e-04
9.194444444444419169e-04
7.555555555555535860e-04
8.833333333333310243e-04
1.030555555555552573e-03
9.194444444444418085e-04
9.222222222222195695e-04
8.944444444444419598e-04
8.833333333333310243e-04
9.388888888888864605e-04
9.333333333333308302e-04
8.805555555555531549e-04
9.138888888888861781e-04
1.063888888888885921e-03
9.527777777777752654e-04
1.013888888888886224e-03
9.666666666666640702e-04
9.055555555555532205e-04
8.722222222222198720e-04
9.305555555555530692e-04
9.305555555555530692e-04
9.472222222222195266e-04
1.002777777777775180e-03
9.472222222222195266e-04
9.222222222222196779e-04
9.472222222222196350e-04
9.472222222222196350e-04
8.583333333333308503e-04
9.777777777777751141e-04
9.444444444444418741e-04
9.805555555555526583e-04
9.222222222222197863e-04
9.361111111111084827e-04
8.194444444444423051e-04
9.916666666666637021e-04
9.749999999999972447e-04
8.777777777777753939e-04
9.777777777777751141e-04
9.222222222222196779e-04
8.749999999999977414e-04
9.138888888888865034e-04
9.166666666666640475e-04
9.138888888888862866e-04
9.694444444444416144e-04
7.916666666666645870e-04
8.583333333333310671e-04
8.138888888888866748e-04
9.083333333333307646e-04
9.444444444444418741e-04
8.611111111111087197e-04
9.277777777777751998e-04
9.138888888888862866e-04
9.138888888888863950e-04
9.249999999999974389e-04
9.861111111111083970e-04
9.472222222222196350e-04
1.055555555555552421e-03
8.527777777777755452e-04
9.527777777777751570e-04
9.333333333333307218e-04
9.555555555555528095e-04
1.002777777777775180e-03
1.011111111111108463e-03
9.972222222222194409e-04
9.749999999999973532e-04
9.888888888888861580e-04
9.694444444444418312e-04
9.805555555555526583e-04
8.916666666666641988e-04
9.305555555555529608e-04
9.472222222222196350e-04
9.111111111111086340e-04
8.555555555555533062e-04
9.527777777777751570e-04
8.361111111111088710e-04
1.058333333333330182e-03
9.361111111111084827e-04
9.333333333333307218e-04
9.222222222222195695e-04
9.138888888888862866e-04
8.638888888888864807e-04
8.861111111111087853e-04
8.999999999999975901e-04
8.638888888888864807e-04
9.666666666666639618e-04
9.416666666666640047e-04
8.777777777777753939e-04
9.361111111111085912e-04
9.166666666666641559e-04
9.499999999999973960e-04
9.194444444444419169e-04
8.999999999999976985e-04
9.416666666666641131e-04
9.333333333333308302e-04
9.055555555555528952e-04
9.611111111111083315e-04
8.638888888888865891e-04
8.833333333333308075e-04
9.111111111111085256e-04
8.555555555555533062e-04
9.499999999999972876e-04
8.694444444444421110e-04
9.805555555555528751e-04
9.361111111111084827e-04
8.972222222222197207e-04
9.611111111111084399e-04
9.888888888888859412e-04
9.805555555555528751e-04
1.041666666666663616e-03
9.527777777777751570e-04
8.805555555555529381e-04
9.444444444444417656e-04
9.083333333333309815e-04
8.694444444444421110e-04
9.138888888888863950e-04
9.805555555555528751e-04
1.002777777777774963e-03
9.611111111111084399e-04
9.277777777777751998e-04
8.638888888888865891e-04
9.222222222222197863e-04
1.002777777777775180e-03
9.861111111111083970e-04
9.749999999999972447e-04
9.555555555555529179e-04
8.722222222222197636e-04
9.194444444444419169e-04
9.305555555555529608e-04
9.972222222222194409e-04
9.972222222222194409e-04
9.722222222222195922e-04
8.472222222222200233e-04
8.861111111111086769e-04
9.138888888888863950e-04
9.694444444444419396e-04
9.333333333333310470e-04
8.916666666666643072e-04
8.777777777777753939e-04
9.888888888888861580e-04
8.861111111111087853e-04
9.333333333333307218e-04
8.388888888888865235e-04
8.388888888888865235e-04
9.694444444444416144e-04
9.222222222222196779e-04
9.972222222222192241e-04
9.722222222222195922e-04
8.833333333333308075e-04
1.024999999999997267e-03
9.694444444444418312e-04
9.027777777777752427e-04
8.611111111111088281e-04
8.999999999999974817e-04
9.472222222222195266e-04
8.361111111111087625e-04
8.361111111111088710e-04
9.333333333333308302e-04
9.527777777777750486e-04
9.111111111111085256e-04
9.138888888888862866e-04
9.222222222222196779e-04
1.024999999999997267e-03
1.016666666666663985e-03
9.194444444444419169e-04
9.083333333333308730e-04
8.722222222222198720e-04
8.999999999999974817e-04
1.013888888888886007e-03
1.063888888888885704e-03
9.055555555555532205e-04
9.083333333333308730e-04
7.944444444444423480e-04
9.583333333333305705e-04
9.166666666666640475e-04
9.055555555555531121e-04
9.361111111111085912e-04
8.499999999999976758e-04
9.194444444444418085e-04
8.694444444444420026e-04
8.611111111111087197e-04
9.166666666666641559e-04
9.027777777777753511e-04
8.861111111111087853e-04
9.555555555555530264e-04
9.388888888888862437e-04
9.277777777777751998e-04
8.861111111111087853e-04
8.111111111111089138e-04
9.111111111111085256e-04
9.583333333333305705e-04
9.999999999999972019e-04
1.013888888888886007e-03
8.805555555555532633e-04
9.666666666666639618e-04
8.666666666666643501e-04
9.472222222222195266e-04
8.972222222222198292e-04
1.016666666666663985e-03
9.194444444444419169e-04
9.527777777777750486e-04
9.249999999999976557e-04
9.527777777777750486e-04
8.416666666666645013e-04
9.916666666666639190e-04
9.472222222222195266e-04
9.749999999999972447e-04
1.019444444444441746e-03
9.249999999999973304e-04
9.777777777777748973e-04
9.749999999999973532e-04
8.888888888888864378e-04
9.111111111111086340e-04
9.527777777777751570e-04
9.027777777777752427e-04
9.472222222222195266e-04
9.138888888888863950e-04
8.694444444444421110e-04
9.277777777777753082e-04
8.499999999999976758e-04
9.416666666666640047e-04
8.055555555555533919e-04
9.833333333333306361e-04
9.083333333333309815e-04
8.527777777777755452e-04
1.005555555555552941e-03
8.694444444444420026e-04
9.166666666666640475e-04
9.611111111111084399e-04
9.083333333333309815e-04
9.138888888888861781e-04
9.888888888888859412e-04
8.916666666666640904e-04
9.749999999999973532e-04
9.388888888888862437e-04
8.944444444444420682e-04
9.083333333333307646e-04
9.361111111111085912e-04
9.361111111111085912e-04
9.333333333333307218e-04
9.194444444444418085e-04
9.722222222222194838e-04
9.027777777777752427e-04
9.055555555555530036e-04
8.388888888888866319e-04
1.019444444444441529e-03
9.833333333333306361e-04
9.333333333333308302e-04
1.011111111111108463e-03
9.027777777777753511e-04
8.944444444444420682e-04
9.111111111111087424e-04
9.805555555555528751e-04
8.222222222222200661e-04
8.888888888888864378e-04
7.999999999999977615e-04
8.972222222222197207e-04
9.083333333333307646e-04
9.249999999999973304e-04
1.016666666666663768e-03
9.499999999999975044e-04
9.999999999999974187e-04
9.416666666666640047e-04
9.083333333333307646e-04
9.277777777777751998e-04
8.583333333333309587e-04
1.016666666666663985e-03
9.888888888888861580e-04
8.583333333333310671e-04
9.777777777777748973e-04
9.555555555555529179e-04
8.999999999999975901e-04
9.555555555555530264e-04
9.472222222222195266e-04
8.638888888888865891e-04
9.499999999999972876e-04
9.777777777777751141e-04
8.555555555555533062e-04
1.041666666666663833e-03
9.722222222222195922e-04
8.999999999999975901e-04
9.833333333333306361e-04
9.611111111111085483e-04
9.472222222222196350e-04
9.305555555555529608e-04
9.666666666666639618e-04
8.833333333333310243e-04
8.694444444444421110e-04
8.833333333333310243e-04
8.805555555555530465e-04
8.361111111111087625e-04
1.013888888888886224e-03
9.333333333333310470e-04
8.972222222222197207e-04
9.638888888888863093e-04
1.041666666666663833e-03
8.333333333333311100e-04
8.694444444444421110e-04
8.888888888888864378e-04
8.944444444444419598e-04
8.722222222222197636e-04
9.722222222222194838e-04
1.024999999999997267e-03
8.777777777777753939e-04
9.277777777777751998e-04
8.833333333333308075e-04
9.861111111111081802e-04
9.972222222222194409e-04
9.972222222222194409e-04
9.361111111111084827e-04
9.583333333333305705e-04
8.861111111111087853e-04
9.194444444444418085e-04
8.305555555555533490e-04
8.249999999999977187e-04
9.166666666666641559e-04
9.444444444444418741e-04
9.499999999999975044e-04
9.722222222222195922e-04
9.666666666666639618e-04
9.416666666666641131e-04
9.138888888888863950e-04
9.333333333333308302e-04
1.166666666666663727e-03
1.316666666666662820e-03
1.427777777777773692e-03
1.655555555555550742e-03
1.674999999999994852e-03
1.924999999999993990e-03
2.044444444444438579e-03
2.174999999999993779e-03
2.088888888888882755e-03
2.241666666666660042e-03
2.494444444444436724e-03
2.458333333333325831e-03
2.408333333333325700e-03
2.686111111111103098e-03
2.605555555555548030e-03
2.791666666666658449e-03
2.772222222222213688e-03
2.791666666666658015e-03
2.858333333333324712e-03
2.791666666666658015e-03
2.877777777777769039e-03
2.797222222222213537e-03
2.808333333333324581e-03
2.894444444444435605e-03
2.891666666666657844e-03
2.874999999999991278e-03
3.033333333333324087e-03
2.911111111111102170e-03
2.991666666666657239e-03
3.116666666666656916e-03
3.019444444444435282e-03
3.024999999999990370e-03
3.072222222222212740e-03
2.986111111111101717e-03
3.027777777777768565e-03
2.924999999999990975e-03
3.019444444444435282e-03
2.916666666666657692e-03
2.852777777777769624e-03
3.002777777777768282e-03
2.997222222222212761e-03
3.077777777777768262e-03
3.019444444444434848e-03
3.122222222222212872e-03
3.063888888888879457e-03
3.022222222222212609e-03
3.191666666666656462e-03
2.963888888888879629e-03
3.022222222222212609e-03
2.797222222222213537e-03
2.866666666666658429e-03
2.944444444444435736e-03
3.052777777777768414e-03
2.863888888888880234e-03
2.988888888888879478e-03
2.891666666666657844e-03
2.991666666666657239e-03
2.988888888888879478e-03
2.955555555555546346e-03
2.797222222222213537e-03
2.966666666666657390e-03
2.955555555555546346e-03
2.922222222222213214e-03
2.877777777777769039e-03
2.988888888888879044e-03
3.149999999999990481e-03
2.944444444444435302e-03
2.972222222222213345e-03
2.788888888888880688e-03
2.858333333333324712e-03
3.052777777777768414e-03
2.922222222222213214e-03
3.022222222222212609e-03
2.808333333333324581e-03
2.891666666666657844e-03
2.944444444444435302e-03
3.002777777777768282e-03
2.880555555555546800e-03
2.858333333333324712e-03
2.938888888888879780e-03
2.924999999999990975e-03
2.941666666666657541e-03
2.983333333333323956e-03
2.888888888888880083e-03
2.791666666666658015e-03
2.866666666666657995e-03
2.766666666666658166e-03
2.741666666666658318e-03
2.777777777777769644e-03
2.758333333333325317e-03
2.702777777777769664e-03
2.811111111111102342e-03
2.791666666666658015e-03
2.747222222222213839e-03
2.652777777777769533e-03
2.702777777777769664e-03
2.794444444444435776e-03
2.591666666666658791e-03
2.758333333333324883e-03
2.891666666666657844e-03
2.747222222222213839e-03
2.802777777777769059e-03
2.799999999999991732e-03
2.761111111111102211e-03
2.794444444444436210e-03
2.641666666666658923e-03
2.674999999999991621e-03
2.674999999999991621e-03
2.716666666666658469e-03
2.752777777777769361e-03
2.638888888888880728e-03
2.824999999999991147e-03
2.830555555555547102e-03
2.780555555555546971e-03
2.766666666666658166e-03
2.702777777777769664e-03
2.630555555555547445e-03
2.430555555555548222e-03
2.591666666666658791e-03
2.669444444444436099e-03
2.555555555555547899e-03
2.680555555555547576e-03
2.555555555555547899e-03
2.663888888888880577e-03
2.722222222222214424e-03
2.708333333333325186e-03
2.488888888888881202e-03
2.641666666666658489e-03
2.836111111111102191e-03
2.711111111111102947e-03
2.527777777777770289e-03
2.566666666666658943e-03
2.569444444444436704e-03
2.524999999999992528e-03
2.663888888888880577e-03
2.558333333333325660e-03
2.566666666666658943e-03
2.574999999999992226e-03
2.661111111111102816e-03
2.530555555555547616e-03
2.477777777777770158e-03
2.469444444444436875e-03
2.622222222222214162e-03
2.636111111111102967e-03
2.591666666666658791e-03
2.419444444444437611e-03
2.530555555555548050e-03
2.408333333333326134e-03
2.569444444444436704e-03
2.472222222222214636e-03
2.580555555555547748e-03
2.616666666666658640e-03
2.574999999999992226e-03
2.363888888888881958e-03
2.624999999999991923e-03
2.594444444444436552e-03
2.449999999999992548e-03
2.644444444444436684e-03
2.405555555555547939e-03
2.441666666666659265e-03
2.516666666666659245e-03
2.419444444444437178e-03
2.469444444444436875e-03
2.463888888888881353e-03
2.461111111111103592e-03
2.497222222222214485e-03
2.402777777777770612e-03
2.408333333333326134e-03
2.380555555555548524e-03
2.441666666666659265e-03
2.438888888888881504e-03
2.452777777777770309e-03
2.366666666666659719e-03
2.455555555555548070e-03
2.244444444444437803e-03
2.299999999999993022e-03
2.430555555555548222e-03
2.394444444444437329e-03
2.480555555555547919e-03
2.286111111111104217e-03
2.397222222222215090e-03
2.349999999999993153e-03
2.391666666666659568e-03
2.449999999999992548e-03
2.519444444444437006e-03
2.372222222222215241e-03
2.441666666666659265e-03
2.452777777777770309e-03
2.319444444444437349e-03
2.469444444444436875e-03
2.402777777777770612e-03
2.374999999999993002e-03
2.199999999999993627e-03
2.174999999999993345e-03
2.169444444444438257e-03
2.480555555555547919e-03
2.186111111111104822e-03
2.411111111111103895e-03
2.369444444444437480e-03
2.344444444444437631e-03
2.288888888888881978e-03
2.372222222222215241e-03
2.124999999999993647e-03
2.338888888888882110e-03
2.247222222222215564e-03
2.358333333333326436e-03
2.274999999999993174e-03
2.405555555555548373e-03
2.177777777777771540e-03
2.258333333333326608e-03
2.302777777777770783e-03
2.219444444444437954e-03
2.297222222222215261e-03
2.363888888888881958e-03
2.236111111111104520e-03
2.308333333333326305e-03
2.211111111111104671e-03
2.305555555555548544e-03
2.236111111111104520e-03
2.316666666666659588e-03
2.258333333333326608e-03
2.277777777777770934e-03
2.113888888888882170e-03
2.186111111111104822e-03
2.188888888888882150e-03
2.269444444444437652e-03
2.311111111111104066e-03
2.119444444444437692e-03
2.202777777777770955e-03
2.263888888888882130e-03
2.086111111111104560e-03
2.119444444444438126e-03
2.238888888888881847e-03
2.152777777777771257e-03
2.063888888888882472e-03
2.161111111111104106e-03
2.099999999999993799e-03
2.202777777777770955e-03
2.222222222222215715e-03
2.188888888888882583e-03
2.305555555555548544e-03
2.194444444444438105e-03
2.174999999999993779e-03
2.113888888888882604e-03
2.174999999999993779e-03
2.183333333333327061e-03
2.180555555555548867e-03
2.077777777777771711e-03
2.180555555555548867e-03
2.161111111111104974e-03
2.172222222222216018e-03
2.180555555555549301e-03
2.099999999999993799e-03
2.077777777777771711e-03
2.174999999999993779e-03
2.113888888888882604e-03
2.111111111111104843e-03
2.094444444444438277e-03
2.247222222222215564e-03
2.141666666666660213e-03
2.099999999999993799e-03
2.236111111111104520e-03
2.024999999999994253e-03
2.111111111111104843e-03
1.944444444444438751e-03
2.116666666666660365e-03
2.047222222222216340e-03
1.983333333333326971e-03
1.986111111111105165e-03
2.077777777777771711e-03
2.102777777777771560e-03
1.980555555555549643e-03
2.099999999999993799e-03
2.069444444444438428e-03
2.186111111111104822e-03
2.027777777777772013e-03
2.038888888888883057e-03
1.974999999999993688e-03
2.066666666666660667e-03
2.124999999999993647e-03
2.097222222222216038e-03
2.158333333333327213e-03
2.097222222222216038e-03
2.055555555555549623e-03
2.197222222222215866e-03
2.027777777777772013e-03
1.955555555555549361e-03
1.941666666666660773e-03
2.183333333333327061e-03
2.088888888888882755e-03
2.024999999999994253e-03
2.049999999999993668e-03
1.908333333333327641e-03
2.163888888888882735e-03
2.002777777777771731e-03
2.027777777777772013e-03
1.908333333333327424e-03
1.938888888888882795e-03
1.797222222222216986e-03
1.933333333333327490e-03
1.888888888888883314e-03
2.019444444444438731e-03
1.980555555555549643e-03
2.102777777777771560e-03
2.036111111111105296e-03
1.774999999999994681e-03
1.888888888888883314e-03
2.030555555555549341e-03
1.908333333333327641e-03
1.961111111111104883e-03
1.980555555555549643e-03
1.972222222222216360e-03
1.922222222222216446e-03
1.963888888888883077e-03
1.952777777777772250e-03
2.027777777777771580e-03
1.855555555555549966e-03
1.980555555555549643e-03
1.952777777777772034e-03
1.922222222222216229e-03
1.927777777777771968e-03
1.991666666666660687e-03
1.952777777777772034e-03
1.855555555555549749e-03
1.916666666666661141e-03
1.969444444444438599e-03
1.855555555555549966e-03
1.983333333333327404e-03
1.966666666666660405e-03
1.949999999999994273e-03
1.977777777777771449e-03
1.905555555555549880e-03
1.936111111111105251e-03
1.949999999999994273e-03
1.769444444444439376e-03
1.886111111111105553e-03
1.883333333333327793e-03
1.688888888888884091e-03
1.999999999999993970e-03
1.894444444444438620e-03
1.749999999999994832e-03
1.949999999999994273e-03
2.019444444444438731e-03
1.841666666666661161e-03
1.772222222222216920e-03
1.894444444444438836e-03
1.894444444444438836e-03
1.905555555555549880e-03
1.974999999999994121e-03
1.772222222222217137e-03
1.830555555555549900e-03
1.863888888888883466e-03
1.949999999999994273e-03
1.855555555555549966e-03
1.927777777777771968e-03
1.766666666666661181e-03
1.844444444444438922e-03
1.716666666666661701e-03
1.849999999999994444e-03
1.830555555555550117e-03
1.958333333333327556e-03
1.891666666666661075e-03
1.841666666666660944e-03
1.772222222222217137e-03
1.777777777777772442e-03
1.963888888888883077e-03
1.830555555555550117e-03
1.761111111111105659e-03
1.836111111111105422e-03
1.763888888888883420e-03
1.791666666666661680e-03
1.794444444444439008e-03
1.788888888888883703e-03
1.844444444444438922e-03
1.822222222222216834e-03
1.902777777777772119e-03
1.897222222222216597e-03
1.613888888888884111e-03
1.872222222222216749e-03
1.783333333333328181e-03
1.672222222222217308e-03
1.755555555555550137e-03
1.730555555555550505e-03
1.788888888888883703e-03
1.705555555555550657e-03
1.680555555555550591e-03
1.669444444444439547e-03
1.661111111111106264e-03
1.758333333333327898e-03
1.772222222222217137e-03
1.774999999999994898e-03
1.741666666666661549e-03
1.919444444444438685e-03
1.791666666666661464e-03
1.830555555555550117e-03
1.716666666666661701e-03
1.599999999999995523e-03
1.713888888888883940e-03
1.755555555555550137e-03
1.708333333333328201e-03
1.777777777777772876e-03
1.813888888888883335e-03
1.883333333333327793e-03
1.769444444444438942e-03
1.705555555555550440e-03
1.788888888888883486e-03
1.686111111111106330e-03
1.680555555555550374e-03
1.652777777777772765e-03
1.874999999999994293e-03
1.799999999999994747e-03
1.688888888888883874e-03
1.872222222222216749e-03
1.683333333333328135e-03
1.805555555555550052e-03
1.608333333333328806e-03
1.777777777777772659e-03
1.627777777777772916e-03
1.686111111111106113e-03
1.674999999999995069e-03
1.808333333333328029e-03
1.624999999999995155e-03
1.633333333333328438e-03
1.594444444444439784e-03
1.697222222222217374e-03
1.716666666666661484e-03
1.694444444444439396e-03
1.619444444444439850e-03
1.683333333333328135e-03
1.672222222222217091e-03
1.788888888888883703e-03
1.636111111111106199e-03
1.549999999999995392e-03
1.663888888888884025e-03
1.677777777777772830e-03
1.658333333333328287e-03
1.563888888888884197e-03
1.641666666666661721e-03
1.666666666666661786e-03
1.619444444444439633e-03
1.588888888888884045e-03
1.497222222222217717e-03
1.577777777777773002e-03
1.605555555555550828e-03
1.569444444444439719e-03
1.649999999999995004e-03
1.688888888888883874e-03
1.738888888888883788e-03
1.666666666666661569e-03
1.594444444444439567e-03
1.641666666666661721e-03
1.691666666666662069e-03
1.736111111111106027e-03
1.697222222222217157e-03
1.574999999999995241e-03
1.666666666666661786e-03
1.624999999999995372e-03
1.669444444444439547e-03
1.572222222222217480e-03
1.608333333333328806e-03
1.666666666666661569e-03
1.624999999999995155e-03
1.574999999999995241e-03
1.694444444444439396e-03
1.588888888888884045e-03
1.694444444444439613e-03
1.547222222222217848e-03
1.599999999999995089e-03
1.541666666666662109e-03
1.586111111111106284e-03
1.752777777777772160e-03
1.594444444444439567e-03
1.569444444444439719e-03
1.588888888888884045e-03
1.680555555555550591e-03
1.505555555555551216e-03
1.544444444444440087e-03
1.455555555555551302e-03
1.722222222222217223e-03
1.680555555555550591e-03
1.658333333333328503e-03
1.491666666666662412e-03
1.594444444444439567e-03
1.488888888888884651e-03
1.486111111111106890e-03
1.505555555555551000e-03
1.580555555555550763e-03
1.574999999999995241e-03
1.536111111111106587e-03
1.563888888888884197e-03
1.572222222222217480e-03
1.569444444444439719e-03
1.594444444444439567e-03
1.469444444444440324e-03
1.652777777777772765e-03
1.463888888888884802e-03
1.477777777777773607e-03
1.580555555555550979e-03
1.513888888888884499e-03
