5.388888888888877966e-04
5.861111111111097331e-04
6.027777777777762989e-04
7.055555555555536717e-04
7.861111111111089567e-04
7.166666666666648240e-04
7.527777777777757166e-04
7.833333333333313041e-04
7.638888888888869773e-04
8.305555555555533490e-04
9.083333333333308730e-04
7.999999999999979784e-04
8.388888888888865235e-04
7.583333333333314554e-04
8.583333333333308503e-04
8.361111111111087625e-04
8.388888888888866319e-04
8.222222222222200661e-04
9.027777777777752427e-04
9.333333333333308302e-04
9.916666666666641358e-04
8.805555555555531549e-04
8.944444444444420682e-04
8.777777777777752855e-04
8.972222222222198292e-04
8.805555555555531549e-04
9.222222222222196779e-04
1.024999999999997267e-03
9.249999999999973304e-04
8.888888888888866547e-04
8.722222222222198720e-04
9.555555555555529179e-04
8.666666666666641332e-04
8.861111111111086769e-04
9.166666666666641559e-04
9.305555555555529608e-04
9.111111111111086340e-04
9.527777777777753738e-04
9.527777777777751570e-04
9.833333333333306361e-04
9.472222222222196350e-04
8.527777777777754368e-04
9.333333333333308302e-04
9.472222222222195266e-04
1.027777777777774812e-03
9.555555555555530264e-04
8.833333333333310243e-04
9.805555555555528751e-04
8.666666666666643501e-04
8.999999999999974817e-04
8.972222222222199376e-04
9.055555555555531121e-04
9.888888888888861580e-04
9.944444444444416800e-04
9.499999999999972876e-04
9.055555555555530036e-04
9.388888888888862437e-04
9.555555555555529179e-04
8.999999999999974817e-04
9.833333333333308529e-04
9.555555555555528095e-04
8.666666666666642416e-04
9.305555555555528524e-04
9.805555555555526583e-04
9.527777777777751570e-04
8.749999999999975245e-04
9.361111111111085912e-04
9.861111111111081802e-04
9.111111111111085256e-04
9.527777777777751570e-04
9.972222222222196578e-04
9.166666666666640475e-04
9.388888888888863521e-04
8.499999999999976758e-04
9.805555555555528751e-04
9.277777777777751998e-04
8.638888888888866975e-04
9.027777777777753511e-04
9.583333333333307873e-04
8.749999999999974161e-04
9.388888888888864605e-04
9.722222222222195922e-04
8.416666666666643929e-04
8.694444444444421110e-04
8.333333333333308932e-04
8.472222222222199148e-04
9.083333333333307646e-04
9.416666666666640047e-04
9.416666666666642215e-04
9.277777777777751998e-04
9.583333333333306789e-04
1.002777777777775180e-03
9.055555555555531121e-04
9.333333333333308302e-04
9.555555555555529179e-04
9.111111111111085256e-04
9.444444444444418741e-04
9.055555555555532205e-04
8.499999999999976758e-04
9.333333333333307218e-04
8.777777777777752855e-04
9.111111111111088508e-04
9.611111111111084399e-04
1.033333333333330334e-03
9.611111111111084399e-04
9.166666666666641559e-04
9.138888888888863950e-04
1.058333333333330399e-03
8.833333333333310243e-04
8.861111111111087853e-04
9.444444444444417656e-04
9.666666666666639618e-04
9.361111111111085912e-04
9.416666666666640047e-04
1.019444444444441746e-03
9.611111111111083315e-04
9.805555555555528751e-04
9.222222222222194610e-04
9.249999999999973304e-04
9.861111111111083970e-04
9.222222222222195695e-04
9.333333333333308302e-04
8.694444444444420026e-04
9.611111111111084399e-04
1.027777777777775028e-03
9.583333333333306789e-04
9.361111111111084827e-04
9.861111111111086139e-04
9.305555555555530692e-04
9.777777777777753310e-04
8.999999999999975901e-04
9.666666666666640702e-04
8.916666666666643072e-04
9.638888888888862009e-04
9.111111111111087424e-04
9.027777777777752427e-04
9.666666666666639618e-04
9.083333333333307646e-04
1.019444444444441529e-03
8.972222222222198292e-04
9.166666666666642644e-04
8.749999999999975245e-04
9.305555555555530692e-04
8.638888888888865891e-04
9.722222222222197006e-04
1.011111111111108246e-03
9.305555555555530692e-04
8.694444444444421110e-04
1.002777777777774963e-03
9.416666666666641131e-04
8.972222222222198292e-04
9.138888888888862866e-04
9.416666666666640047e-04
9.749999999999973532e-04
9.749999999999973532e-04
8.444444444444422623e-04
9.166666666666641559e-04
9.249999999999973304e-04
8.749999999999976330e-04
8.972222222222198292e-04
1.019444444444441746e-03
8.166666666666645442e-04
8.999999999999975901e-04
9.111111111111085256e-04
9.888888888888861580e-04
9.611111111111083315e-04
8.999999999999974817e-04
1.013888888888886224e-03
1.008333333333330485e-03
9.611111111111083315e-04
9.861111111111081802e-04
8.944444444444419598e-04
9.416666666666642215e-04
9.916666666666637021e-04
8.916666666666641988e-04
9.138888888888865034e-04
9.138888888888862866e-04
8.222222222222200661e-04
9.444444444444417656e-04
9.055555555555531121e-04
9.027777777777752427e-04
9.555555555555529179e-04
9.666666666666639618e-04
9.416666666666641131e-04
9.277777777777751998e-04
9.277777777777753082e-04
9.749999999999972447e-04
8.416666666666643929e-04
9.027777777777753511e-04
9.555555555555529179e-04
9.055555555555531121e-04
8.638888888888865891e-04
9.944444444444418968e-04
8.527777777777754368e-04
8.694444444444420026e-04
9.277777777777754167e-04
9.638888888888860924e-04
9.916666666666637021e-04
9.055555555555531121e-04
8.972222222222196123e-04
9.749999999999975700e-04
9.583333333333307873e-04
9.472222222222196350e-04
9.277777777777753082e-04
8.944444444444419598e-04
9.833333333333304192e-04
9.972222222222194409e-04
8.916666666666641988e-04
9.361111111111084827e-04
9.222222222222196779e-04
8.944444444444420682e-04
9.083333333333308730e-04
9.527777777777752654e-04
8.999999999999975901e-04
9.611111111111085483e-04
9.222222222222196779e-04
9.694444444444416144e-04
9.749999999999972447e-04
9.249999999999973304e-04
1.038888888888885855e-03
7.833333333333313041e-04
9.166666666666641559e-04
9.027777777777753511e-04
9.638888888888862009e-04
8.833333333333308075e-04
9.555555555555529179e-04
8.472222222222200233e-04
9.444444444444417656e-04
9.527777777777751570e-04
1.022222222222219506e-03
9.888888888888861580e-04
9.388888888888864605e-04
9.083333333333307646e-04
9.861111111111081802e-04
8.749999999999975245e-04
9.194444444444419169e-04
8.805555555555531549e-04
1.041666666666663833e-03
8.527777777777754368e-04
9.666666666666639618e-04
1.030555555555552789e-03
8.916666666666640904e-04
9.194444444444418085e-04
8.888888888888867631e-04
9.666666666666638534e-04
9.305555555555529608e-04
9.499999999999972876e-04
8.666666666666643501e-04
9.277777777777753082e-04
9.305555555555530692e-04
9.277777777777751998e-04
8.638888888888865891e-04
9.444444444444419825e-04
9.194444444444419169e-04
1.016666666666663985e-03
8.972222222222198292e-04
9.638888888888860924e-04
9.444444444444418741e-04
8.999999999999975901e-04
8.722222222222198720e-04
9.722222222222197006e-04
9.666666666666639618e-04
9.333333333333307218e-04
1.005555555555552941e-03
9.583333333333307873e-04
8.749999999999975245e-04
9.388888888888862437e-04
9.333333333333307218e-04
9.055555555555530036e-04
8.277777777777754796e-04
8.527777777777753284e-04
9.638888888888862009e-04
9.694444444444416144e-04
9.499999999999972876e-04
9.444444444444419825e-04
9.638888888888862009e-04
9.111111111111087424e-04
8.916666666666644156e-04
9.611111111111085483e-04
8.999999999999973733e-04
9.111111111111087424e-04
1.024999999999997267e-03
9.972222222222196578e-04
1.011111111111108463e-03
9.194444444444418085e-04
9.111111111111086340e-04
9.249999999999976557e-04
8.888888888888865462e-04
8.972222222222200460e-04
9.444444444444419825e-04
9.749999999999972447e-04
9.527777777777750486e-04
9.305555555555532861e-04
8.722222222222198720e-04
8.694444444444420026e-04
8.722222222222197636e-04
9.527777777777752654e-04
9.749999999999973532e-04
9.694444444444416144e-04
9.833333333333304192e-04
9.249999999999974389e-04
1.002777777777775180e-03
9.499999999999972876e-04
8.888888888888864378e-04
9.666666666666638534e-04
9.138888888888862866e-04
8.861111111111087853e-04
9.444444444444419825e-04
8.916666666666643072e-04
8.305555555555533490e-04
9.444444444444417656e-04
8.749999999999977414e-04
9.305555555555529608e-04
9.416666666666640047e-04
1.002777777777775180e-03
9.083333333333309815e-04
9.388888888888863521e-04
9.027777777777751343e-04
9.472222222222195266e-04
8.944444444444420682e-04
8.805555555555531549e-04
9.222222222222196779e-04
8.999999999999973733e-04
9.611111111111083315e-04
1.005555555555552941e-03
9.416666666666638963e-04
9.416666666666640047e-04
8.944444444444421766e-04
9.416666666666640047e-04
9.972222222222196578e-04
9.777777777777748973e-04
8.527777777777754368e-04
1.011111111111108463e-03
8.472222222222199148e-04
9.194444444444418085e-04
9.388888888888862437e-04
1.002777777777775180e-03
9.138888888888863950e-04
8.749999999999975245e-04
9.444444444444417656e-04
8.944444444444418513e-04
8.722222222222198720e-04
9.444444444444419825e-04
9.472222222222196350e-04
9.944444444444416800e-04
9.138888888888863950e-04
1.011111111111108463e-03
9.861111111111083970e-04
8.194444444444421967e-04
9.111111111111087424e-04
8.944444444444420682e-04
9.611111111111083315e-04
9.999999999999974187e-04
8.805555555555530465e-04
8.472222222222200233e-04
8.749999999999976330e-04
9.277777777777754167e-04
8.916666666666641988e-04
8.944444444444420682e-04
9.611111111111083315e-04
9.638888888888862009e-04
9.527777777777750486e-04
9.111111111111086340e-04
9.388888888888865690e-04
9.027777777777751343e-04
9.222222222222196779e-04
8.777777777777752855e-04
9.888888888888859412e-04
9.666666666666639618e-04
9.222222222222195695e-04
9.611111111111083315e-04
9.027777777777752427e-04
9.305555555555529608e-04
8.861111111111087853e-04
8.944444444444419598e-04
9.305555555555530692e-04
9.249999999999974389e-04
1.024999999999997267e-03
9.166666666666641559e-04
8.694444444444421110e-04
9.638888888888860924e-04
9.138888888888865034e-04
9.222222222222197863e-04
9.333333333333307218e-04
9.333333333333307218e-04
9.361111111111085912e-04
8.722222222222198720e-04
9.333333333333307218e-04
8.749999999999975245e-04
9.472222222222195266e-04
9.222222222222195695e-04
9.777777777777748973e-04
8.888888888888864378e-04
9.888888888888863749e-04
8.388888888888865235e-04
9.722222222222197006e-04
8.666666666666643501e-04
9.111111111111086340e-04
9.722222222222197006e-04
9.166666666666640475e-04
9.472222222222196350e-04
9.055555555555530036e-04
8.305555555555533490e-04
9.944444444444416800e-04
8.333333333333311100e-04
9.527777777777751570e-04
9.361111111111086996e-04
9.694444444444416144e-04
9.472222222222195266e-04
9.916666666666639190e-04
9.138888888888863950e-04
9.083333333333307646e-04
9.666666666666637450e-04
9.583333333333305705e-04
9.194444444444419169e-04
9.861111111111083970e-04
9.805555555555530919e-04
9.499999999999973960e-04
9.055555555555532205e-04
9.361111111111085912e-04
1.036111111111108311e-03
9.777777777777748973e-04
9.249999999999974389e-04
8.833333333333308075e-04
9.305555555555529608e-04
8.194444444444425220e-04
9.222222222222196779e-04
9.583333333333306789e-04
9.666666666666639618e-04
8.166666666666646526e-04
9.666666666666640702e-04
9.027777777777751343e-04
1.052777777777774877e-03
9.111111111111086340e-04
9.388888888888863521e-04
9.694444444444418312e-04
9.416666666666640047e-04
9.555555555555529179e-04
8.305555555555532406e-04
9.333333333333308302e-04
9.083333333333307646e-04
9.333333333333307218e-04
9.583333333333306789e-04
9.638888888888863093e-04
9.277777777777753082e-04
8.694444444444418942e-04
9.249999999999974389e-04
8.999999999999975901e-04
8.472222222222199148e-04
9.277777777777751998e-04
8.861111111111087853e-04
9.333333333333309386e-04
8.499999999999976758e-04
8.777777777777752855e-04
1.047222222222219355e-03
8.055555555555535003e-04
9.138888888888862866e-04
9.277777777777751998e-04
9.694444444444416144e-04
9.694444444444418312e-04
9.055555555555531121e-04
9.277777777777754167e-04
8.999999999999975901e-04
9.305555555555530692e-04
8.666666666666642416e-04
8.666666666666643501e-04
9.583333333333305705e-04
8.777777777777755024e-04
8.833333333333310243e-04
9.555555555555528095e-04
9.583333333333305705e-04
8.805555555555532633e-04
1.030555555555552573e-03
9.222222222222194610e-04
9.444444444444418741e-04
9.805555555555526583e-04
9.111111111111087424e-04
8.999999999999974817e-04
9.166666666666640475e-04
8.777777777777752855e-04
1.011111111111108463e-03
8.694444444444420026e-04
9.222222222222195695e-04
9.166666666666641559e-04
9.999999999999972019e-04
8.916666666666643072e-04
8.611111111111088281e-04
9.249999999999973304e-04
8.833333333333308075e-04
9.472222222222195266e-04
8.999999999999975901e-04
8.972222222222198292e-04
1.013888888888886224e-03
9.277777777777754167e-04
9.861111111111081802e-04
8.999999999999976985e-04
8.749999999999975245e-04
9.833333333333306361e-04
9.388888888888862437e-04
9.194444444444420253e-04
9.305555555555529608e-04
9.555555555555529179e-04
9.194444444444418085e-04
9.388888888888864605e-04
9.277777777777753082e-04
9.333333333333307218e-04
1.011111111111108246e-03
9.999999999999972019e-04
9.333333333333307218e-04
8.583333333333308503e-04
8.249999999999978271e-04
8.888888888888865462e-04
9.277777777777753082e-04
8.611111111111088281e-04
8.527777777777755452e-04
9.611111111111085483e-04
1.002777777777775180e-03
9.499999999999972876e-04
8.861111111111086769e-04
9.361111111111088080e-04
9.027777777777752427e-04
1.002777777777775180e-03
9.499999999999973960e-04
9.277777777777753082e-04
9.972222222222194409e-04
9.499999999999973960e-04
1.027777777777775028e-03
9.194444444444418085e-04
9.555555555555529179e-04
9.194444444444419169e-04
9.222222222222194610e-04
9.527777777777750486e-04
8.833333333333306990e-04
8.972222222222197207e-04
9.194444444444418085e-04
8.944444444444419598e-04
9.472222222222198519e-04
9.722222222222195922e-04
9.694444444444416144e-04
9.055555555555530036e-04
8.027777777777757393e-04
9.805555555555528751e-04
9.722222222222195922e-04
8.722222222222198720e-04
9.472222222222196350e-04
8.444444444444422623e-04
8.666666666666643501e-04
9.249999999999976557e-04
9.333333333333306133e-04
9.111111111111086340e-04
9.305555555555530692e-04
8.861111111111087853e-04
8.527777777777754368e-04
8.749999999999976330e-04
9.527777777777750486e-04
9.833333333333306361e-04
9.138888888888862866e-04
9.583333333333306789e-04
9.694444444444416144e-04
9.111111111111087424e-04
9.138888888888862866e-04
9.111111111111085256e-04
8.555555555555533062e-04
8.555555555555533062e-04
8.999999999999975901e-04
9.944444444444416800e-04
1.022222222222219506e-03
9.944444444444416800e-04
8.611111111111087197e-04
8.999999999999975901e-04
8.944444444444419598e-04
9.083333333333309815e-04
9.555555555555528095e-04
9.083333333333309815e-04
8.944444444444419598e-04
9.305555555555529608e-04
9.305555555555530692e-04
9.194444444444418085e-04
9.388888888888861353e-04
9.499999999999972876e-04
9.444444444444418741e-04
8.749999999999976330e-04
9.722222222222194838e-04
9.277777777777751998e-04
1.047222222222219355e-03
8.749999999999976330e-04
9.472222222222195266e-04
9.972222222222196578e-04
8.944444444444420682e-04
9.527777777777751570e-04
9.861111111111083970e-04
8.944444444444419598e-04
9.194444444444419169e-04
9.166666666666641559e-04
9.499999999999972876e-04
8.749999999999976330e-04
8.472222222222200233e-04
9.388888888888863521e-04
9.277777777777753082e-04
9.583333333333307873e-04
8.972222222222198292e-04
1.016666666666663985e-03
9.333333333333308302e-04
8.972222222222197207e-04
9.444444444444419825e-04
9.222222222222195695e-04
9.388888888888863521e-04
9.499999999999972876e-04
1.011111111111108463e-03
9.583333333333308958e-04
9.249999999999973304e-04
8.749999999999975245e-04
9.222222222222197863e-04
9.111111111111086340e-04
9.277777777777751998e-04
9.222222222222195695e-04
9.861111111111083970e-04
8.972222222222198292e-04
9.166666666666641559e-04
9.583333333333305705e-04
8.722222222222198720e-04
9.805555555555528751e-04
1.041666666666663833e-03
8.805555555555531549e-04
9.361111111111085912e-04
9.083333333333307646e-04
1.005555555555552941e-03
1.013888888888886224e-03
8.833333333333311327e-04
1.005555555555552941e-03
8.916666666666644156e-04
8.833333333333308075e-04
9.222222222222195695e-04
8.999999999999974817e-04
9.361111111111085912e-04
9.111111111111087424e-04
9.472222222222194182e-04
1.011111111111108246e-03
8.749999999999975245e-04
1.022222222222219290e-03
9.722222222222194838e-04
9.083333333333309815e-04
9.833333333333306361e-04
8.694444444444421110e-04
8.555555555555534146e-04
9.416666666666641131e-04
8.777777777777753939e-04
9.583333333333305705e-04
9.888888888888861580e-04
8.972222222222197207e-04
8.944444444444421766e-04
9.777777777777748973e-04
9.722222222222195922e-04
9.388888888888864605e-04
9.194444444444418085e-04
1.019444444444441529e-03
8.555555555555533062e-04
9.055555555555530036e-04
9.222222222222195695e-04
8.388888888888865235e-04
1.005555555555552941e-03
9.499999999999972876e-04
9.138888888888863950e-04
9.888888888888861580e-04
9.277777777777753082e-04
9.694444444444418312e-04
9.694444444444416144e-04
9.472222222222195266e-04
9.472222222222195266e-04
8.722222222222197636e-04
9.722222222222194838e-04
9.999999999999972019e-04
9.749999999999972447e-04
9.027777777777753511e-04
1.063888888888885704e-03
8.777777777777753939e-04
8.888888888888864378e-04
8.527777777777755452e-04
9.638888888888862009e-04
9.194444444444420253e-04
9.277777777777753082e-04
8.444444444444421539e-04
9.861111111111081802e-04
9.055555555555530036e-04
9.999999999999972019e-04
9.305555555555531776e-04
8.916666666666641988e-04
8.666666666666643501e-04
9.888888888888859412e-04
9.749999999999974616e-04
9.666666666666639618e-04
8.972222222222199376e-04
8.916666666666643072e-04
9.527777777777750486e-04
9.166666666666642644e-04
8.972222222222197207e-04
8.638888888888866975e-04
9.555555555555528095e-04
9.638888888888864177e-04
9.638888888888860924e-04
9.555555555555529179e-04
9.194444444444418085e-04
9.499999999999973960e-04
9.722222222222194838e-04
9.999999999999974187e-04
9.055555555555531121e-04
9.138888888888863950e-04
9.555555555555529179e-04
9.611111111111085483e-04
8.527777777777754368e-04
9.388888888888863521e-04
9.888888888888861580e-04
9.333333333333308302e-04
9.777777777777751141e-04
9.444444444444419825e-04
9.749999999999973532e-04
9.805555555555528751e-04
8.305555555555532406e-04
9.111111111111086340e-04
9.222222222222195695e-04
8.333333333333311100e-04
8.777777777777753939e-04
9.916666666666637021e-04
9.888888888888861580e-04
9.083333333333309815e-04
8.833333333333310243e-04
9.888888888888861580e-04
8.472222222222200233e-04
9.777777777777751141e-04
8.527777777777754368e-04
9.527777777777751570e-04
9.333333333333307218e-04
9.583333333333306789e-04
9.277777777777753082e-04
9.722222222222194838e-04
9.361111111111085912e-04
9.999999999999972019e-04
1.016666666666663985e-03
9.305555555555530692e-04
9.388888888888863521e-04
9.611111111111083315e-04
1.088888888888885987e-03
9.944444444444418968e-04
9.555555555555530264e-04
8.138888888888867832e-04
9.333333333333308302e-04
9.138888888888862866e-04
9.361111111111085912e-04
8.722222222222197636e-04
8.861111111111087853e-04
1.002777777777775180e-03
9.749999999999973532e-04
9.333333333333307218e-04
9.388888888888862437e-04
8.805555555555530465e-04
9.555555555555529179e-04
8.638888888888864807e-04
9.194444444444419169e-04
9.361111111111084827e-04
9.222222222222195695e-04
9.249999999999973304e-04
8.944444444444419598e-04
9.166666666666641559e-04
8.527777777777753284e-04
9.361111111111085912e-04
9.333333333333308302e-04
9.833333333333306361e-04
8.583333333333310671e-04
9.305555555555530692e-04
9.138888888888863950e-04
9.638888888888862009e-04
9.527777777777751570e-04
9.749999999999973532e-04
8.777777777777753939e-04
8.777777777777753939e-04
9.861111111111083970e-04
8.888888888888864378e-04
9.111111111111085256e-04
9.638888888888860924e-04
1.005555555555552941e-03
1.033333333333330334e-03
9.916666666666641358e-04
8.888888888888864378e-04
1.049999999999997116e-03
9.166666666666642644e-04
8.749999999999976330e-04
9.166666666666640475e-04
8.277777777777754796e-04
9.444444444444417656e-04
8.749999999999976330e-04
8.638888888888866975e-04
1.016666666666663768e-03
9.305555555555530692e-04
8.916666666666641988e-04
8.611111111111087197e-04
9.138888888888862866e-04
8.861111111111086769e-04
9.833333333333306361e-04
9.722222222222195922e-04
9.166666666666640475e-04
9.861111111111083970e-04
9.166666666666641559e-04
9.361111111111086996e-04
9.444444444444417656e-04
8.777777777777755024e-04
9.194444444444419169e-04
8.555555555555533062e-04
8.499999999999976758e-04
1.022222222222219290e-03
9.861111111111081802e-04
9.694444444444418312e-04
8.777777777777753939e-04
9.638888888888862009e-04
9.249999999999974389e-04
9.333333333333307218e-04
9.722222222222194838e-04
9.222222222222196779e-04
9.916666666666641358e-04
9.583333333333305705e-04
9.138888888888863950e-04
8.138888888888867832e-04
9.444444444444418741e-04
8.638888888888864807e-04
9.305555555555531776e-04
8.833333333333310243e-04
9.083333333333308730e-04
9.527777777777751570e-04
8.444444444444421539e-04
9.499999999999973960e-04
9.138888888888862866e-04
9.249999999999974389e-04
1.005555555555552941e-03
8.666666666666644585e-04
9.999999999999972019e-04
9.611111111111084399e-04
9.805555555555528751e-04
9.499999999999973960e-04
8.555555555555531978e-04
1.002777777777774963e-03
9.111111111111086340e-04
9.999999999999972019e-04
9.444444444444418741e-04
9.361111111111085912e-04
8.277777777777754796e-04
8.833333333333308075e-04
8.777777777777752855e-04
9.416666666666640047e-04
8.638888888888865891e-04
8.749999999999976330e-04
9.388888888888862437e-04
9.305555555555529608e-04
1.005555555555552724e-03
9.083333333333309815e-04
9.999999999999969851e-04
9.666666666666639618e-04
9.111111111111085256e-04
9.138888888888862866e-04
9.277777777777753082e-04
9.527777777777751570e-04
9.277777777777754167e-04
8.805555555555531549e-04
8.944444444444420682e-04
8.999999999999974817e-04
9.444444444444417656e-04
9.333333333333306133e-04
9.138888888888863950e-04
9.722222222222198090e-04
9.083333333333307646e-04
9.472222222222197435e-04
9.527777777777751570e-04
8.388888888888865235e-04
9.583333333333305705e-04
9.249999999999973304e-04
8.999999999999975901e-04
9.249999999999974389e-04
9.361111111111083743e-04
8.861111111111087853e-04
9.388888888888863521e-04
8.388888888888866319e-04
9.222222222222196779e-04
9.361111111111085912e-04
9.777777777777748973e-04
9.194444444444419169e-04
8.749999999999975245e-04
9.611111111111083315e-04
1.033333333333330550e-03
9.444444444444418741e-04
9.194444444444418085e-04
8.805555555555531549e-04
8.805555555555531549e-04
9.916666666666639190e-04
9.388888888888862437e-04
9.083333333333307646e-04
9.555555555555528095e-04
9.777777777777748973e-04
9.833333333333304192e-04
9.805555555555528751e-04
8.499999999999976758e-04
9.583333333333305705e-04
9.027777777777752427e-04
9.583333333333305705e-04
9.361111111111085912e-04
9.583333333333306789e-04
9.222222222222195695e-04
8.249999999999978271e-04
9.972222222222194409e-04
9.361111111111084827e-04
1.011111111111108463e-03
9.249999999999976557e-04
9.333333333333307218e-04
8.833333333333310243e-04
8.583333333333310671e-04
8.777777777777753939e-04
8.777777777777753939e-04
8.972222222222197207e-04
9.499999999999972876e-04
9.638888888888863093e-04
9.555555555555529179e-04
9.888888888888861580e-04
9.916666666666639190e-04
9.249999999999973304e-04
8.472222222222199148e-04
8.999999999999975901e-04
9.527777777777751570e-04
1.024999999999997267e-03
8.249999999999978271e-04
9.333333333333309386e-04
9.944444444444416800e-04
8.722222222222199804e-04
9.416666666666641131e-04
9.333333333333308302e-04
9.749999999999973532e-04
9.805555555555528751e-04
8.111111111111090222e-04
9.361111111111085912e-04
9.249999999999973304e-04
1.088888888888885987e-03
9.749999999999973532e-04
8.027777777777758477e-04
8.166666666666644358e-04
1.022222222222219506e-03
8.361111111111087625e-04
8.861111111111087853e-04
8.694444444444421110e-04
9.583333333333305705e-04
7.916666666666644786e-04
8.583333333333309587e-04
8.805555555555531549e-04
9.499999999999973960e-04
9.916666666666637021e-04
8.333333333333308932e-04
8.805555555555531549e-04
9.805555555555528751e-04
9.777777777777748973e-04
9.277777777777754167e-04
9.055555555555531121e-04
8.805555555555530465e-04
9.444444444444417656e-04
9.805555555555526583e-04
9.666666666666638534e-04
9.611111111111084399e-04
9.527777777777750486e-04
8.833333333333310243e-04
9.194444444444418085e-04
8.805555555555530465e-04
9.611111111111084399e-04
8.805555555555531549e-04
9.444444444444417656e-04
9.111111111111085256e-04
8.333333333333311100e-04
1.008333333333330702e-03
9.611111111111084399e-04
8.694444444444420026e-04
1.049999999999997116e-03
8.555555555555531978e-04
9.194444444444419169e-04
8.305555555555533490e-04
9.666666666666638534e-04
8.944444444444421766e-04
9.249999999999973304e-04
9.555555555555529179e-04
9.555555555555528095e-04
8.444444444444422623e-04
9.138888888888865034e-04
9.055555555555531121e-04
9.833333333333306361e-04
9.277777777777753082e-04
8.916666666666644156e-04
1.041666666666663616e-03
8.972222222222198292e-04
1.024999999999997051e-03
9.611111111111083315e-04
9.444444444444418741e-04
9.027777777777753511e-04
9.583333333333305705e-04
8.972222222222197207e-04
9.638888888888859840e-04
9.611111111111083315e-04
9.777777777777748973e-04
9.722222222222197006e-04
1.022222222222219506e-03
1.105555555555552552e-03
1.194444444444441120e-03
1.372222222222218256e-03
1.444444444444440258e-03
1.633333333333328438e-03
1.822222222222216834e-03
1.891666666666660859e-03
1.880555555555550032e-03
1.983333333333327404e-03
2.105555555555548887e-03
2.094444444444438277e-03
2.088888888888882755e-03
2.177777777777771540e-03
2.308333333333326305e-03
2.091666666666660516e-03
2.238888888888882281e-03
2.136111111111104691e-03
2.366666666666659719e-03
2.327777777777770632e-03
2.280555555555548695e-03
2.297222222222215261e-03
2.347222222222215392e-03
2.405555555555548373e-03
2.508333333333325962e-03
2.399999999999992851e-03
2.524999999999992528e-03
2.469444444444436875e-03
2.466666666666659114e-03
2.574999999999992226e-03
2.255555555555548847e-03
2.424999999999992700e-03
2.344444444444437631e-03
2.563888888888881182e-03
2.494444444444436724e-03
2.469444444444436875e-03
2.402777777777770612e-03
2.302777777777770783e-03
2.505555555555548201e-03
2.433333333333325983e-03
2.613888888888880879e-03
2.355555555555548675e-03
2.586111111111103270e-03
2.422222222222214939e-03
2.561111111111103421e-03
2.536111111111103572e-03
2.536111111111103572e-03
2.488888888888880768e-03
2.558333333333325660e-03
2.399999999999992851e-03
2.355555555555548675e-03
2.405555555555548373e-03
2.555555555555547899e-03
2.369444444444437480e-03
2.524999999999992528e-03
2.455555555555548070e-03
2.538888888888881333e-03
2.433333333333325983e-03
2.402777777777770612e-03
2.366666666666659719e-03
2.227777777777771237e-03
2.455555555555548070e-03
2.419444444444437178e-03
2.463888888888881353e-03
2.494444444444436724e-03
2.383333333333326285e-03
2.391666666666659568e-03
2.366666666666659719e-03
2.394444444444437329e-03
2.336111111111104349e-03
2.374999999999993002e-03
2.419444444444437178e-03
2.447222222222214787e-03
2.363888888888881958e-03
2.333333333333326588e-03
2.366666666666659719e-03
2.522222222222214334e-03
2.349999999999993153e-03
2.286111111111104217e-03
2.466666666666659114e-03
2.216666666666660193e-03
2.424999999999992700e-03
2.349999999999993153e-03
2.302777777777770783e-03
2.477777777777770158e-03
2.277777777777770934e-03
2.388888888888881807e-03
2.461111111111103592e-03
2.358333333333326436e-03
2.347222222222215392e-03
2.308333333333326739e-03
2.463888888888881353e-03
2.313888888888881827e-03
2.299999999999993022e-03
2.277777777777770934e-03
2.336111111111104349e-03
2.252777777777771086e-03
2.258333333333326608e-03
2.280555555555548695e-03
2.333333333333326588e-03
2.363888888888881958e-03
2.208333333333326910e-03
2.224999999999993476e-03
2.313888888888881827e-03
2.349999999999993153e-03
2.205555555555549149e-03
2.330555555555548393e-03
2.230555555555548998e-03
2.272222222222215413e-03
2.227777777777771237e-03
2.133333333333326930e-03
2.313888888888881827e-03
2.316666666666659588e-03
2.174999999999993779e-03
2.358333333333326436e-03
2.166666666666660496e-03
2.330555555555548393e-03
2.261111111111104369e-03
2.261111111111104369e-03
2.188888888888882583e-03
2.133333333333326930e-03
2.205555555555549149e-03
2.302777777777770783e-03
2.188888888888882150e-03
2.163888888888882735e-03
2.122222222222215886e-03
2.197222222222215866e-03
2.166666666666660496e-03
2.205555555555549149e-03
2.102777777777771560e-03
2.258333333333326608e-03
2.255555555555548847e-03
2.266666666666659891e-03
2.116666666666660365e-03
2.230555555555548998e-03
2.266666666666659891e-03
2.174999999999993779e-03
2.174999999999993345e-03
2.130555555555549169e-03
2.155555555555549018e-03
2.297222222222215261e-03
2.205555555555549149e-03
2.186111111111104822e-03
2.172222222222216018e-03
2.108333333333327082e-03
2.224999999999993476e-03
2.058333333333327384e-03
2.077777777777771277e-03
1.999999999999993970e-03
2.069444444444438428e-03
2.136111111111104691e-03
2.202777777777771388e-03
2.219444444444437954e-03
2.155555555555549018e-03
2.163888888888882735e-03
2.058333333333327384e-03
2.141666666666660213e-03
2.236111111111104520e-03
2.219444444444437954e-03
2.216666666666660193e-03
2.133333333333326930e-03
2.127777777777771408e-03
2.108333333333326648e-03
2.241666666666659608e-03
1.986111111111104732e-03
2.224999999999993042e-03
2.024999999999994253e-03
2.016666666666660970e-03
2.194444444444438105e-03
2.136111111111104691e-03
2.063888888888882472e-03
2.097222222222216038e-03
2.044444444444438146e-03
2.091666666666660516e-03
2.019444444444438731e-03
2.111111111111104409e-03
2.111111111111104843e-03
2.211111111111104671e-03
2.011111111111105448e-03
2.061111111111105145e-03
2.166666666666660496e-03
1.933333333333327273e-03
2.074999999999993950e-03
2.041666666666660385e-03
2.033333333333327535e-03
2.099999999999993799e-03
1.930555555555549946e-03
2.013888888888883209e-03
1.997222222222216209e-03
1.994444444444438448e-03
2.197222222222215866e-03
2.161111111111104974e-03
2.063888888888882906e-03
1.997222222222216209e-03
1.983333333333327404e-03
1.966666666666660838e-03
2.091666666666660516e-03
2.016666666666660970e-03
1.961111111111105317e-03
2.099999999999993799e-03
1.891666666666661075e-03
2.038888888888883057e-03
1.955555555555549795e-03
2.094444444444438277e-03
2.108333333333327082e-03
1.844444444444438705e-03
2.008333333333327687e-03
2.013888888888883209e-03
1.941666666666660773e-03
1.880555555555549815e-03
1.980555555555549643e-03
2.083333333333327233e-03
1.949999999999994273e-03
1.911111111111105402e-03
1.930555555555549512e-03
1.997222222222216209e-03
1.911111111111105185e-03
1.886111111111105553e-03
2.094444444444437843e-03
2.024999999999993819e-03
1.891666666666660859e-03
1.966666666666660405e-03
2.033333333333327535e-03
1.955555555555549795e-03
1.941666666666661207e-03
2.008333333333327687e-03
1.874999999999994510e-03
1.872222222222216749e-03
1.936111111111105034e-03
2.033333333333327535e-03
1.902777777777772119e-03
1.822222222222216834e-03
1.955555555555549795e-03
1.927777777777771968e-03
1.897222222222216597e-03
1.905555555555549880e-03
1.919444444444438685e-03
1.797222222222216769e-03
1.877777777777772271e-03
1.988888888888882926e-03
1.908333333333327641e-03
1.852777777777771988e-03
1.908333333333327641e-03
1.972222222222215927e-03
1.974999999999994121e-03
1.783333333333328181e-03
2.033333333333327535e-03
1.863888888888883683e-03
1.911111111111105185e-03
1.936111111111105251e-03
1.952777777777772034e-03
1.902777777777772119e-03
1.799999999999994747e-03
1.833333333333327661e-03
1.952777777777772034e-03
1.766666666666661398e-03
1.788888888888883486e-03
1.758333333333327681e-03
1.894444444444438836e-03
1.669444444444439330e-03
1.927777777777771751e-03
1.849999999999994227e-03
1.866666666666661227e-03
1.894444444444438620e-03
1.880555555555550032e-03
1.783333333333327964e-03
1.786111111111105725e-03
1.919444444444438685e-03
1.922222222222216446e-03
1.933333333333327490e-03
1.752777777777772376e-03
1.938888888888883012e-03
1.744444444444439093e-03
1.808333333333327813e-03
1.874999999999994510e-03
1.886111111111105553e-03
1.758333333333327898e-03
1.744444444444439093e-03
1.727777777777772961e-03
1.730555555555550289e-03
1.849999999999994444e-03
1.738888888888883788e-03
1.761111111111105659e-03
1.847222222222216683e-03
1.727777777777772528e-03
1.699999999999995135e-03
1.841666666666661161e-03
1.883333333333328009e-03
1.774999999999994681e-03
1.802777777777772724e-03
1.630555555555550677e-03
1.808333333333328029e-03
1.905555555555549880e-03
1.766666666666661181e-03
1.822222222222216834e-03
1.766666666666661398e-03
1.749999999999994399e-03
1.749999999999994615e-03
1.699999999999994918e-03
1.716666666666661484e-03
1.591666666666662023e-03
1.794444444444439441e-03
1.783333333333327964e-03
1.699999999999994918e-03
1.666666666666661569e-03
1.672222222222217091e-03
1.849999999999994444e-03
1.936111111111105251e-03
1.638888888888884177e-03
1.747222222222216854e-03
1.686111111111106330e-03
1.638888888888883960e-03
1.738888888888883788e-03
1.822222222222216617e-03
1.730555555555550505e-03
1.716666666666661484e-03
1.755555555555550354e-03
1.688888888888884091e-03
1.752777777777772376e-03
1.719444444444439245e-03
1.708333333333328418e-03
1.833333333333327661e-03
1.661111111111106048e-03
1.811111111111105357e-03
1.736111111111105811e-03
1.786111111111105942e-03
1.591666666666661806e-03
1.638888888888884177e-03
1.724999999999994984e-03
1.677777777777772613e-03
1.633333333333328438e-03
1.772222222222216920e-03
1.666666666666661569e-03
1.641666666666661721e-03
1.858333333333327944e-03
1.752777777777772593e-03
1.716666666666661701e-03
1.691666666666661635e-03
1.727777777777772528e-03
1.722222222222217006e-03
1.752777777777772376e-03
1.755555555555550354e-03
1.680555555555550374e-03
1.597222222222217328e-03
1.649999999999995220e-03
1.605555555555550828e-03
1.616666666666661872e-03
1.694444444444439396e-03
1.583333333333328524e-03
1.627777777777773133e-03
1.674999999999994852e-03
1.558333333333328675e-03
1.522222222222217782e-03
1.552777777777773370e-03
1.566666666666662175e-03
1.580555555555550763e-03
1.708333333333328418e-03
1.655555555555550742e-03
1.672222222222217091e-03
1.713888888888883723e-03
1.805555555555550269e-03
1.591666666666662023e-03
1.711111111111106179e-03
1.711111111111105962e-03
1.563888888888884414e-03
1.552777777777773153e-03
1.494444444444440172e-03
1.688888888888883874e-03
1.672222222222217308e-03
1.658333333333328503e-03
1.577777777777773218e-03
1.644444444444439482e-03
1.666666666666661569e-03
1.738888888888883572e-03
1.705555555555550657e-03
1.569444444444439936e-03
1.669444444444439547e-03
1.594444444444439567e-03
1.538888888888884565e-03
1.649999999999995220e-03
1.663888888888884025e-03
1.669444444444439330e-03
1.605555555555550828e-03
1.477777777777773607e-03
1.591666666666661806e-03
1.527777777777773304e-03
1.516666666666662260e-03
1.491666666666662412e-03
1.552777777777773370e-03
1.661111111111106048e-03
1.649999999999995220e-03
1.611111111111106567e-03
1.613888888888884111e-03
1.680555555555550591e-03
1.649999999999995004e-03
1.605555555555551045e-03
1.572222222222217480e-03
1.602777777777773067e-03
1.563888888888884414e-03
1.572222222222217696e-03
1.605555555555550828e-03
1.477777777777773390e-03
1.533333333333328826e-03
1.483333333333329129e-03
1.555555555555551348e-03
1.547222222222217848e-03
1.524999999999995760e-03
1.577777777777773002e-03
1.488888888888884434e-03
1.574999999999995241e-03
1.583333333333328524e-03
1.452777777777773541e-03
1.369444444444440495e-03
1.569444444444439936e-03
1.549999999999995392e-03
1.449999999999995997e-03
1.538888888888884348e-03
1.583333333333328740e-03
1.530555555555551065e-03
1.636111111111106416e-03
1.536111111111106587e-03
1.555555555555550914e-03
1.638888888888884177e-03
1.613888888888884111e-03
1.580555555555550979e-03
1.544444444444440087e-03
1.505555555555551216e-03
1.561111111111106436e-03
1.619444444444439633e-03
1.611111111111106567e-03
1.458333333333329063e-03
1.536111111111106804e-03
1.586111111111106284e-03
1.480555555555551151e-03
1.469444444444440107e-03
1.538888888888884565e-03
1.472222222222217868e-03
1.672222222222217091e-03
1.697222222222217374e-03
1.474999999999995629e-03
1.683333333333328135e-03
1.594444444444439784e-03
1.597222222222217328e-03
1.611111111111106567e-03
1.591666666666662023e-03
1.699999999999995135e-03
1.455555555555551302e-03
1.444444444444440475e-03
1.461111111111106824e-03
1.408333333333329149e-03
1.449999999999995780e-03
1.472222222222217868e-03
1.508333333333328760e-03
1.508333333333328760e-03
1.469444444444440107e-03
1.386111111111107278e-03
1.433333333333329214e-03
1.433333333333329214e-03
1.519444444444440238e-03
1.574999999999995241e-03
1.577777777777773002e-03
1.461111111111106824e-03
1.549999999999995609e-03
1.516666666666662477e-03
1.630555555555550677e-03
1.566666666666661958e-03
1.427777777777773909e-03
1.399999999999995866e-03
1.399999999999995866e-03
1.413888888888884671e-03
1.433333333333329214e-03
1.441666666666662714e-03
1.441666666666662497e-03
1.452777777777773541e-03
1.466666666666662563e-03
1.394444444444440344e-03
1.519444444444440021e-03
1.555555555555550914e-03
1.444444444444440258e-03
1.449999999999995780e-03
1.486111111111106890e-03
1.449999999999995780e-03
1.472222222222217868e-03
1.488888888888884651e-03
1.436111111111107192e-03
1.430555555555551670e-03
1.447222222222218019e-03
1.538888888888884565e-03
1.586111111111106284e-03
1.474999999999995629e-03
1.488888888888884434e-03
1.449999999999995780e-03
1.566666666666661958e-03
1.427777777777773692e-03
1.538888888888884565e-03
1.449999999999995780e-03
1.516666666666662260e-03
1.380555555555551539e-03
1.483333333333329129e-03
1.522222222222217782e-03
