5.503676470588218447e-04
6.426470588235273090e-04
6.580882352941154955e-04
6.606617647058802114e-04
6.602941176470566650e-04
6.849264705882330759e-04
7.209558823529389890e-04
7.713235294117623412e-04
7.518382352941151451e-04
7.477941176470564609e-04
7.764705882352916644e-04
8.319852941176444482e-04
8.183823529411738849e-04
8.654411764705855371e-04
8.845588235294089699e-04
9.011029411764676870e-04
9.036764705882324028e-04
9.327205882352911526e-04
9.555147058823498319e-04
9.871323529411731891e-04
9.768382352941145427e-04
1.000735294117643861e-03
9.746323529411733732e-04
1.036029411764704308e-03
1.018749999999997739e-03
1.054411764705881624e-03
1.069852941176470135e-03
1.064705882352941571e-03
1.088235294117647451e-03
1.048529411764704882e-03
1.104044117647059835e-03
1.101470588235295769e-03
1.111397058823531845e-03
1.151838235294120640e-03
1.152205882352945812e-03
1.151838235294122157e-03
1.158455882352944690e-03
1.159558823529415871e-03
1.141544117647061559e-03
1.170955882352944614e-03
1.124264705882355208e-03
1.209191176470592564e-03
1.203308823529418209e-03
1.209926470588242476e-03
1.189338235294122798e-03
1.239705882352948102e-03
1.190808823529417200e-03
1.182720588235298747e-03
1.220955882352946697e-03
1.192279411764711602e-03
1.242647058823535605e-03
1.208088235294122468e-03
1.209191176470592998e-03
1.248161764705889775e-03
1.244117647058831091e-03
1.231617647058831167e-03
1.237867647058830478e-03
1.232720588235301914e-03
1.200735294117651541e-03
1.248897058823536434e-03
1.285661764705889549e-03
1.234926470588243192e-03
1.232720588235302348e-03
1.255147058823537047e-03
1.206617647058829800e-03
1.240808823529418415e-03
1.268750000000007285e-03
1.264338235294126898e-03
1.233455882352947923e-03
1.246323529411770851e-03
1.198161764705886825e-03
1.216176470588240920e-03
1.262132352941184536e-03
1.283455882352950439e-03
1.273161764705890492e-03
1.252573529411772982e-03
1.234926470588240590e-03
1.271323529411772001e-03
1.265808823529419999e-03
1.275367647058831553e-03
1.298161764705891208e-03
1.262132352941183235e-03
1.272058823529418226e-03
1.229044117647066017e-03
1.238602941176476487e-03
1.187132352941181303e-03
1.287500000000008690e-03
1.291911764705889511e-03
1.261029411764713138e-03
1.286397058823537292e-03
1.270220588235300820e-03
1.268014705882360193e-03
1.272794117647065102e-03
1.278676470588244012e-03
1.287500000000008256e-03
1.278308823529420140e-03
1.303308823529419989e-03
1.248897058823536434e-03
1.241911764705888512e-03
1.265441176470595694e-03
1.278308823529418405e-03
1.233088235294124918e-03
1.233823529411771361e-03
1.252573529411770597e-03
1.282720588235302913e-03
1.295220588235303271e-03
1.252573529411772331e-03
1.263602941176478070e-03
1.245955882352948064e-03
1.281985294117655386e-03
1.247794117647065687e-03
1.246323529411770851e-03
1.273161764705890275e-03
1.316176470588246170e-03
1.239338235294125097e-03
1.249264705882359439e-03
1.280514705882362719e-03
1.254411764705888870e-03
1.295588235294126275e-03
1.262500000000007757e-03
1.268382352941184931e-03
1.273161764705889190e-03
1.258088235294124767e-03
1.295220588235303271e-03
1.288602941176479871e-03
1.275735294117654557e-03
1.300367647058831835e-03
1.292279411764715551e-03
1.238970588235301876e-03
1.246323529411772369e-03
1.266544117647067091e-03
1.253676470588242862e-03
1.236764705882360165e-03
1.273529411764713496e-03
1.275735294117654340e-03
1.263970588235300858e-03
1.237500000000007257e-03
1.276838235294124654e-03
1.289338235294124578e-03
1.266911764705889662e-03
1.276102941176478862e-03
1.297426470588243464e-03
1.265073529411773990e-03
1.222058823529418095e-03
1.292279411764715117e-03
1.293014705882360041e-03
1.245220588235301405e-03
1.273897058823539753e-03
1.272058823529420178e-03
1.292279411764715551e-03
1.255514705882360051e-03
1.222426470588240882e-03
1.322426470588244831e-03
1.283455882352949572e-03
1.241544117647066158e-03
1.277573529411772831e-03
1.213602941176476855e-03
1.248529411764714298e-03
1.237132352941182518e-03
1.268014705882361710e-03
1.260294117647066479e-03
1.238970588235299708e-03
1.252941176470595552e-03
1.284191176470597532e-03
1.266911764705890529e-03
1.258823529411772727e-03
1.258088235294124550e-03
1.246691176470595807e-03
1.262867647058829893e-03
1.247794117647065687e-03
1.243750000000005919e-03
1.261764705882359797e-03
1.277941176470595401e-03
1.288602941176480087e-03
1.227205882352946876e-03
1.271691176470595873e-03
1.248897058823536651e-03
1.245955882352946980e-03
1.262867647058831195e-03
1.259926470588240656e-03
1.278676470588244662e-03
1.284191176470597532e-03
1.269852941176478683e-03
1.243382352941183131e-03
1.227941176470595053e-03
1.268382352941183197e-03
1.276102941176479729e-03
1.245220588235301188e-03
1.233823529411771794e-03
1.270220588235302555e-03
1.272794117647067270e-03
1.265073529411773123e-03
1.262132352941184752e-03
1.272058823529421262e-03
1.251102941176477712e-03
1.252941176470595552e-03
1.271691176470596957e-03
1.231250000000005127e-03
1.254779411764713609e-03
1.238970588235300575e-03
1.259558823529420687e-03
1.250735294117653190e-03
1.250735294117654058e-03
1.241544117647066158e-03
1.235661764705889417e-03
1.256985294117655538e-03
1.266911764705890529e-03
1.236029411764713506e-03
1.248161764705888908e-03
1.269852941176478900e-03
1.279779411764712807e-03
1.254044117647066733e-03
1.248161764705889559e-03
1.257352941176477891e-03
1.254411764705889521e-03
1.243382352941183348e-03
1.240441176470596712e-03
1.232352941176476742e-03
1.241911764705889380e-03
1.277573529411773264e-03
1.268750000000009020e-03
1.220220588235299821e-03
1.254044117647064999e-03
1.285661764705889982e-03
1.272058823529418877e-03
1.255514705882362003e-03
1.276470588235302517e-03
1.233455882352947055e-03
1.255882352941183489e-03
1.263970588235301942e-03
1.248161764705889775e-03
1.256985294117655104e-03
1.240073529411771106e-03
1.263970588235301942e-03
1.264338235294126247e-03
1.283823529411770841e-03
1.244117647058831308e-03
1.282720588235301612e-03
1.251470588235301367e-03
1.260661764705890133e-03
1.271691176470595873e-03
1.268014705882362361e-03
1.291176470588243285e-03
1.251470588235301367e-03
1.300735294117654839e-03
1.242279411764711083e-03
1.268750000000006418e-03
1.264338235294124512e-03
1.283088235294126134e-03
1.281617647058830214e-03
1.271691176470594788e-03
1.247794117647065036e-03
1.265441176470594826e-03
1.247058823529418594e-03
1.260661764705889049e-03
1.272058823529419094e-03
1.245955882352947847e-03
1.248161764705890209e-03
1.262867647058831195e-03
1.243382352941182481e-03
1.259191176470594647e-03
1.224632352941181727e-03
1.253308823529418123e-03
1.265073529411771388e-03
1.297794117647069071e-03
1.254044117647064131e-03
1.274632352941184894e-03
1.256250000000006493e-03
1.264705882352948601e-03
1.246691176470594506e-03
1.314338235294127896e-03
1.256617647058831883e-03
1.253676470588242211e-03
1.260661764705888832e-03
1.246691176470593855e-03
1.241176470588242937e-03
1.313602941176478201e-03
1.257720588235300896e-03
1.235661764705888116e-03
1.277205882352947658e-03
1.280514705882362719e-03
1.230147058823535897e-03
1.250000000000006531e-03
1.270955882352948780e-03
1.264705882352948601e-03
1.258823529411772727e-03
1.267279411764713317e-03
1.237500000000005306e-03
1.273897058823538452e-03
1.265073529411770738e-03
1.253676470588241778e-03
1.213602941176475771e-03
1.246323529411769767e-03
1.268382352941182980e-03
1.272794117647067487e-03
1.243750000000007653e-03
1.246323529411773236e-03
1.297426470588241296e-03
1.285661764705892151e-03
1.308455882352949420e-03
1.259191176470596599e-03
1.295220588235303488e-03
1.250000000000009350e-03
1.286397058823537725e-03
1.266911764705889228e-03
1.263235294117653331e-03
1.285661764705889765e-03
1.245955882352948497e-03
1.269852941176477599e-03
1.272426470588242965e-03
1.261397058823537660e-03
1.240073529411771106e-03
1.263235294117654416e-03
1.243014705882357742e-03
1.256617647058831666e-03
1.294852941176480267e-03
1.241544117647065508e-03
1.266176470588243003e-03
1.265073529411771388e-03
1.247058823529418378e-03
1.231985294117653520e-03
1.268382352941185148e-03
1.269852941176478466e-03
1.256617647058830148e-03
1.244485294117654095e-03
1.278676470588242927e-03
1.261029411764714439e-03
1.263235294117654632e-03
1.260294117647068430e-03
1.270588235294124691e-03
1.265441176470594176e-03
1.282720588235301395e-03
1.248161764705890426e-03
1.302205882352949675e-03
1.276470588235302083e-03
1.277205882352947875e-03
1.273897058823537367e-03
1.233823529411770710e-03
1.286029411764714504e-03
1.247794117647066338e-03
1.317647058823537970e-03
1.222794117647068007e-03
1.287867647058832127e-03
1.305514705882360833e-03
1.266544117647067091e-03
1.230514705882359335e-03
1.272794117647067270e-03
1.273161764705888323e-03
1.255514705882360919e-03
1.259191176470595298e-03
1.261397058823536792e-03
1.249632352941183310e-03
1.241911764705889380e-03
1.259558823529418736e-03
1.301102941176479361e-03
1.283088235294126784e-03
1.271691176470596089e-03
1.293382352941184780e-03
1.246323529411772586e-03
1.291911764705890812e-03
1.259926470588243691e-03
1.265808823529419348e-03
1.273161764705888974e-03
1.265808823529420649e-03
1.262867647058831628e-03
1.246691176470596891e-03
1.250735294117653624e-03
1.275000000000006597e-03
1.269485294117655679e-03
1.243750000000007436e-03
1.258455882352948422e-03
1.236764705882359297e-03
1.248897058823536001e-03
1.269852941176479767e-03
1.247058823529417510e-03
1.260294117647065828e-03
1.245588235294125493e-03
1.238235294117655217e-03
1.269485294117654161e-03
1.231617647058828782e-03
1.272794117647065753e-03
1.245588235294125710e-03
1.303676470588245378e-03
1.286397058823538810e-03
1.295955882352949713e-03
1.270955882352948129e-03
1.311029411764713703e-03
1.305514705882361267e-03
1.258088235294124550e-03
1.234558823529417586e-03
1.263602941176477637e-03
1.211397058823534493e-03
1.294852941176478749e-03
1.254411764705888870e-03
1.243750000000006569e-03
1.297058823529419810e-03
1.297426470588244115e-03
1.287132352941183951e-03
1.291911764705892113e-03
1.242647058823536689e-03
1.224264705882360457e-03
1.242647058823537340e-03
1.270955882352948563e-03
1.279044117647067449e-03
1.255882352941184573e-03
1.281250000000008294e-03
1.283455882352950222e-03
1.297426470588243464e-03
1.257720588235301763e-03
1.271691176470596089e-03
1.299264705882361738e-03
1.254044117647067167e-03
1.249632352941183961e-03
1.245220588235301188e-03
1.296323529411773801e-03
1.253308823529419641e-03
1.228308823529416539e-03
1.210661764705888701e-03
1.237867647058830912e-03
1.247794117647064603e-03
1.292647058823538772e-03
1.289705882352949534e-03
1.282720588235302262e-03
1.241176470588242504e-03
1.291544117647066290e-03
1.279411764705890020e-03
1.249632352941183527e-03
1.281617647058830214e-03
1.284926470588243757e-03
1.264338235294124079e-03
1.254044117647064999e-03
1.255514705882360268e-03
1.264705882352949035e-03
1.258455882352949723e-03
1.268014705882359542e-03
1.270588235294125559e-03
1.261764705882362399e-03
1.250367647058831704e-03
1.274632352941183809e-03
1.256617647058828847e-03
1.270955882352949430e-03
1.249632352941183961e-03
1.260294117647064093e-03
1.251102941176477279e-03
1.243750000000006569e-03
1.239705882352950053e-03
1.251470588235299849e-03
1.241176470588242937e-03
1.258823529411771643e-03
1.270955882352948129e-03
1.270588235294124691e-03
1.249632352941182443e-03
1.277941176470596052e-03
1.293014705882361776e-03
1.242279411764714552e-03
1.258455882352948639e-03
1.259926470588244125e-03
1.275367647058830252e-03
1.291544117647067157e-03
1.264705882352948818e-03
1.298161764705889907e-03
1.236029411764711988e-03
1.250735294117653190e-03
1.255882352941183706e-03
1.261397058823538093e-03
1.240441176470594327e-03
1.275735294117652822e-03
1.226102941176477213e-03
1.268750000000008153e-03
1.255882352941183489e-03
1.275367647058832637e-03
1.268382352941183414e-03
1.290808823529419631e-03
1.257352941176477674e-03
1.258088235294125418e-03
1.291176470588242418e-03
1.284926470588242890e-03
1.266911764705888144e-03
1.299264705882361088e-03
1.300000000000009915e-03
1.256617647058831449e-03
1.247426470588242249e-03
1.265808823529418915e-03
1.301838235294127104e-03
1.267279411764713100e-03
1.265073529411773123e-03
1.272426470588242315e-03
1.259191176470595081e-03
1.266911764705890963e-03
1.286029411764713854e-03
1.269852941176477382e-03
1.274264705882361022e-03
1.260661764705890350e-03
1.270588235294124475e-03
1.270220588235302988e-03
1.222426470588239581e-03
1.258455882352949506e-03
1.254411764705889954e-03
1.270220588235302121e-03
1.306250000000009877e-03
1.269852941176477382e-03
1.285661764705892151e-03
1.246691176470594289e-03
1.251838235294124805e-03
1.274264705882360588e-03
1.282720588235300744e-03
1.281985294117656471e-03
1.276838235294124654e-03
1.262500000000008190e-03
1.257720588235301980e-03
1.287132352941184167e-03
1.276470588235302950e-03
1.263970588235300858e-03
1.251102941176478146e-03
1.241544117647066592e-03
1.240808823529418632e-03
1.266911764705888578e-03
1.272426470588243616e-03
1.265441176470596778e-03
1.240808823529419500e-03
1.277205882352948308e-03
1.275000000000008765e-03
1.295955882352951014e-03
1.293014705882361559e-03
1.268750000000006851e-03
1.277205882352949609e-03
1.289338235294125445e-03
1.277941176470596052e-03
1.284558823529420753e-03
1.228676470588241495e-03
1.280147058823537113e-03
1.273897058823536934e-03
1.269852941176478249e-03
1.253676470588241127e-03
1.238602941176477137e-03
1.250735294117653841e-03
1.280882352941184639e-03
1.231617647058829432e-03
1.235294117647065112e-03
1.261029411764712704e-03
1.273897058823536717e-03
1.237500000000006173e-03
1.271323529411773953e-03
1.302205882352949458e-03
1.236764705882359731e-03
1.279044117647066365e-03
1.230882352941183207e-03
1.252941176470594685e-03
1.266544117647065140e-03
1.277941176470596485e-03
1.323161764705890839e-03
1.245955882352948281e-03
1.290441176470597711e-03
1.266544117647066441e-03
1.268382352941184931e-03
1.204779411764710659e-03
1.262867647058830761e-03
1.258455882352949289e-03
1.269852941176477382e-03
1.213970588235300076e-03
1.261397058823538093e-03
1.249264705882359655e-03
1.255147058823537047e-03
1.251470588235302018e-03
1.285294117647067412e-03
1.301470588235301932e-03
1.256617647058832967e-03
1.237867647058830478e-03
1.273529411764712845e-03
1.248897058823537085e-03
1.261764705882359363e-03
1.242647058823534737e-03
1.253308823529420291e-03
1.278308823529418839e-03
1.246691176470593639e-03
1.293750000000009736e-03
1.304411764705890736e-03
1.240441176470595411e-03
1.276470588235301649e-03
1.248529411764712780e-03
1.265073529411771822e-03
1.267279411764713534e-03
1.289338235294125012e-03
1.278676470588242711e-03
1.306617647058832231e-03
1.270955882352948780e-03
1.275735294117655424e-03
1.259926470588243041e-03
1.225000000000006249e-03
1.234926470588241891e-03
1.272794117647066186e-03
1.272426470588243399e-03
1.269852941176480418e-03
1.278676470588243361e-03
1.264338235294128199e-03
1.247794117647065687e-03
1.240441176470594761e-03
1.273897058823538018e-03
1.298897058823537650e-03
1.263235294117654416e-03
1.292279411764714466e-03
1.282352941176479041e-03
1.259558823529420687e-03
1.254411764705891255e-03
1.244485294117653662e-03
1.206617647058830884e-03
1.284926470588242673e-03
1.250367647058829752e-03
1.240808823529417982e-03
1.270955882352949647e-03
1.258088235294124117e-03
1.238970588235300358e-03
1.220588235294125211e-03
1.289705882352949534e-03
1.284926470588243974e-03
1.272058823529418660e-03
1.264338235294123862e-03
1.268750000000006635e-03
1.279779411764714542e-03
1.278308823529419923e-03
1.256985294117653369e-03
1.296323529411774018e-03
1.256985294117654887e-03
1.266544117647066007e-03
1.267647058823536538e-03
1.253676470588241344e-03
1.270220588235302338e-03
1.259926470588242173e-03
1.250000000000006531e-03
1.293750000000008652e-03
1.248897058823536001e-03
1.280147058823537546e-03
1.277573529411773915e-03
1.240073529411772624e-03
1.270220588235302555e-03
1.241176470588242721e-03
1.281985294117654519e-03
1.280147058823537980e-03
1.227205882352947744e-03
1.268014705882362144e-03
1.285661764705889549e-03
1.225000000000006683e-03
1.306617647058833532e-03
1.257352941176478542e-03
1.267647058823536971e-03
1.264338235294123428e-03
1.268750000000008586e-03
1.288602941176479437e-03
1.261029411764713355e-03
1.240073529411771323e-03
1.262867647058829893e-03
1.268750000000007936e-03
1.260294117647065828e-03
1.281250000000007210e-03
1.271691176470595656e-03
1.246323529411770634e-03
1.269117647058832458e-03
1.277573529411772831e-03
1.276102941176478428e-03
1.273161764705889407e-03
1.249264705882359872e-03
1.244485294117655396e-03
1.247794117647064820e-03
1.241176470588241203e-03
1.238602941176475836e-03
1.252941176470595335e-03
1.259191176470596599e-03
1.307720588235303629e-03
1.282352941176479041e-03
1.235661764705888116e-03
1.281985294117657121e-03
1.282352941176480776e-03
1.249264705882361824e-03
1.256617647058830365e-03
1.211764705882358364e-03
1.291176470588243502e-03
1.270588235294124691e-03
1.229411764705888588e-03
1.266544117647066224e-03
1.261764705882361531e-03
1.250367647058831053e-03
1.286764705882361814e-03
1.296323529411773368e-03
1.243382352941184432e-03
1.269117647058830073e-03
1.263970588235300424e-03
1.288970588235300923e-03
1.299632352941184092e-03
1.252941176470595552e-03
1.247058823529420329e-03
1.262500000000008407e-03
1.293014705882361776e-03
1.280147058823536462e-03
1.249632352941183961e-03
1.277573529411771963e-03
1.235294117647066413e-03
1.290073529411772755e-03
1.270588235294124908e-03
1.277205882352948525e-03
1.275000000000007464e-03
1.261029411764712704e-03
1.265073529411772472e-03
1.235294117647065546e-03
1.278676470588242277e-03
1.271691176470595439e-03
1.261764705882359797e-03
1.259191176470595731e-03
1.256250000000007794e-03
1.256617647058831232e-03
1.236764705882362767e-03
1.238602941176476921e-03
1.304411764705892471e-03
1.271323529411773085e-03
1.298897058823537867e-03
1.285661764705889549e-03
1.261397058823535708e-03
1.250735294117653841e-03
1.244852941176476666e-03
1.266544117647067308e-03
1.265441176470595260e-03
1.301102941176478928e-03
1.229779411764712459e-03
1.285661764705891066e-03
1.258455882352948856e-03
1.261397058823537660e-03
1.291544117647066506e-03
1.249632352941184394e-03
1.253308823529418340e-03
1.266176470588243870e-03
1.235661764705889634e-03
1.239338235294124230e-03
1.235294117647065546e-03
1.301838235294126237e-03
1.255882352941183489e-03
1.251102941176477495e-03
1.268750000000009237e-03
1.250735294117653407e-03
1.267647058823535887e-03
1.276838235294123569e-03
1.267279411764712449e-03
1.252573529411771464e-03
1.269852941176478249e-03
1.268750000000009237e-03
1.285661764705893018e-03
1.257720588235301546e-03
1.212132352941181369e-03
1.268014705882359542e-03
1.236764705882359731e-03
1.234926470588242325e-03
1.268750000000007068e-03
1.238602941176475836e-03
1.286764705882360730e-03
1.249632352941181792e-03
1.269485294117653944e-03
1.267647058823538489e-03
1.257352941176476807e-03
1.288235294117656216e-03
1.234191176470595449e-03
1.271691176470596089e-03
1.266176470588242569e-03
1.273897058823536500e-03
1.267279411764714401e-03
1.254411764705890171e-03
1.281617647058833466e-03
1.245955882352948281e-03
1.258088235294125418e-03
1.276102941176480163e-03
1.253308823529418990e-03
1.284191176470595363e-03
1.269852941176476948e-03
1.283455882352948054e-03
1.263602941176477420e-03
1.242647058823535605e-03
1.248897058823536868e-03
1.262132352941183885e-03
1.275735294117654340e-03
1.217279411764711451e-03
1.272426470588242965e-03
1.262867647058832712e-03
1.291544117647067374e-03
1.302573529411774848e-03
1.263602941176478070e-03
1.272794117647065753e-03
1.272426470588243182e-03
1.256617647058831232e-03
1.277205882352948308e-03
1.262500000000007540e-03
1.281250000000010896e-03
1.283455882352949572e-03
1.226470588235300434e-03
1.288235294117654481e-03
1.268750000000007936e-03
1.281617647058831948e-03
1.281617647058833033e-03
1.267279411764712883e-03
1.242647058823536039e-03
1.256250000000005843e-03
1.304044117647068382e-03
1.263602941176478721e-03
1.254779411764712091e-03
1.288602941176478353e-03
1.284191176470596447e-03
1.241176470588241420e-03
1.254044117647065649e-03
1.286397058823538376e-03
1.259191176470596382e-03
1.251838235294124588e-03
1.258823529411772077e-03
1.244485294117653662e-03
1.241544117647065508e-03
1.278676470588242711e-03
1.287132352941186119e-03
1.295588235294125624e-03
1.284191176470595797e-03
1.253308823529418773e-03
1.278308823529420357e-03
1.254411764705889304e-03
1.242647058823536039e-03
1.246691176470594506e-03
1.244117647058830657e-03
1.229044117647064499e-03
1.280147058823536245e-03
1.245588235294124192e-03
1.277941176470593666e-03
1.264338235294124512e-03
1.272426470588242532e-03
1.249264705882359872e-03
1.264705882352947517e-03
1.291544117647066073e-03
1.268382352941183414e-03
1.244117647058828923e-03
1.272058823529419744e-03
1.254411764705889087e-03
1.261029411764712704e-03
1.229411764705889238e-03
1.275367647058830035e-03
1.261397058823537877e-03
1.245955882352947196e-03
1.260661764705888832e-03
1.281617647058832599e-03
1.264705882352949035e-03
1.297058823529420243e-03
1.262867647058829243e-03
1.266911764705890746e-03
1.277573529411771096e-03
1.261764705882361531e-03
1.274264705882360372e-03
1.253676470588241778e-03
1.222058823529418529e-03
1.290808823529421582e-03
1.274264705882361022e-03
1.284558823529419668e-03
1.228308823529417190e-03
1.251102941176478363e-03
1.259558823529419386e-03
1.250735294117654925e-03
1.269117647058832241e-03
1.241544117647065074e-03
1.323529411764715145e-03
1.286764705882361163e-03
1.270955882352948997e-03
1.219485294117652512e-03
1.282352941176480125e-03
1.260661764705889483e-03
1.249264705882360089e-03
1.275735294117654557e-03
1.295220588235303271e-03
1.256985294117653586e-03
1.295220588235302403e-03
1.246691176470594506e-03
1.275735294117654123e-03
1.237132352941182085e-03
1.254411764705889304e-03
1.247426470588243333e-03
1.273529411764713279e-03
1.252573529411772114e-03
1.197058823529417596e-03
1.294117647058831439e-03
1.264338235294126681e-03
1.256617647058831883e-03
1.271691176470597174e-03
1.258088235294123900e-03
1.284191176470596231e-03
1.272058823529419310e-03
1.257352941176477458e-03
1.236764705882360815e-03
1.286029411764712770e-03
1.227941176470592885e-03
1.239338235294124664e-03
1.269485294117655679e-03
1.240441176470594110e-03
1.275367647058832637e-03
1.285661764705892584e-03
1.289338235294125879e-03
1.222794117647065838e-03
1.248161764705889342e-03
1.259558823529418085e-03
1.286764705882362464e-03
1.262867647058831845e-03
1.254411764705889738e-03
1.262500000000006672e-03
1.239338235294124447e-03
1.239705882352948969e-03
1.265441176470597645e-03
1.220955882352948649e-03
1.228676470588241712e-03
1.249264705882359439e-03
1.238235294117650881e-03
1.252573529411771898e-03
1.212500000000006541e-03
1.270588235294126426e-03
1.274264705882360805e-03
1.252941176470596420e-03
1.248897058823536218e-03
1.254044117647066083e-03
1.295955882352949713e-03
1.254779411764713826e-03
1.233823529411769626e-03
1.255882352941182839e-03
1.295220588235304789e-03
1.266544117647065574e-03
1.277205882352950477e-03
1.251838235294124588e-03
1.294117647058832090e-03
1.309558823529419300e-03
1.241911764705886994e-03
1.266176470588241702e-03
1.248161764705889775e-03
1.247058823529418811e-03
1.256617647058829498e-03
1.280147058823537329e-03
1.286029411764715155e-03
1.243382352941183782e-03
1.287867647058833429e-03
1.251838235294125022e-03
1.277573529411774782e-03
1.205882352941182057e-03
1.216911764705889531e-03
1.289338235294127180e-03
1.249264705882360523e-03
1.231985294117653954e-03
1.252205882352947809e-03
1.256617647058831016e-03
1.276470588235301433e-03
1.274632352941183159e-03
1.309926470588243172e-03
1.260661764705888832e-03
1.279779411764713675e-03
1.284191176470596447e-03
1.223529411764712064e-03
1.260294117647066479e-03
1.282720588235303997e-03
1.284191176470596014e-03
1.259926470588241740e-03
1.282352941176477740e-03
1.339705882352952267e-03
1.258455882352948856e-03
1.268750000000007936e-03
1.233823529411772662e-03
1.292647058823536603e-03
1.287132352941183517e-03
1.245220588235301839e-03
1.250735294117654058e-03
1.242279411764712601e-03
1.234191176470595015e-03
1.270955882352948997e-03
1.225000000000006466e-03
1.281617647058831081e-03
1.249632352941180491e-03
1.242279411764712167e-03
1.268750000000009237e-03
1.231617647058830083e-03
1.260294117647066912e-03
1.262500000000007973e-03
1.305882352941184488e-03
1.231617647058828782e-03
1.295588235294127359e-03
1.269852941176478683e-03
1.282720588235300527e-03
1.257352941176476590e-03
1.268750000000008153e-03
1.278676470588244012e-03
1.280514705882360767e-03
1.276470588235302734e-03
1.262500000000007323e-03
1.277573529411772397e-03
1.265441176470595477e-03
1.261397058823537443e-03
1.232720588235300179e-03
1.273161764705890925e-03
1.258455882352949506e-03
1.232352941176475657e-03
1.237500000000006173e-03
1.296323529411771633e-03
1.260661764705889266e-03
1.233823529411772228e-03
1.296691176470595288e-03
1.265808823529419131e-03
1.245588235294123542e-03
1.258455882352948856e-03
1.270220588235302988e-03
1.327573529411775130e-03
1.434926470588247186e-03
1.505514705882368080e-03
1.564338235294130720e-03
1.645220588235311561e-03
1.651838235294133660e-03
1.716911764705898649e-03
1.820588235294136326e-03
1.858455882352958452e-03
1.944117647058843336e-03
1.967279411764727513e-03
2.000735294117671637e-03
2.059558823529434712e-03
2.116544117647079296e-03
2.138970588235314212e-03
2.183823529411784911e-03
2.252205882352966045e-03
2.245220588235319857e-03
2.278308823529434906e-03
2.350367647058843913e-03
2.380147058823556261e-03
2.408823529411792657e-03
2.440073529411790516e-03
2.469485294117671186e-03
2.522058823529436684e-03
2.463235294117672308e-03
2.555514705882381676e-03
2.568014705882380733e-03
2.605514705882380072e-03
2.554779411764731764e-03
2.609191176470617053e-03
2.622794117647087291e-03
2.657352941176498260e-03
2.667279411764730216e-03
2.678308823529434220e-03
2.700735294117674774e-03
2.683088235294145852e-03
2.768014705882374752e-03
2.724264705882383040e-03
2.738235294117673680e-03
2.741911764705910227e-03
2.741176470588264653e-03
2.761397058823555906e-03
2.794852941176492658e-03
2.796691176470616786e-03
2.826470588235320460e-03
2.847794117647087231e-03
2.773161764705908520e-03
2.815073529411793018e-03
2.810294117647084856e-03
2.831250000000029923e-03
2.863235294117671189e-03
2.861397058823556168e-03
2.858455882352967364e-03
2.806617647058848742e-03
2.914705882352967674e-03
2.929779411764735567e-03
2.905147058823553518e-03
2.900735294117674865e-03
2.930882352941206314e-03
2.933455882352966042e-03
2.884191176470614522e-03
2.916911764705914806e-03
2.936397058823556148e-03
2.872426470588258871e-03
2.948529411764738272e-03
2.875735294117673715e-03
2.936029411764728373e-03
2.930514705882378539e-03
2.955514705882379255e-03
2.986397058823557146e-03
2.954779411764731946e-03
2.992279411764734321e-03
2.976102941176500451e-03
2.987132352941206190e-03
2.948897058823556072e-03
2.934191176470612918e-03
2.951470588235327076e-03
2.896323529411792309e-03
3.021691176470614124e-03
2.915441176470620621e-03
2.980514705882384308e-03
2.995220588235317054e-03
2.992647058823551254e-03
3.001102941176496397e-03
2.986764705882378416e-03
2.927941176470619244e-03
2.959191176470615369e-03
2.972794117647083005e-03
2.932720588235320468e-03
3.018014705882378010e-03
3.012867647058851180e-03
3.012500000000026875e-03
2.943014705882377163e-03
3.019852941176496500e-03
2.995955882352968266e-03
2.979411764705908790e-03
2.963602941176497491e-03
2.956250000000026131e-03
2.892647058823553160e-03
2.702205882352969393e-03
2.568750000000025440e-03
2.384926470588260086e-03
2.190441176470613732e-03
2.091544117647082483e-03
1.962132352941197214e-03
1.859558823529431585e-03
1.873897058823549133e-03
1.700735294117665213e-03
1.649632352941193683e-03
1.611397058823545734e-03
1.535661764705900396e-03
1.509558823529425680e-03
1.405882352941188219e-03
1.425367647058836283e-03
1.361397058823540958e-03
1.326838235294126086e-03
1.313235294117654547e-03
1.284191176470596231e-03
1.227941176470594836e-03
1.240073529411770889e-03
1.254411764705889738e-03
1.227205882352948828e-03
1.171323529411768703e-03
1.160294117647062964e-03
1.127573529411767667e-03
1.103308823529414694e-03
1.123529411764708765e-03
1.099632352941178146e-03
1.097794117647060740e-03
1.121691176470590058e-03
1.071691176470587975e-03
1.060661764705882236e-03
1.114338235294119782e-03
1.020955882352939451e-03
1.034191176470587118e-03
1.054044117647057535e-03
1.050735294117645944e-03
1.038602941176469457e-03
1.022794117647056423e-03
9.867647058823497512e-04
9.746323529411733732e-04
9.834558823529379427e-04
1.022426470588232985e-03
1.032720588235292499e-03
1.009191176470585535e-03
1.000367647058820206e-03
9.992647058823496756e-04
9.915441176470555281e-04
9.558823529411733782e-04
9.915441176470555281e-04
1.017279411764703337e-03
1.006249999999997164e-03
1.001838235294114391e-03
9.764705882352909963e-04
1.005514705882350288e-03
9.558823529411733782e-04
9.580882352941145477e-04
9.591911764705851867e-04
9.757352941176439037e-04
9.977941176470557071e-04
9.941176470588202439e-04
9.624999999999968867e-04
9.382352941176440222e-04
9.312499999999970758e-04
9.113970588235265503e-04
9.691176470588203952e-04
9.882352941176439365e-04
9.753676470588203574e-04
9.356617647058794148e-04
9.753676470588203574e-04
9.536764705882322087e-04
9.727941176470557500e-04
9.551470588235263940e-04
9.588235294117616403e-04
9.680147058823498647e-04
9.606617647058792635e-04
9.643382352941144015e-04
9.794117647058792585e-04
9.187499999999970430e-04
9.779411764705850732e-04
9.613970588235263562e-04
9.606617647058792635e-04
9.874999999999968438e-04
9.602941176470557172e-04
9.577205882352910014e-04
9.613970588235263562e-04
9.334558823529382453e-04
9.617647058823499025e-04
9.525735294117616781e-04
9.849264705882321280e-04
9.768382352941145427e-04
1.006249999999996947e-03
1.012132352941173688e-03
9.786764705882321658e-04
9.636029411764675257e-04
9.654411764705851488e-04
9.676470588235263183e-04
9.775735294117616353e-04
9.775735294117616353e-04
9.775735294117616353e-04
1.007352941176467911e-03
9.591911764705851867e-04
9.496323529411733076e-04
9.551470588235263940e-04
9.952205882352909913e-04
1.007720588235291133e-03
9.735294117647027342e-04
9.371323529411734916e-04
9.952205882352909913e-04
9.518382352941145855e-04
1.000735294117643861e-03
9.783088235294087279e-04
9.937499999999968060e-04
9.911764705882320902e-04
9.764705882352909963e-04
9.408088235294087380e-04
1.012499999999997126e-03
9.852941176470555659e-04
9.904411764705849976e-04
9.507352941176440550e-04
9.977941176470557071e-04
9.720588235294085489e-04
9.323529411764676063e-04
9.621323529411733404e-04
9.768382352941145427e-04
9.540441176470557550e-04
1.009926470588232194e-03
9.959558823529378671e-04
9.852941176470557828e-04
1.001102941176467299e-03
1.002573529411761701e-03
9.694852941176439415e-04
9.356617647058794148e-04
1.012867647058821432e-03
9.937499999999968060e-04
9.768382352941145427e-04
9.944852941176438987e-04
1.000367647058820206e-03
1.011397058823526813e-03
1.004411764705879541e-03
9.941176470588202439e-04
9.904411764705849976e-04
9.481617647058793391e-04
9.893382352941144670e-04
9.845588235294086901e-04
1.006617647058820602e-03
9.816176470588203196e-04
1.015808823529409368e-03
9.783088235294087279e-04
9.775735294117614185e-04
9.915441176470555281e-04
1.005882352941173509e-03
9.790441176470556037e-04
1.006249999999996947e-03
1.029411764705880691e-03
1.019117647058821827e-03
9.749999999999969195e-04
1.044852941176468552e-03
9.966911764705849597e-04
1.017279411764703554e-03
1.013970588235291528e-03
9.889705882352910291e-04
9.999999999999967682e-04
1.011029411764703591e-03
1.017647058823526775e-03
9.691176470588203952e-04
1.005882352941173292e-03
9.566176470588204708e-04
1.037499999999998493e-03
1.005147058823526417e-03
9.801470588235263511e-04
1.021691176470585893e-03
1.034191176470586901e-03
1.011764705882350250e-03
1.019117647058821177e-03
1.040441176470587080e-03
1.025367647058822006e-03
9.878676470588202817e-04
1.015441176470585930e-03
9.874999999999968438e-04
1.002205882352938046e-03
9.860294117647026586e-04
1.022058823529409764e-03
1.003676470588232231e-03
1.010294117647056065e-03
1.010294117647055848e-03
1.029779411764703912e-03
1.005882352941173292e-03
1.004779411764702762e-03
1.013602941176468090e-03
1.024999999999998135e-03
1.043014705882351796e-03
1.005514705882349855e-03
1.035661764705880219e-03
1.001470588235290953e-03
1.038602941176468807e-03
1.040808823529410301e-03
1.022794117647056423e-03
1.009558823529408539e-03
1.003308823529408794e-03
1.016176470588233240e-03
1.025735294117645444e-03
1.037867647058821497e-03
1.005882352941173509e-03
1.024632352941174046e-03
9.863970588235263133e-04
1.016911764705879899e-03
1.026102941176468449e-03
1.037132352941175055e-03
1.001470588235291170e-03
1.024999999999997701e-03
1.065808823529412102e-03
9.948529411764673366e-04
1.002941176470585139e-03
1.012867647058820998e-03
1.068749999999999605e-03
1.026470588235292103e-03
1.027941176470586722e-03
1.058088235294117087e-03
1.020220588235292141e-03
1.028308823529409726e-03
1.004779411764703196e-03
1.015441176470585930e-03
1.045955882352940383e-03
1.032352941176469061e-03
1.034191176470586684e-03
1.011029411764703375e-03
1.035294117647057432e-03
1.034191176470587118e-03
1.032352941176469278e-03
1.043014705882351362e-03
1.027205882352938545e-03
1.036397058823528179e-03
1.073529411764706900e-03
1.042279411764704920e-03
1.044852941176469853e-03
1.044117647058823411e-03
1.018014705882349996e-03
1.028676470588233598e-03
1.008823529411762097e-03
1.019485294117644615e-03
1.039705882352939337e-03
1.034558823529409689e-03
1.044117647058822543e-03
1.050367647058822506e-03
1.023897058823526954e-03
1.042647058823528358e-03
1.097426470588236218e-03
1.045220588235293074e-03
1.035661764705881087e-03
1.049999999999999501e-03
1.064338235294117700e-03
1.043749999999998672e-03
1.029411764705880474e-03
1.045588235294117162e-03
1.071691176470588843e-03
1.034558823529411207e-03
1.048529411764705099e-03
1.061029411764705241e-03
1.079779411764706211e-03
1.055882352941176026e-03
1.059191176470587617e-03
1.040441176470587297e-03
1.075735294117647310e-03
1.061029411764706325e-03
1.057720588235294516e-03
1.033088235294116154e-03
1.061397058823530196e-03
1.041176470588233956e-03
1.053308823529411744e-03
1.021691176470585676e-03
1.108455882352943041e-03
1.044117647058822543e-03
1.059926470588234059e-03
1.049632352941175847e-03
1.055882352941175592e-03
1.065073529411763925e-03
1.054779411764705495e-03
1.034558823529410339e-03
1.047794117647058224e-03
1.048529411764705099e-03
1.015073529411762276e-03
1.066544117647059845e-03
1.049632352941175847e-03
1.063602941176470173e-03
1.072426470588235502e-03
1.059191176470587401e-03
1.092647058823530658e-03
1.082720588235294365e-03
1.040441176470587514e-03
1.090073529411765075e-03
1.027573529411762851e-03
1.099632352941177062e-03
1.040808823529411169e-03
1.080882352941176742e-03
1.093750000000000755e-03
1.040441176470587297e-03
1.072426470588234418e-03
1.053676470588234965e-03
1.068014705882353380e-03
1.070955882352942834e-03
1.101470588235296854e-03
1.087132352941176921e-03
1.066911764705882415e-03
1.075367647058824306e-03
1.092279411764707220e-03
1.020220588235292141e-03
1.040808823529410518e-03
1.059926470588235144e-03
1.053676470588234097e-03
1.085294117647059731e-03
1.066544117647058761e-03
1.079779411764706211e-03
1.080147058823530950e-03
1.092647058823530441e-03
1.072794117647058940e-03
1.062132352941176855e-03
1.108088235294120687e-03
1.067647058823530158e-03
1.082352941176471144e-03
1.059926470588235144e-03
1.111764705882355283e-03
1.060661764705882236e-03
1.087500000000001660e-03
1.075735294117648178e-03
1.107352941176472077e-03
1.089338235294118416e-03
1.099632352941178363e-03
1.077205882352941712e-03
1.056617647058822902e-03
1.070220588235294657e-03
1.090441176470588729e-03
1.077205882352941712e-03
1.081985294117648140e-03
1.092279411764706786e-03
1.096691176470588258e-03
1.091544117647059477e-03
1.108455882352943908e-03
1.075367647058824306e-03
1.091544117647060561e-03
1.069117647058823260e-03
1.088602941176471757e-03
1.086764705882353700e-03
1.104044117647060919e-03
1.107720588235296165e-03
1.101838235294118557e-03
1.076838235294118925e-03
1.043014705882352230e-03
1.085661764705883169e-03
1.091544117647059694e-03
1.092647058823530658e-03
1.111397058823531845e-03
1.086029411764706607e-03
1.101102941176471898e-03
1.116544117647061494e-03
1.084926470588235860e-03
1.124264705882355208e-03
1.120220588235297391e-03
1.103676470588235529e-03
1.099632352941178146e-03
1.093014705882354529e-03
1.090808823529412384e-03
1.077573529411764933e-03
1.097794117647061174e-03
1.100000000000001801e-03
1.085294117647059081e-03
1.072426470588235935e-03
1.088970588235294761e-03
1.103676470588237264e-03
1.089705882352942721e-03
1.131250000000002913e-03
1.089338235294118416e-03
1.095220588235296024e-03
1.108455882352941306e-03
1.090441176470589163e-03
1.091544117647059477e-03
1.070588235294117662e-03
1.082720588235294365e-03
1.153308823529415475e-03
1.093014705882353662e-03
1.100367647058824588e-03
1.113235294117648601e-03
1.120955882352943833e-03
1.093382352941177967e-03
1.085294117647059948e-03
1.086764705882352616e-03
1.102941176470590605e-03
1.104044117647060052e-03
1.103308823529414043e-03
1.103676470588237264e-03
1.112132352941177854e-03
1.091176470588236039e-03
1.127205882352943578e-03
1.081249999999999963e-03
1.062499999999999859e-03
1.125367647058826389e-03
1.115441176470589879e-03
1.133088235294120102e-03
