5.215686274509787924e-04
5.941176470588217969e-04
6.514705882352920955e-04
6.313725490196058724e-04
6.725490196078410003e-04
7.436274509803897110e-04
7.524509803921543890e-04
7.593137254901935950e-04
7.892156862745072863e-04
8.039215686274483802e-04
8.284313725490170506e-04
8.627450980392129725e-04
8.524509803921542176e-04
8.808823529411737236e-04
8.686274509803893883e-04
9.029411764705853102e-04
9.686274509803888917e-04
9.426470588235263612e-04
1.003921568627447929e-03
1.015196078431369366e-03
1.025980392156859624e-03
1.004901960784310502e-03
1.024999999999996834e-03
1.050490196078428078e-03
1.073529411764702563e-03
1.082843137254898636e-03
1.060784313725486941e-03
1.087745098039212370e-03
1.113235294117643614e-03
1.112254901960780824e-03
1.122549019607839687e-03
1.178431372549015909e-03
1.174999999999996360e-03
1.170588235294114021e-03
1.210784313725486250e-03
1.190196078431368740e-03
1.141176470588231616e-03
1.230882352941172582e-03
1.240196078431368655e-03
1.221078431372545113e-03
1.201470588235290394e-03
1.212745098039211831e-03
1.230882352941172582e-03
1.264215686274505713e-03
1.259313725490191979e-03
1.213725490196074621e-03
1.254901960784309640e-03
1.262254901960780350e-03
1.249999999999995906e-03
1.216666666666662774e-03
1.250980392156858696e-03
1.270588235294113633e-03
1.291666666666662537e-03
1.266176470588231294e-03
1.263235294117642923e-03
1.290686274509799747e-03
1.347549019607838759e-03
1.279411764705878311e-03
1.267647058823525262e-03
1.303431372549015369e-03
1.349999999999995735e-03
1.290196078431368352e-03
1.328431372549015435e-03
1.275490196078427367e-03
1.255392156862741035e-03
1.292156862745093933e-03
1.320588235294113330e-03
1.290686274509799747e-03
1.278921568627446916e-03
1.301960784313721401e-03
1.314705882352937023e-03
1.349019607843132944e-03
1.330392156862740798e-03
1.338725490196074081e-03
1.317647058823525176e-03
1.350490196078426913e-03
1.338725490196074081e-03
1.304411764705878159e-03
1.281372549019603674e-03
1.352450980392152493e-03
1.303921568627446764e-03
1.321568627450976120e-03
1.314215686274505628e-03
1.366666666666662300e-03
1.321568627450976120e-03
1.334803921568623137e-03
1.318137254901956571e-03
1.302941176470583974e-03
1.353921568627446679e-03
1.292156862745093933e-03
1.316666666666662386e-03
1.332843137254897774e-03
1.326960784313721249e-03
1.325490196078427064e-03
1.322549019607838910e-03
1.353921568627446679e-03
1.371078431372544639e-03
1.319607843137250757e-03
1.350980392156858308e-03
1.341666666666662452e-03
1.349019607843132944e-03
1.334803921568623137e-03
1.345588235294113396e-03
1.347549019607838759e-03
1.274509803921564577e-03
1.349019607843132944e-03
1.327450980392152645e-03
1.336764705882348718e-03
1.369607843137250454e-03
1.305882352941172345e-03
1.320588235294113330e-03
1.322549019607838910e-03
1.329411764705878008e-03
1.346078431372544574e-03
1.321078431372544725e-03
1.326960784313721249e-03
1.321568627450976120e-03
1.347549019607838759e-03
1.348039215686270154e-03
1.367156862745093696e-03
1.344607843137250605e-03
1.281372549019603674e-03
1.301470588235290006e-03
1.348039215686270154e-03
1.341666666666662452e-03
1.357352941176466227e-03
1.333333333333328952e-03
1.358823529411760413e-03
1.314705882352937023e-03
1.311274509803917257e-03
1.289705882352936957e-03
1.340686274509799662e-03
1.340686274509799662e-03
1.341666666666662452e-03
1.302450980392152579e-03
1.338725490196074081e-03
1.320098039215681935e-03
1.317156862745093781e-03
1.277450980392152730e-03
1.290686274509799747e-03
1.300490196078427215e-03
1.312745098039211442e-03
1.333823529411760347e-03
1.350490196078426913e-03
1.359313725490191591e-03
1.345098039215682001e-03
1.341176470588231057e-03
1.297058823529407667e-03
1.357843137254897622e-03
1.313725490196074232e-03
1.340196078431368266e-03
1.303921568627446764e-03
1.324999999999995669e-03
1.347549019607838759e-03
1.349509803921564340e-03
1.333333333333328952e-03
1.257843137254898011e-03
1.345588235294113396e-03
1.313725490196074232e-03
1.370098039215681849e-03
1.371078431372544639e-03
1.371568627450976035e-03
1.319117647058819362e-03
1.312745098039211442e-03
1.359803921568622986e-03
1.331862745098034984e-03
1.318627450980387967e-03
1.281862745098035069e-03
1.349019607843132944e-03
1.322549019607838910e-03
1.293137254901956723e-03
1.352450980392152493e-03
1.323039215686270306e-03
1.365686274509799510e-03
1.363235294117642752e-03
1.374999999999995583e-03
1.333823529411760347e-03
1.328431372549015435e-03
1.372549019607838608e-03
1.313725490196074232e-03
1.288235294117642989e-03
1.314705882352937023e-03
1.304901960784309554e-03
1.330392156862740798e-03
1.369117647058819059e-03
1.292156862745093933e-03
1.324999999999995669e-03
1.298529411764701635e-03
1.349019607843132944e-03
1.311274509803917257e-03
1.368627450980387664e-03
1.296568627450976272e-03
1.301470588235290006e-03
1.370098039215681849e-03
1.337745098039211291e-03
1.342647058823525025e-03
1.368137254901956269e-03
1.344607843137250605e-03
1.325980392156858459e-03
1.292647058823525328e-03
1.316666666666662386e-03
1.304411764705878159e-03
1.349999999999995735e-03
1.320098039215681935e-03
1.306862745098034918e-03
1.339705882352936871e-03
1.398529411764701464e-03
1.288235294117642989e-03
1.295588235294113481e-03
1.325490196078427064e-03
1.359313725490191591e-03
1.326470588235289854e-03
1.299509803921564425e-03
1.330882352941172193e-03
1.346078431372544574e-03
1.376470588235289769e-03
1.294607843137250691e-03
1.361764705882348566e-03
1.380392156862740713e-03
1.371568627450976035e-03
1.343137254901956420e-03
1.291666666666662537e-03
1.331862745098034984e-03
1.358333333333329018e-03
1.390196078431367964e-03
1.278921568627446916e-03
1.325980392156858459e-03
1.331862745098034984e-03
1.327450980392152645e-03
1.301470588235290006e-03
1.362254901960779961e-03
1.305882352941172345e-03
1.290686274509799747e-03
1.293137254901956723e-03
1.326470588235289854e-03
1.345098039215682001e-03
1.305392156862740950e-03
1.332843137254897774e-03
1.331372549019603588e-03
1.354901960784309252e-03
1.358823529411760413e-03
1.334313725490191742e-03
1.356372549019603437e-03
1.324019607843133096e-03
1.311764705882348652e-03
1.404901960784309166e-03
1.312254901960780047e-03
1.260784313725486164e-03
1.367156862745093696e-03
1.332352941176466379e-03
1.317647058823525176e-03
1.355882352941172042e-03
1.365686274509799510e-03
1.353431372549015283e-03
1.343137254901956420e-03
1.296078431372544876e-03
1.323039215686270306e-03
1.355882352941172042e-03
1.337745098039211291e-03
1.345098039215682001e-03
1.386764705882348415e-03
1.333823529411760347e-03
1.292647058823525328e-03
1.312745098039211442e-03
1.329411764705878008e-03
1.293627450980387901e-03
1.339705882352936871e-03
1.350980392156858308e-03
1.354411764705878074e-03
1.337745098039211291e-03
1.313725490196074232e-03
1.322549019607838910e-03
1.338725490196074081e-03
1.311274509803917257e-03
1.338235294117642686e-03
1.309313725490191893e-03
1.320098039215681935e-03
1.384313725490191656e-03
1.331862745098034984e-03
1.336764705882348718e-03
1.374509803921564188e-03
1.292156862745093933e-03
1.310784313725486079e-03
1.333333333333328952e-03
1.312745098039211442e-03
1.304411764705878159e-03
1.337254901960780113e-03
1.347549019607838759e-03
1.369607843137250454e-03
1.402450980392152408e-03
1.303431372549015369e-03
1.280392156862741101e-03
1.316176470588230991e-03
1.315196078431368418e-03
1.348529411764701549e-03
1.399019607843132642e-03
1.354901960784309252e-03
1.343627450980387815e-03
1.334313725490191742e-03
1.348529411764701549e-03
1.348039215686270154e-03
1.321568627450976120e-03
1.344607843137250605e-03
1.340196078431368266e-03
1.297549019607839062e-03
1.344607843137250605e-03
1.349019607843132944e-03
1.310294117647054684e-03
1.339215686274505476e-03
1.301960784313721401e-03
1.276960784313721335e-03
1.364705882352936720e-03
1.307352941176466313e-03
1.313725490196074232e-03
1.360784313725485776e-03
1.350490196078426913e-03
1.355882352941172042e-03
1.315196078431368418e-03
1.297058823529407667e-03
1.304411764705878159e-03
1.320588235294113330e-03
1.322549019607838910e-03
1.368627450980387664e-03
1.317647058823525176e-03
1.345098039215682001e-03
1.315196078431368418e-03
1.286274509803917408e-03
1.326470588235289854e-03
1.367647058823525091e-03
1.319607843137250757e-03
1.361764705882348566e-03
1.316666666666662386e-03
1.328921568627446613e-03
1.379411764705877922e-03
1.333823529411760347e-03
1.279411764705878311e-03
1.322549019607838910e-03
1.354411764705878074e-03
1.373039215686270003e-03
1.301960784313721401e-03
1.319117647058819362e-03
1.339705882352936871e-03
1.351960784313721098e-03
1.324999999999995669e-03
1.354901960784309252e-03
1.296568627450976272e-03
1.358823529411760413e-03
1.379901960784309317e-03
1.369607843137250454e-03
1.331372549019603588e-03
1.338725490196074081e-03
1.359803921568622986e-03
1.369117647058819059e-03
1.349509803921564340e-03
1.307352941176466313e-03
1.320098039215681935e-03
1.307843137254897708e-03
1.285784313725486013e-03
1.340686274509799662e-03
1.331862745098034984e-03
1.342156862745093630e-03
1.323529411764701701e-03
1.294607843137250691e-03
1.320588235294113330e-03
1.291176470588231142e-03
1.340196078431368266e-03
1.332352941176466379e-03
1.339215686274505476e-03
1.303431372549015369e-03
1.326960784313721249e-03
1.318627450980387967e-03
1.298529411764701635e-03
1.340196078431368266e-03
1.349019607843132944e-03
1.357352941176466227e-03
1.338235294117642686e-03
1.338725490196074081e-03
1.351960784313721098e-03
1.343627450980387815e-03
1.355392156862740647e-03
1.342156862745093630e-03
1.352941176470583888e-03
1.312254901960780047e-03
1.345588235294113396e-03
1.343627450980387815e-03
1.320588235294113330e-03
1.325490196078427064e-03
1.320588235294113330e-03
1.330392156862740798e-03
1.338725490196074081e-03
1.292647058823525328e-03
1.353921568627446679e-03
1.298529411764701635e-03
1.302450980392152579e-03
1.292647058823525328e-03
1.288235294117642989e-03
1.312745098039211442e-03
1.335784313725485927e-03
1.364215686274505325e-03
1.325980392156858459e-03
1.311764705882348652e-03
1.331862745098034984e-03
1.347549019607838759e-03
1.283823529411760650e-03
1.340196078431368266e-03
1.331372549019603588e-03
1.320098039215681935e-03
1.298529411764701635e-03
1.328431372549015435e-03
1.299019607843133030e-03
1.372058823529407430e-03
1.342156862745093630e-03
1.321078431372544725e-03
1.272549019607838996e-03
1.327941176470584040e-03
1.304901960784309554e-03
1.289705882352936957e-03
1.333333333333328952e-03
1.327941176470584040e-03
1.312745098039211442e-03
1.344607843137250605e-03
1.321078431372544725e-03
1.300490196078427215e-03
1.294117647058819296e-03
1.291666666666662537e-03
1.287254901960780198e-03
1.289705882352936957e-03
1.300490196078427215e-03
1.314215686274505628e-03
1.341666666666662452e-03
1.281862745098035069e-03
1.329411764705878008e-03
1.384313725490191656e-03
1.293137254901956723e-03
1.306372549019603740e-03
1.339215686274505476e-03
1.329901960784309403e-03
1.342156862745093630e-03
1.334803921568623137e-03
1.361274509803917171e-03
1.295588235294113481e-03
1.350490196078426913e-03
1.309803921568623289e-03
1.341176470588231057e-03
1.342647058823525025e-03
1.318137254901956571e-03
1.280392156862741101e-03
1.324019607843133096e-03
1.269607843137250842e-03
1.290196078431368352e-03
1.332843137254897774e-03
1.346078431372544574e-03
1.344117647058819210e-03
1.385784313725485625e-03
1.373039215686270003e-03
1.313235294117642837e-03
1.334803921568623137e-03
1.305392156862740950e-03
1.308333333333329103e-03
1.322549019607838910e-03
1.317156862745093781e-03
1.358333333333329018e-03
1.350490196078426913e-03
1.337254901960780113e-03
1.332843137254897774e-03
1.332352941176466379e-03
1.323039215686270306e-03
1.293627450980387901e-03
1.321568627450976120e-03
1.323529411764701701e-03
1.315196078431368418e-03
1.295098039215682086e-03
1.358333333333329018e-03
1.364705882352936720e-03
1.349509803921564340e-03
1.294607843137250691e-03
1.380392156862740713e-03
1.326470588235289854e-03
1.314215686274505628e-03
1.306862745098034918e-03
1.365686274509799510e-03
1.339705882352936871e-03
1.334803921568623137e-03
1.281372549019603674e-03
1.388725490196073995e-03
1.322058823529407515e-03
1.314705882352937023e-03
1.301470588235290006e-03
1.327941176470584040e-03
1.321568627450976120e-03
1.351960784313721098e-03
1.354411764705878074e-03
1.310294117647054684e-03
1.356862745098034832e-03
1.356372549019603437e-03
1.362745098039211357e-03
1.326960784313721249e-03
1.307352941176466313e-03
1.338235294117642686e-03
1.312254901960780047e-03
1.327941176470584040e-03
1.341666666666662452e-03
1.331372549019603588e-03
1.277450980392152730e-03
1.326960784313721249e-03
1.336274509803917323e-03
1.337254901960780113e-03
1.281862745098035069e-03
1.282843137254897859e-03
1.314705882352937023e-03
1.347058823529407364e-03
1.319607843137250757e-03
1.321078431372544725e-03
1.339215686274505476e-03
1.310784313725486079e-03
1.377450980392152342e-03
1.333333333333328952e-03
1.275980392156858762e-03
1.349999999999995735e-03
1.320098039215681935e-03
1.336764705882348718e-03
1.328921568627446613e-03
1.333823529411760347e-03
1.353921568627446679e-03
1.372058823529407430e-03
1.335784313725485927e-03
1.324019607843133096e-03
1.351470588235289703e-03
1.308823529411760498e-03
1.307843137254897708e-03
1.333333333333328952e-03
1.333333333333328952e-03
1.330882352941172193e-03
1.321568627450976120e-03
1.335294117647054532e-03
1.271078431372545028e-03
1.389705882352936569e-03
1.311274509803917257e-03
1.321568627450976120e-03
1.323529411764701701e-03
1.355882352941172042e-03
1.323039215686270306e-03
1.339215686274505476e-03
1.342156862745093630e-03
1.304901960784309554e-03
1.349509803921564340e-03
1.366176470588230905e-03
1.316176470588230991e-03
1.384313725490191656e-03
1.351960784313721098e-03
1.350980392156858308e-03
1.342156862745093630e-03
1.372549019607838608e-03
1.332352941176466379e-03
1.355392156862740647e-03
1.336274509803917323e-03
1.371568627450976035e-03
1.288235294117642989e-03
1.357843137254897622e-03
1.338235294117642686e-03
1.333823529411760347e-03
1.307843137254897708e-03
1.345588235294113396e-03
1.290196078431368352e-03
1.395588235294113093e-03
1.310784313725486079e-03
1.327941176470584040e-03
1.272058823529407601e-03
1.326960784313721249e-03
1.276960784313721335e-03
1.369117647058819059e-03
1.357843137254897622e-03
1.323039215686270306e-03
1.351470588235289703e-03
1.320098039215681935e-03
1.298529411764701635e-03
1.330882352941172193e-03
1.366176470588230905e-03
1.298529411764701635e-03
1.278431372549015520e-03
1.373529411764701398e-03
1.293137254901956723e-03
1.306372549019603740e-03
1.333823529411760347e-03
1.368627450980387664e-03
1.296568627450976272e-03
1.389705882352936786e-03
1.306862745098034918e-03
1.306862745098034918e-03
1.322058823529407515e-03
1.353431372549015283e-03
1.312254901960780047e-03
1.324999999999995669e-03
1.330392156862740798e-03
1.327450980392152645e-03
1.312254901960780047e-03
1.310784313725486079e-03
1.324999999999995669e-03
1.329901960784309403e-03
1.300980392156858611e-03
1.370098039215681849e-03
1.378921568627446527e-03
1.305392156862740950e-03
1.336764705882348718e-03
1.310294117647054684e-03
1.330882352941172193e-03
1.351470588235289703e-03
1.350980392156858308e-03
1.349999999999995735e-03
1.353921568627446679e-03
1.338235294117642686e-03
1.295098039215682086e-03
1.319607843137250757e-03
1.319607843137250757e-03
1.398529411764701464e-03
1.339705882352936871e-03
1.340196078431368266e-03
1.338235294117642686e-03
1.285784313725486013e-03
1.289705882352936957e-03
1.323039215686270306e-03
1.320588235294113330e-03
1.325490196078427064e-03
1.322058823529407515e-03
1.293137254901956723e-03
1.335294117647054532e-03
1.312254901960780047e-03
1.366176470588230905e-03
1.288235294117642989e-03
1.317156862745093781e-03
1.319117647058819362e-03
1.272549019607838996e-03
1.331372549019603588e-03
1.306372549019603740e-03
1.298529411764701635e-03
1.315196078431368418e-03
1.326960784313721249e-03
1.365196078431368115e-03
1.327941176470584040e-03
1.349999999999995735e-03
1.341666666666662452e-03
1.380392156862740713e-03
1.348039215686270154e-03
1.353431372549015283e-03
1.333333333333328952e-03
1.363235294117642752e-03
1.349999999999995735e-03
1.304411764705878159e-03
1.382843137254897471e-03
1.321078431372544725e-03
1.267647058823525262e-03
1.382843137254897471e-03
1.338235294117642686e-03
1.325980392156858459e-03
1.272549019607838996e-03
1.304411764705878159e-03
1.286274509803917408e-03
1.290196078431368352e-03
1.294117647058819296e-03
1.375980392156858374e-03
1.290686274509799747e-03
1.290686274509799747e-03
1.309313725490191893e-03
1.337745098039211291e-03
1.293137254901956723e-03
1.323529411764701701e-03
1.357843137254897622e-03
1.355882352941172042e-03
1.331372549019603588e-03
1.317156862745093781e-03
1.331372549019603588e-03
1.313235294117642837e-03
1.339705882352936871e-03
1.311274509803917257e-03
1.312745098039211442e-03
1.357843137254897622e-03
1.365196078431368115e-03
1.296078431372544876e-03
1.333333333333328952e-03
1.345588235294113396e-03
1.357352941176466227e-03
1.362745098039211357e-03
1.314705882352937023e-03
1.333823529411760347e-03
1.314705882352937023e-03
1.325980392156858459e-03
1.345098039215682001e-03
1.371568627450976035e-03
1.352450980392152493e-03
1.338725490196074081e-03
1.311764705882348652e-03
1.289215686274505562e-03
1.343137254901956420e-03
1.395588235294113093e-03
1.348529411764701549e-03
1.350490196078426913e-03
1.317647058823525176e-03
1.303431372549015369e-03
1.343137254901956420e-03
1.344607843137250605e-03
1.313725490196074232e-03
1.332352941176466379e-03
1.268137254901956657e-03
1.321568627450976120e-03
1.337254901960780113e-03
1.360784313725485776e-03
1.343137254901956420e-03
1.298529411764701635e-03
1.344117647058819210e-03
1.323039215686270306e-03
1.323529411764701701e-03
1.337254901960780113e-03
1.307843137254897708e-03
1.341666666666662452e-03
1.358823529411760413e-03
1.358333333333329018e-03
1.310784313725486079e-03
1.304411764705878159e-03
1.354901960784309252e-03
1.356862745098034832e-03
1.329411764705878008e-03
1.331862745098034984e-03
1.340196078431368266e-03
1.320588235294113330e-03
1.313235294117642837e-03
1.328431372549015435e-03
1.349999999999995735e-03
1.292156862745093933e-03
1.305392156862740950e-03
1.336274509803917323e-03
1.281372549019603674e-03
1.326960784313721249e-03
1.284803921568623223e-03
1.330882352941172193e-03
1.317647058823525176e-03
1.348529411764701549e-03
1.328431372549015435e-03
1.335294117647054532e-03
1.314215686274505628e-03
1.282352941176466464e-03
1.309313725490191893e-03
1.366176470588230905e-03
1.362745098039211357e-03
1.299019607843133030e-03
1.299019607843133030e-03
1.344607843137250605e-03
1.353431372549015283e-03
1.339215686274505476e-03
1.300980392156858611e-03
1.349999999999995735e-03
1.330882352941172193e-03
1.299509803921564425e-03
1.282352941176466464e-03
1.361764705882348566e-03
1.350980392156858308e-03
1.312254901960780047e-03
1.344117647058819210e-03
1.346078431372544574e-03
1.360784313725485776e-03
1.293627450980387901e-03
1.313725490196074232e-03
1.299509803921564425e-03
1.377450980392152342e-03
1.312254901960780047e-03
1.366666666666662300e-03
1.367647058823525091e-03
1.334313725490191742e-03
1.321078431372544725e-03
1.308823529411760498e-03
1.330882352941172193e-03
1.350980392156858308e-03
1.332352941176466379e-03
1.315686274509799596e-03
1.357352941176466227e-03
1.340686274509799662e-03
1.261764705882348955e-03
1.293137254901956723e-03
1.331862745098034984e-03
1.355882352941172042e-03
1.325980392156858459e-03
1.313235294117642837e-03
1.314215686274505628e-03
1.325490196078427064e-03
1.324019607843133096e-03
1.311764705882348652e-03
1.308823529411760498e-03
1.296568627450976272e-03
1.324999999999995669e-03
1.350980392156858308e-03
1.344607843137250605e-03
1.291666666666662537e-03
1.315686274509799596e-03
1.337745098039211291e-03
1.317156862745093781e-03
1.295588235294113481e-03
1.325490196078427064e-03
1.338235294117642686e-03
1.317156862745093781e-03
1.335784313725485927e-03
1.345098039215682001e-03
1.332352941176466379e-03
1.309803921568623289e-03
1.312745098039211442e-03
1.365196078431368115e-03
1.362745098039211357e-03
1.310294117647054684e-03
1.371568627450976035e-03
1.291176470588231142e-03
1.333823529411760347e-03
1.338235294117642686e-03
1.340196078431368266e-03
1.303921568627446764e-03
1.310784313725486079e-03
1.372058823529407430e-03
1.350980392156858308e-03
1.305392156862740950e-03
1.379901960784309317e-03
1.295098039215682086e-03
1.259803921568623374e-03
1.289215686274505562e-03
1.353431372549015283e-03
1.374019607843132793e-03
1.298039215686270240e-03
1.358333333333329018e-03
1.349999999999995735e-03
1.354901960784309252e-03
1.312745098039211442e-03
1.356862745098034832e-03
1.362745098039211357e-03
1.334803921568623137e-03
1.306372549019603740e-03
1.288725490196074384e-03
1.308333333333329103e-03
1.309313725490191893e-03
1.339705882352936871e-03
1.338235294117642686e-03
1.387254901960779810e-03
1.350980392156858308e-03
1.311274509803917257e-03
1.335784313725485927e-03
1.334313725490191742e-03
1.341176470588231057e-03
1.340686274509799662e-03
1.336764705882348718e-03
1.341666666666662452e-03
1.348529411764701549e-03
1.299019607843133030e-03
1.318627450980387967e-03
1.313235294117642837e-03
1.341176470588231057e-03
1.360784313725485776e-03
1.364705882352936720e-03
1.324999999999995669e-03
1.336274509803917323e-03
1.327941176470584040e-03
1.348039215686270154e-03
1.325980392156858459e-03
1.357843137254897622e-03
1.338235294117642686e-03
1.339215686274505476e-03
1.328431372549015435e-03
1.331372549019603588e-03
1.320588235294113330e-03
1.332352941176466379e-03
1.318137254901956571e-03
1.294117647058819296e-03
1.335294117647054532e-03
1.324999999999995669e-03
1.351470588235289703e-03
1.321568627450976120e-03
1.298529411764701635e-03
1.320098039215681935e-03
1.345098039215682001e-03
1.343137254901956420e-03
1.315196078431368418e-03
1.318627450980387967e-03
1.294607843137250691e-03
1.305392156862740950e-03
1.329901960784309403e-03
1.298529411764701635e-03
1.320098039215681935e-03
1.310294117647054684e-03
1.363725490196073930e-03
1.341176470588231057e-03
1.334803921568623137e-03
1.282843137254897859e-03
1.357352941176466227e-03
1.349019607843132944e-03
1.329411764705878008e-03
1.292156862745093933e-03
1.324019607843133096e-03
1.326470588235289854e-03
1.345588235294113396e-03
1.295098039215682086e-03
1.290686274509799747e-03
1.281862745098035069e-03
1.346568627450975969e-03
1.341176470588231057e-03
1.328431372549015435e-03
1.288235294117642989e-03
1.288235294117642989e-03
1.348039215686270154e-03
1.329411764705878008e-03
1.334313725490191742e-03
1.281862745098035069e-03
1.347058823529407364e-03
1.330392156862740798e-03
1.288725490196074384e-03
1.343137254901956420e-03
1.354411764705878074e-03
1.312254901960780047e-03
1.318137254901956571e-03
1.344607843137250605e-03
1.300490196078427215e-03
1.350490196078426913e-03
1.265196078431368503e-03
1.286274509803917408e-03
1.316666666666662386e-03
1.326960784313721249e-03
1.336764705882348718e-03
1.308823529411760498e-03
1.322058823529407515e-03
1.330882352941172193e-03
1.350490196078426913e-03
1.302941176470583974e-03
1.289215686274505562e-03
1.364215686274505325e-03
1.347549019607838759e-03
1.314215686274505628e-03
1.294607843137250691e-03
1.340686274509799662e-03
1.331862745098034984e-03
1.353431372549015283e-03
1.335294117647054532e-03
1.303431372549015369e-03
1.293137254901956723e-03
1.320098039215681935e-03
1.344607843137250605e-03
1.359313725490191591e-03
1.336274509803917323e-03
1.320588235294113330e-03
1.363725490196073930e-03
1.327450980392152645e-03
1.349509803921564340e-03
1.292156862745093933e-03
1.344117647058819210e-03
1.308823529411760498e-03
1.301960784313721401e-03
1.345098039215682001e-03
1.328921568627446613e-03
1.328431372549015435e-03
1.342647058823525025e-03
1.302450980392152579e-03
1.318627450980387967e-03
1.324999999999995669e-03
1.295588235294113481e-03
1.312254901960780047e-03
1.261274509803917560e-03
1.334803921568623137e-03
1.336274509803917323e-03
1.326960784313721249e-03
1.335294117647054532e-03
1.311274509803917257e-03
1.324019607843133096e-03
1.345588235294113396e-03
1.344607843137250605e-03
1.341176470588231057e-03
1.318137254901956571e-03
1.337254901960780113e-03
1.379901960784309317e-03
1.295098039215682086e-03
1.315196078431368418e-03
1.313235294117642837e-03
1.304411764705878159e-03
1.300490196078427215e-03
1.332843137254897774e-03
1.346568627450975969e-03
1.353921568627446679e-03
1.317156862745093781e-03
1.326960784313721249e-03
1.308333333333329103e-03
1.346568627450975969e-03
1.343137254901956420e-03
1.331372549019603588e-03
1.325490196078427064e-03
1.301470588235290006e-03
1.338235294117642686e-03
1.312254901960780047e-03
1.296568627450976272e-03
1.325490196078427064e-03
1.334313725490191742e-03
1.320098039215681935e-03
1.318137254901956571e-03
1.333333333333328952e-03
1.347549019607838759e-03
1.318137254901956571e-03
1.306372549019603740e-03
1.309803921568623289e-03
1.296078431372544876e-03
1.288725490196074384e-03
1.385784313725485625e-03
1.449019607843132556e-03
1.563235294117641975e-03
1.679411764705876758e-03
1.772058823529406094e-03
1.830392156862739074e-03
1.943137254901954524e-03
2.026470588235288004e-03
2.133823529411757892e-03
2.112745098039209204e-03
2.213235294117639994e-03
2.264705882352933877e-03
2.324019607843130081e-03
2.273529411764698555e-03
2.315196078431365403e-03
2.372549019607835593e-03
2.410784313725482676e-03
2.448529411764697929e-03
2.540686274509795870e-03
2.584803921568619260e-03
2.566666666666658509e-03
2.592156862745089753e-03
2.601960784313717221e-03
2.554411764705874065e-03
2.669607843137246275e-03
2.640686274509795265e-03
2.651960784313716919e-03
2.639705882352932475e-03
2.638725490196070118e-03
2.614705882352932626e-03
2.603431372549011406e-03
2.661274509803912992e-03
2.634313725490187563e-03
2.697058823529403099e-03
2.733823529411755996e-03
2.777450980392147991e-03
2.706372549019599172e-03
2.712745098039206874e-03
2.718137254901952220e-03
2.691666666666658186e-03
2.737254901960775328e-03
2.748039215686265586e-03
2.667156862745089299e-03
2.668137254901952089e-03
2.722549019607834343e-03
2.728921568627442045e-03
2.697549019607834494e-03
2.726470588235285503e-03
2.689215686274501211e-03
2.694117647058814728e-03
2.713725490196069665e-03
2.676470588235285372e-03
2.669607843137246275e-03
2.667647058823520694e-03
2.638235294117638723e-03
2.711274509803912689e-03
2.664215686274501362e-03
2.690196078431364001e-03
2.671568627450971855e-03
2.691666666666658186e-03
2.706372549019599172e-03
2.673529411764697435e-03
2.662745098039207177e-03
2.619607843137246577e-03
2.716176470588226640e-03
2.621078431372540762e-03
2.626960784313717070e-03
2.616176470588226811e-03
2.596078431372540480e-03
2.621078431372540762e-03
2.628431372549011255e-03
2.661274509803912992e-03
2.568627450980384089e-03
2.555392156862736856e-03
2.631862745098030587e-03
2.608333333333324924e-03
2.611764705882344689e-03
2.596568627450971875e-03
2.661274509803912992e-03
2.647058823529403401e-03
2.586274509803913445e-03
2.566176470588227114e-03
2.553431372549011275e-03
2.658823529411756016e-03
2.596078431372540480e-03
2.556372549019599646e-03
2.593137254901952543e-03
2.510294117647050675e-03
2.573039215686266212e-03
2.587745098039207197e-03
2.650490196078422733e-03
2.503921568627442973e-03
2.511274509803913466e-03
2.488725490196070159e-03
2.513235294117639046e-03
2.518627450980383958e-03
2.534803921568619129e-03
2.487745098039207802e-03
2.469607843137247051e-03
2.501960784313717392e-03
2.552941176470579880e-03
2.482843137254893851e-03
2.484313725490188036e-03
2.410294117647051280e-03
2.496568627450972480e-03
2.515686274509796021e-03
2.599019607843128851e-03
2.526960784313717241e-03
2.530392156862737007e-03
2.539215686274501685e-03
2.563235294117638743e-03
2.602941176470580011e-03
2.561274509803913163e-03
2.628921568627442650e-03
2.630882352941167797e-03
2.668137254901952089e-03
2.629411764705874045e-03
2.587745098039207197e-03
2.623039215686265909e-03
2.705392156862736382e-03
2.707352941176461962e-03
2.747058823529402796e-03
2.725980392156854108e-03
2.721078431372540157e-03
2.751470588235285352e-03
2.731372549019599021e-03
2.771568627450971250e-03
2.724509803921559923e-03
2.744607843137246254e-03
2.783823529411755694e-03
2.723529411764697133e-03
2.827450980392147688e-03
2.753921568627441894e-03
2.819117647058814406e-03
2.731862745098030416e-03
2.803431372549010630e-03
2.787745098039206854e-03
2.774999999999991016e-03
2.780392156862735928e-03
2.781372549019598718e-03
2.834313725490186786e-03
2.787254901960775459e-03
2.868627450980382708e-03
2.922549019607833566e-03
2.750490196078422562e-03
2.836764705882343762e-03
2.797058823529402927e-03
2.800980392156853654e-03
2.828921568627441874e-03
2.860784313725480820e-03
2.825490196078422108e-03
2.795588235294108742e-03
2.838235294117637947e-03
2.843627450980382859e-03
2.848039215686265415e-03
2.843627450980382859e-03
2.828921568627441874e-03
2.843137254901951464e-03
2.809313725490186937e-03
2.813725490196069493e-03
2.762254901960775177e-03
2.848039215686265415e-03
2.740196078431363699e-03
2.808333333333324147e-03
2.790686274509794791e-03
2.754411764705873289e-03
2.791666666666657581e-03
2.785784313725481274e-03
2.740686274509795094e-03
2.766666666666657733e-03
2.770098039215677498e-03
2.819607843137245801e-03
2.708333333333324752e-03
2.757352941176461660e-03
2.721078431372540157e-03
2.742156862745089279e-03
2.762254901960775177e-03
2.812254901960775308e-03
2.808333333333324147e-03
2.771568627450971250e-03
2.722058823529402947e-03
2.780392156862735928e-03
2.676470588235285372e-03
2.826960784313716293e-03
2.751470588235285352e-03
2.727450980392147860e-03
2.748529411764696982e-03
2.732352941176461811e-03
2.758823529411755845e-03
2.680882352941167928e-03
2.699509803921560074e-03
2.755882352941167474e-03
2.710294117647049899e-03
2.654411764705873894e-03
2.698039215686265889e-03
2.715686274509795245e-03
2.714215686274501060e-03
2.675490196078422582e-03
2.725980392156854108e-03
2.706372549019599172e-03
2.673039215686266040e-03
2.682843137254893508e-03
2.667156862745089299e-03
2.696078431372540309e-03
2.688725490196069816e-03
2.653431372549011104e-03
2.706862745098030567e-03
2.590686274509795568e-03
2.644117647058815031e-03
2.699999999999991469e-03
2.691176470588226791e-03
2.740196078431363699e-03
2.614705882352932626e-03
2.615686274509795416e-03
2.674999999999991187e-03
2.676470588235285372e-03
2.605392156862736553e-03
2.597549019607834665e-03
2.652450980392148314e-03
2.632352941176461982e-03
2.653431372549011104e-03
2.654411764705873894e-03
2.615196078431364021e-03
2.599999999999991641e-03
2.588235294117638592e-03
2.522549019607835119e-03
2.553921568627442670e-03
2.611274509803913294e-03
2.582352941176462285e-03
2.583333333333325075e-03
2.558333333333325226e-03
2.641176470588226660e-03
2.544117647058815202e-03
2.621568627450972157e-03
2.593627450980383938e-03
2.581372549019599495e-03
2.560294117647050807e-03
2.554411764705874065e-03
2.574509803921560397e-03
2.582352941176462285e-03
2.551960784313717524e-03
2.507843137254894134e-03
2.530882352941168402e-03
2.616176470588226811e-03
2.496568627450972480e-03
2.538235294117638895e-03
2.508333333333325095e-03
2.573529411764697607e-03
2.549999999999991943e-03
2.549019607843129153e-03
2.588235294117638592e-03
2.530882352941168402e-03
2.520588235294109539e-03
2.524019607843129304e-03
2.490196078431364778e-03
2.588725490196069987e-03
2.510294117647050675e-03
2.526470588235285846e-03
2.574509803921560397e-03
2.557352941176462436e-03
2.481862745098031495e-03
2.541176470588227265e-03
2.541666666666658660e-03
2.484803921568619432e-03
2.486274509803913617e-03
2.495588235294109690e-03
2.494607843137246900e-03
2.526960784313717241e-03
2.506372549019599948e-03
2.459313725490188188e-03
2.496078431372541085e-03
2.506372549019599948e-03
2.500490196078423207e-03
2.459803921568619583e-03
2.436764705882345314e-03
2.451470588235286300e-03
2.491176470588227134e-03
2.531862745098031192e-03
2.491176470588227134e-03
2.445098039215678597e-03
2.483823529411756641e-03
2.474509803921560568e-03
2.428431372549012032e-03
2.382352941176463061e-03
2.406372549019600120e-03
2.423039215686266686e-03
2.439705882352933251e-03
2.457843137254894002e-03
2.461764705882345163e-03
2.450980392156854905e-03
2.451960784313717695e-03
2.494607843137246900e-03
2.411274509803914071e-03
2.378921568627443296e-03
2.407352941176462910e-03
2.418627450980384563e-03
2.491666666666658529e-03
2.408333333333325700e-03
2.409803921568619885e-03
2.407843137254894305e-03
2.413725490196070612e-03
2.346078431372541559e-03
2.431862745098030930e-03
2.380882352941168876e-03
2.367647058823522076e-03
2.411764705882345466e-03
2.394117647058816110e-03
2.390686274509796344e-03
2.334803921568619905e-03
2.364215686274502310e-03
2.379411764705874691e-03
2.383333333333325851e-03
2.314215686274502613e-03
2.395588235294109861e-03
2.379901960784306086e-03
2.329901960784306388e-03
2.327450980392149413e-03
2.394117647058816110e-03
2.336764705882345052e-03
2.380392156862737481e-03
2.342156862745090398e-03
2.337745098039208276e-03
2.359803921568619754e-03
2.334313725490188510e-03
2.318627450980384735e-03
2.306372549019600725e-03
2.342156862745090398e-03
2.372058823529404198e-03
2.348039215686267139e-03
2.337745098039208276e-03
2.284313725490188813e-03
2.358823529411757398e-03
2.301470588235286774e-03
2.391176470588227739e-03
2.320588235294110315e-03
2.349509803921561325e-03
2.315686274509796798e-03
2.271568627450973408e-03
2.313235294117639822e-03
2.343627450980384583e-03
2.285784313725482998e-03
2.340196078431364818e-03
2.280392156862738086e-03
2.252941176470581262e-03
2.361274509803913940e-03
2.299019607843129798e-03
2.260784313725483149e-03
2.245588235294110769e-03
2.246078431372541730e-03
2.289215686274502764e-03
2.315196078431365403e-03
2.288725490196071369e-03
2.289705882352933725e-03
2.259803921568620359e-03
2.213235294117639994e-03
2.278431372549012505e-03
2.295588235294110466e-03
2.296078431372541861e-03
2.249019607843130101e-03
2.262254901960777335e-03
2.270098039215678789e-03
2.273039215686267159e-03
2.284803921568620208e-03
2.290196078431365120e-03
2.261274509803914545e-03
2.242647058823522398e-03
2.249509803921561496e-03
2.317156862745090116e-03
2.253921568627444052e-03
2.174999999999993345e-03
2.220588235294110487e-03
2.215196078431365574e-03
2.252941176470581262e-03
2.223039215686267028e-03
2.233823529411757720e-03
2.251960784313718471e-03
2.248529411764698706e-03
2.236274509803914696e-03
2.199999999999993194e-03
2.250980392156855681e-03
2.205882352941169501e-03
2.215196078431365574e-03
2.176470588235286663e-03
2.185294117647051775e-03
2.232352941176463535e-03
2.150980392156855853e-03
2.206862745098032291e-03
2.165686274509797272e-03
2.202941176470580697e-03
2.182843137254895233e-03
2.184313725490189418e-03
2.216666666666659759e-03
2.204901960784306711e-03
2.176960784313718492e-03
2.218137254901953945e-03
2.258823529411757569e-03
2.186274509803914565e-03
2.185784313725483170e-03
2.206862745098032291e-03
2.178921568627443638e-03
2.153431372549012828e-03
2.222058823529404672e-03
2.136764705882346262e-03
2.230882352941169350e-03
2.164215686274503087e-03
2.122549019607836672e-03
2.123529411764699028e-03
2.220098039215679091e-03
2.180882352941169219e-03
2.181372549019601047e-03
2.159803921568620097e-03
2.162745098039208901e-03
2.119607843137248301e-03
2.095098039215679414e-03
2.166666666666659628e-03
2.157843137254895384e-03
2.110784313725483623e-03
2.147549019607836087e-03
2.187254901960776921e-03
2.152450980392150038e-03
2.153431372549012828e-03
2.161274509803914282e-03
2.195588235294110638e-03
2.124999999999993214e-03
2.161274509803914716e-03
2.081862745098032614e-03
2.127941176470581584e-03
2.130882352941169521e-03
2.107352941176463858e-03
2.170588235294110789e-03
2.170588235294110789e-03
2.211274509803913980e-03
2.085294117647052380e-03
2.145588235294110507e-03
2.094607843137248453e-03
2.161764705882345677e-03
2.126960784313718794e-03
2.082352941176464009e-03
2.084803921568620984e-03
2.154901960784307013e-03
2.143627450980385360e-03
2.082352941176464009e-03
2.066666666666660233e-03
2.124019607843130424e-03
2.108333333333326214e-03
2.061274509803914887e-03
2.104901960784307316e-03
2.088725490196071712e-03
2.122058823529405277e-03
2.116666666666659931e-03
2.098039215686267785e-03
2.124019607843129990e-03
2.107352941176463858e-03
2.089705882352934502e-03
2.125980392156855570e-03
2.044607843137248322e-03
2.042647058823522741e-03
2.068627450980385380e-03
2.024019607843130595e-03
2.046078431372542507e-03
2.100490196078424326e-03
2.122058823529405277e-03
2.055882352941169975e-03
2.077941176470581887e-03
2.114705882352934350e-03
1.998529411764699351e-03
2.037745098039209224e-03
2.037745098039208790e-03
2.049019607843130877e-03
2.079411764705875205e-03
1.984803921568621156e-03
2.042647058823523175e-03
2.056862745098032332e-03
2.093627450980385229e-03
1.997549019607836561e-03
2.062745098039209073e-03
2.036274509803915039e-03
2.050490196078425063e-03
2.050980392156856458e-03
2.018137254901953854e-03
2.053921568627443961e-03
2.051960784313719248e-03
2.067647058823523024e-03
2.049999999999993668e-03
2.070588235294111394e-03
1.928431372549013105e-03
2.022058823529405448e-03
1.994117647058816795e-03
2.067156862745091628e-03
2.075980392156856306e-03
1.959313725490189478e-03
2.028431372549013151e-03
2.005882352941170278e-03
2.027941176470581322e-03
2.008333333333327253e-03
2.017156862745091931e-03
2.009803921568621005e-03
2.108823529411758043e-03
1.962745098039209244e-03
2.065196078431366048e-03
