5.220588235294100791e-04
5.833333333333314301e-04
6.181372549019588554e-04
6.617647058823508503e-04
6.995098039215663210e-04
6.857843137254880173e-04
7.186274509803898623e-04
7.666666666666641962e-04
7.720588235294093254e-04
7.529411764705857841e-04
7.808823529411740034e-04
8.132352941176444533e-04
8.441176470588208263e-04
8.745098039215656958e-04
8.475490196078404835e-04
9.294117647058792358e-04
9.485294117647028855e-04
9.377450980392127355e-04
9.044117647058794954e-04
9.068627450980362541e-04
9.710784313725458671e-04
9.357843137254871551e-04
9.823529411764674122e-04
1.015196078431369366e-03
1.055392156862741812e-03
1.024999999999996834e-03
1.055392156862741812e-03
1.031862745098035931e-03
1.061274509803918336e-03
1.098039215686271016e-03
1.059803921568624151e-03
1.060784313725486941e-03
1.132352941176466938e-03
1.080392156862741660e-03
1.101470588235290565e-03
1.176470588235290328e-03
1.139215686274506253e-03
1.113725490196075009e-03
1.153921568627447238e-03
1.140196078431369043e-03
1.184313725490192216e-03
1.188725490196074555e-03
1.169607843137251231e-03
1.158333333333329577e-03
1.203921568627447152e-03
1.143137254901957197e-03
1.183333333333329643e-03
1.166176470588231682e-03
1.172058823529407989e-03
1.196078431372545265e-03
1.185784313725486401e-03
1.143137254901957197e-03
1.200980392156858999e-03
1.237745098039211679e-03
1.176960784313721723e-03
1.194607843137251079e-03
1.193137254901956894e-03
1.243627450980388204e-03
1.202450980392152967e-03
1.252450980392152882e-03
1.217156862745094170e-03
1.207352941176466701e-03
1.210294117647055072e-03
1.209803921568623677e-03
1.219117647058819750e-03
1.249999999999995906e-03
1.240686274509800050e-03
1.216176470588231379e-03
1.248039215686270543e-03
1.219117647058819750e-03
1.264215686274505713e-03
1.252941176470584277e-03
1.216666666666662558e-03
1.170588235294114021e-03
1.254411764705878245e-03
1.234803921568623526e-03
1.200490196078427604e-03
1.258333333333329406e-03
1.192647058823525716e-03
1.248529411764701938e-03
1.244607843137250994e-03
1.227941176470584211e-03
1.223039215686270694e-03
1.171568627450976594e-03
1.171078431372545199e-03
1.223529411764701872e-03
1.231862745098035372e-03
1.235294117647054921e-03
1.208333333333329491e-03
1.242647058823525413e-03
1.283823529411760650e-03
1.224019607843133267e-03
1.225490196078427452e-03
1.259313725490191979e-03
1.296568627450976272e-03
1.255392156862741035e-03
1.212745098039211831e-03
1.218627450980388355e-03
1.219117647058819750e-03
1.277450980392152730e-03
1.267647058823525262e-03
1.284803921568623223e-03
1.288235294117642989e-03
1.238235294117643074e-03
1.195588235294113870e-03
1.199019607843133418e-03
1.281372549019603674e-03
1.190686274509800135e-03
1.290686274509799747e-03
1.219117647058819750e-03
1.269117647058819447e-03
1.249019607843133333e-03
1.246078431372544962e-03
1.252450980392152882e-03
1.276470588235289940e-03
1.288725490196074384e-03
1.239215686274505865e-03
1.264215686274505713e-03
1.190196078431368740e-03
1.287745098039211594e-03
1.241176470588231228e-03
1.239705882352937260e-03
1.232352941176466550e-03
1.276960784313721335e-03
1.247058823529407752e-03
1.237745098039211679e-03
1.224019607843133267e-03
1.214705882352937411e-03
1.188725490196074555e-03
1.241666666666662623e-03
1.256862745098035221e-03
1.234803921568623526e-03
1.227450980392153033e-03
1.241176470588231228e-03
1.249509803921564728e-03
1.272058823529407601e-03
1.225980392156858848e-03
1.228431372549015606e-03
1.255882352941172430e-03
1.274999999999995972e-03
1.292647058823525328e-03
1.251470588235290091e-03
1.210784313725486250e-03
1.285294117647054618e-03
1.283333333333329255e-03
1.212254901960780435e-03
1.247549019607839147e-03
1.194117647058819684e-03
1.251960784313721486e-03
1.224999999999996057e-03
1.215196078431368589e-03
1.257843137254898011e-03
1.254411764705878245e-03
1.230882352941172582e-03
1.206862745098035306e-03
1.259803921568623374e-03
1.225980392156858848e-03
1.235294117647054921e-03
1.214705882352937411e-03
1.249509803921564728e-03
1.280882352941172279e-03
1.243137254901956808e-03
1.263235294117642923e-03
1.246568627450976357e-03
1.205882352941172733e-03
1.212745098039211831e-03
1.186274509803917796e-03
1.263725490196074318e-03
1.276470588235289940e-03
1.283333333333329255e-03
1.217647058823525565e-03
1.245098039215682389e-03
1.285294117647054618e-03
1.233823529411760735e-03
1.208333333333329491e-03
1.259803921568623374e-03
1.255392156862741035e-03
1.252941176470584277e-03
1.281862745098035069e-03
1.238725490196074469e-03
1.196078431372545265e-03
1.266666666666662689e-03
1.263725490196074318e-03
1.274999999999995972e-03
1.241666666666662623e-03
1.206372549019603911e-03
1.222058823529407904e-03
1.251470588235290091e-03
1.258823529411760584e-03
1.248529411764701938e-03
1.244117647058819599e-03
1.195098039215682474e-03
1.236274509803917711e-03
1.300490196078427215e-03
1.266176470588231294e-03
1.238235294117643074e-03
1.232843137254897945e-03
1.270588235294113633e-03
1.242647058823525413e-03
1.236274509803917711e-03
1.248529411764701938e-03
1.255882352941172430e-03
1.234313725490192130e-03
1.225490196078427452e-03
1.218627450980388355e-03
1.202941176470584362e-03
1.200490196078427604e-03
1.283823529411760650e-03
1.272058823529407601e-03
1.228921568627447001e-03
1.219607843137250928e-03
1.227941176470584211e-03
1.253921568627447067e-03
1.273529411764701786e-03
1.217647058823525565e-03
1.271568627450976423e-03
1.246078431372544962e-03
1.223529411764701872e-03
1.233333333333329340e-03
1.247549019607839147e-03
1.269117647058819447e-03
1.241666666666662623e-03
1.237745098039211679e-03
1.210784313725486250e-03
1.209803921568623677e-03
1.259313725490191979e-03
1.222549019607839299e-03
1.213235294117643226e-03
1.229411764705878396e-03
1.230392156862741187e-03
1.196078431372545265e-03
1.190686274509800135e-03
1.267156862745094084e-03
1.254901960784309640e-03
1.271568627450976423e-03
1.272549019607838996e-03
1.277450980392152730e-03
1.193137254901956894e-03
1.258333333333329406e-03
1.234313725490192130e-03
1.247058823529407752e-03
1.265196078431368503e-03
1.223529411764701872e-03
1.196078431372545265e-03
1.255882352941172430e-03
1.226960784313721638e-03
1.237745098039211679e-03
1.280882352941172279e-03
1.278431372549015520e-03
1.199509803921564813e-03
1.220098039215682323e-03
1.231862745098035372e-03
1.205392156862741338e-03
1.293137254901956723e-03
1.206372549019603911e-03
1.271568627450976423e-03
1.263725490196074318e-03
1.214215686274506016e-03
1.239215686274505865e-03
1.232843137254897945e-03
1.256862745098035221e-03
1.230882352941172582e-03
1.240686274509800050e-03
1.267156862745094084e-03
1.258823529411760584e-03
1.263725490196074318e-03
1.260294117647054769e-03
1.242156862745094018e-03
1.266666666666662689e-03
1.296078431372544876e-03
1.216666666666662774e-03
1.238235294117643074e-03
1.212745098039211831e-03
1.216176470588231379e-03
1.250490196078427301e-03
1.268137254901956657e-03
1.193137254901956894e-03
1.264705882352937108e-03
1.263725490196074318e-03
1.216666666666662774e-03
1.234803921568623526e-03
1.246568627450976357e-03
1.233823529411760735e-03
1.250980392156858696e-03
1.242156862745094018e-03
1.296568627450976272e-03
1.227941176470584211e-03
1.229411764705878396e-03
1.241666666666662623e-03
1.241176470588231228e-03
1.244117647058819599e-03
1.253921568627447067e-03
1.226960784313721638e-03
1.247549019607839147e-03
1.216666666666662774e-03
1.254901960784309640e-03
1.265686274509799899e-03
1.216666666666662774e-03
1.269607843137250842e-03
1.224509803921564662e-03
1.185784313725486401e-03
1.229411764705878396e-03
1.229411764705878396e-03
1.227450980392153033e-03
1.217647058823525565e-03
1.197549019607839233e-03
1.216666666666662774e-03
1.253431372549015672e-03
1.248529411764701938e-03
1.260294117647054769e-03
1.244607843137250994e-03
1.220588235294113718e-03
1.255882352941172430e-03
1.193627450980388289e-03
1.262254901960780350e-03
1.246568627450976357e-03
1.240196078431368655e-03
1.230882352941172582e-03
1.208823529411760887e-03
1.247058823529407752e-03
1.262745098039211745e-03
1.224999999999996057e-03
1.301470588235290006e-03
1.213235294117643226e-03
1.234803921568623526e-03
1.253921568627447067e-03
1.245098039215682389e-03
1.199509803921564813e-03
1.255882352941172430e-03
1.268627450980388052e-03
1.265686274509799899e-03
1.246568627450976357e-03
1.234803921568623526e-03
1.268137254901956657e-03
1.268137254901956657e-03
1.227941176470584211e-03
1.274019607843133181e-03
1.246078431372544962e-03
1.206862745098035306e-03
1.281862745098035069e-03
1.238235294117643074e-03
1.240196078431368655e-03
1.221078431372545113e-03
1.229901960784309791e-03
1.225490196078427452e-03
1.195098039215682474e-03
1.250490196078427301e-03
1.241176470588231228e-03
1.224019607843133267e-03
1.255882352941172430e-03
1.265196078431368503e-03
1.257843137254898011e-03
1.232352941176466550e-03
1.203921568627447152e-03
1.206372549019603911e-03
1.268627450980388052e-03
1.227450980392153033e-03
1.234313725490192130e-03
1.236274509803917711e-03
1.232843137254897945e-03
1.267156862745094084e-03
1.207843137254898096e-03
1.260294117647054769e-03
1.204411764705878548e-03
1.273039215686270391e-03
1.230882352941172582e-03
1.227450980392153033e-03
1.284803921568623223e-03
1.249999999999995906e-03
1.226470588235290243e-03
1.200490196078427604e-03
1.249019607843133333e-03
1.215196078431368589e-03
1.254901960784309640e-03
1.220098039215682323e-03
1.269607843137250842e-03
1.244117647058819599e-03
1.241176470588231228e-03
1.253431372549015672e-03
1.260784313725486164e-03
1.247549019607839147e-03
1.204411764705878548e-03
1.244117647058819599e-03
1.258823529411760584e-03
1.246078431372544962e-03
1.218137254901956960e-03
1.248039215686270543e-03
1.240686274509800050e-03
1.208333333333329491e-03
1.214705882352937411e-03
1.210294117647055072e-03
1.228431372549015606e-03
1.220588235294113718e-03
1.238725490196074469e-03
1.193627450980388289e-03
1.284803921568623223e-03
1.249999999999995906e-03
1.249019607843133333e-03
1.198529411764702023e-03
1.248529411764701938e-03
1.235784313725486316e-03
1.250490196078427301e-03
1.269607843137250842e-03
1.246078431372544962e-03
1.259313725490191979e-03
1.248529411764701938e-03
1.269117647058819447e-03
1.244607843137250994e-03
1.255882352941172430e-03
1.248039215686270543e-03
1.264215686274505713e-03
1.212745098039211831e-03
1.167156862745094255e-03
1.263235294117642923e-03
1.236274509803917711e-03
1.274019607843133181e-03
1.233823529411760735e-03
1.240196078431368655e-03
1.234803921568623526e-03
1.203431372549015757e-03
1.214705882352937411e-03
1.226470588235290243e-03
1.261274509803917560e-03
1.215686274509799984e-03
1.247058823529407752e-03
1.242156862745094018e-03
1.241176470588231228e-03
1.218627450980388355e-03
1.221568627450976509e-03
1.222058823529407904e-03
1.297058823529407667e-03
1.254411764705878245e-03
1.226470588235290243e-03
1.270588235294113633e-03
1.232352941176466550e-03
1.206372549019603911e-03
1.258333333333329406e-03
1.261764705882348955e-03
1.220098039215682323e-03
1.249999999999995906e-03
1.233333333333329340e-03
1.293627450980387901e-03
1.247549019607839147e-03
1.290196078431368352e-03
1.261274509803917560e-03
1.220098039215682323e-03
1.258823529411760584e-03
1.199999999999996209e-03
1.259313725490191979e-03
1.223039215686270694e-03
1.240686274509800050e-03
1.273529411764701786e-03
1.225490196078427452e-03
1.211764705882349040e-03
1.268137254901956657e-03
1.257843137254898011e-03
1.207843137254898096e-03
1.259313725490191979e-03
1.264705882352937108e-03
1.293627450980387901e-03
1.255392156862741035e-03
1.240196078431368655e-03
1.264705882352937108e-03
1.277450980392152730e-03
1.232843137254897945e-03
1.254901960784309640e-03
1.168627450980388440e-03
1.232352941176466550e-03
1.262254901960780350e-03
1.249999999999995906e-03
1.227941176470584211e-03
1.266666666666662689e-03
1.275980392156858762e-03
1.249999999999995906e-03
1.251470588235290091e-03
1.243137254901956808e-03
1.233823529411760735e-03
1.248039215686270543e-03
1.218627450980388355e-03
1.206862745098035306e-03
1.265196078431368503e-03
1.224509803921564662e-03
1.251960784313721486e-03
1.218627450980388355e-03
1.232843137254897945e-03
1.247549019607839147e-03
1.258823529411760584e-03
1.251470588235290091e-03
1.232352941176466550e-03
1.255392156862741035e-03
1.243627450980388204e-03
1.254901960784309640e-03
1.284803921568623223e-03
1.203921568627447152e-03
1.280392156862741101e-03
1.213235294117643226e-03
1.232352941176466550e-03
1.274019607843133181e-03
1.259313725490191979e-03
1.240686274509800050e-03
1.241666666666662623e-03
1.236274509803917711e-03
1.296568627450976272e-03
1.194117647058819684e-03
1.247058823529407752e-03
1.213235294117643226e-03
1.264215686274505713e-03
1.241666666666662623e-03
1.257352941176466616e-03
1.255392156862741035e-03
1.258333333333329406e-03
1.255392156862741035e-03
1.259313725490191979e-03
1.260294117647054769e-03
1.229411764705878396e-03
1.230392156862741187e-03
1.227450980392153033e-03
1.254411764705878245e-03
1.242156862745094018e-03
1.236764705882348889e-03
1.253921568627447067e-03
1.268137254901956657e-03
1.292156862745093933e-03
1.199019607843133418e-03
1.245098039215682389e-03
1.246568627450976357e-03
1.197549019607839233e-03
1.259803921568623374e-03
1.261764705882348955e-03
1.250980392156858696e-03
1.227941176470584211e-03
1.248039215686270543e-03
1.311764705882348652e-03
1.203431372549015757e-03
1.205882352941172733e-03
1.248039215686270543e-03
1.231372549019603977e-03
1.232843137254897945e-03
1.173529411764702175e-03
1.307843137254897708e-03
1.287745098039211594e-03
1.225980392156858848e-03
1.208823529411760887e-03
1.260294117647054769e-03
1.245588235294113567e-03
1.229901960784309791e-03
1.233823529411760735e-03
1.220588235294113718e-03
1.247058823529407752e-03
1.225490196078427452e-03
1.224999999999996057e-03
1.219607843137250928e-03
1.239705882352937260e-03
1.244607843137250994e-03
1.247549019607839147e-03
1.246078431372544962e-03
1.236274509803917711e-03
1.200980392156858999e-03
1.242156862745094018e-03
1.252941176470584277e-03
1.275980392156858762e-03
1.223529411764701872e-03
1.246568627450976357e-03
1.267647058823525262e-03
1.253431372549015672e-03
1.254411764705878245e-03
1.267156862745094084e-03
1.225980392156858848e-03
1.215686274509799984e-03
1.278921568627446916e-03
1.219607843137250928e-03
1.253431372549015672e-03
1.284313725490192045e-03
1.238725490196074469e-03
1.226960784313721638e-03
1.271078431372545028e-03
1.259803921568623374e-03
1.251470588235290091e-03
1.254901960784309640e-03
1.224999999999996057e-03
1.236764705882348889e-03
1.248529411764701938e-03
1.199999999999996209e-03
1.251470588235290091e-03
1.261274509803917560e-03
1.197058823529408055e-03
1.213725490196074621e-03
1.270588235294113633e-03
1.262745098039211745e-03
1.286274509803917408e-03
1.240196078431368655e-03
1.278921568627446916e-03
1.195588235294113870e-03
1.266176470588231294e-03
1.241176470588231228e-03
1.250980392156858696e-03
1.274509803921564577e-03
1.253431372549015672e-03
1.252941176470584277e-03
1.302941176470583974e-03
1.227450980392153033e-03
1.232352941176466550e-03
1.224019607843133267e-03
1.222058823529407904e-03
1.219607843137250928e-03
1.264705882352937108e-03
1.258823529411760584e-03
1.265686274509799899e-03
1.230882352941172582e-03
1.275490196078427367e-03
1.237745098039211679e-03
1.219607843137250928e-03
1.217647058823525565e-03
1.229901960784309791e-03
1.242156862745094018e-03
1.218137254901956960e-03
1.218627450980388355e-03
1.265686274509799899e-03
1.218137254901956960e-03
1.274999999999995972e-03
1.223039215686270694e-03
1.251470588235290091e-03
1.263725490196074318e-03
1.216176470588231379e-03
1.231862745098035372e-03
1.274999999999995972e-03
1.259313725490191979e-03
1.255882352941172430e-03
1.224999999999996057e-03
1.235784313725486316e-03
1.264705882352937108e-03
1.247549019607839147e-03
1.274509803921564577e-03
1.271568627450976423e-03
1.257843137254898011e-03
1.256862745098035221e-03
1.238235294117643074e-03
1.193137254901956894e-03
1.274509803921564577e-03
1.222549019607839299e-03
1.238235294117643074e-03
1.219607843137250928e-03
1.230392156862741187e-03
1.262254901960780350e-03
1.251960784313721486e-03
1.241176470588231228e-03
1.227450980392153033e-03
1.234313725490192130e-03
1.272549019607838996e-03
1.269607843137250842e-03
1.202450980392152967e-03
1.283823529411760650e-03
1.248039215686270543e-03
1.223039215686270694e-03
1.239705882352937260e-03
1.189215686274505950e-03
1.297549019607839062e-03
1.179411764705878699e-03
1.224019607843133267e-03
1.209313725490192282e-03
1.231862745098035372e-03
1.216176470588231379e-03
1.202941176470584362e-03
1.219607843137250928e-03
1.228921568627447001e-03
1.261764705882348955e-03
1.235784313725486316e-03
1.241666666666662623e-03
1.209313725490192282e-03
1.243137254901956808e-03
1.224999999999996057e-03
1.253431372549015672e-03
1.256862745098035221e-03
1.216176470588231379e-03
1.258823529411760584e-03
1.228921568627447001e-03
1.256372549019603825e-03
1.247058823529407752e-03
1.226470588235290243e-03
1.268137254901956657e-03
1.230392156862741187e-03
1.244607843137250994e-03
1.221078431372545113e-03
1.235784313725486316e-03
1.262745098039211745e-03
1.246078431372544962e-03
1.256862745098035221e-03
1.222549019607839299e-03
1.233823529411760735e-03
1.252941176470584277e-03
1.238235294117643074e-03
1.227450980392153033e-03
1.236274509803917711e-03
1.248039215686270543e-03
1.242647058823525413e-03
1.263725490196074318e-03
1.232352941176466550e-03
1.209313725490192282e-03
1.224019607843133267e-03
1.235294117647054921e-03
1.268627450980388052e-03
1.258333333333329406e-03
1.255392156862741035e-03
1.239215686274505865e-03
1.235784313725486316e-03
1.170588235294114021e-03
1.193137254901956894e-03
1.282843137254897859e-03
1.246078431372544962e-03
1.247058823529407752e-03
1.238725490196074469e-03
1.258333333333329406e-03
1.228921568627447001e-03
1.195588235294113870e-03
1.236274509803917711e-03
1.229411764705878396e-03
1.281862745098035069e-03
1.222549019607839299e-03
1.263725490196074318e-03
1.304411764705878159e-03
1.241176470588231228e-03
1.266666666666662906e-03
1.249999999999995906e-03
1.272549019607838996e-03
1.279901960784309706e-03
1.241666666666662623e-03
1.264215686274505713e-03
1.239705882352937260e-03
1.243627450980388204e-03
1.250490196078427301e-03
1.209803921568623677e-03
1.228431372549015606e-03
1.203921568627447152e-03
1.250490196078427301e-03
1.220098039215682323e-03
1.220588235294113718e-03
1.292156862745093933e-03
1.252450980392152882e-03
1.264215686274505713e-03
1.242156862745094018e-03
1.252450980392152882e-03
1.274019607843133181e-03
1.280882352941172279e-03
1.251960784313721486e-03
1.198529411764702023e-03
1.256372549019603825e-03
1.224999999999996057e-03
1.243137254901956808e-03
1.259803921568623374e-03
1.226470588235290243e-03
1.243627450980388204e-03
1.205882352941172733e-03
1.218627450980388355e-03
1.242647058823525413e-03
1.255392156862741035e-03
1.227450980392153033e-03
1.248529411764701938e-03
1.282843137254897859e-03
1.250980392156858696e-03
1.236764705882348889e-03
1.226470588235290243e-03
1.273529411764701786e-03
1.256862745098035221e-03
1.201960784313721572e-03
1.290686274509799747e-03
1.208333333333329491e-03
1.250980392156858696e-03
1.272058823529407601e-03
1.270588235294113633e-03
1.274999999999995972e-03
1.235784313725486316e-03
1.264215686274505713e-03
1.218137254901956960e-03
1.223529411764701872e-03
1.207843137254898096e-03
1.254901960784309640e-03
1.228921568627447001e-03
1.267647058823525262e-03
1.246568627450976357e-03
1.263235294117642923e-03
1.249509803921564728e-03
1.259313725490191979e-03
1.293137254901956723e-03
1.235784313725486316e-03
1.245098039215682389e-03
1.220098039215682323e-03
1.197058823529408055e-03
1.227450980392153033e-03
1.257843137254898011e-03
1.287745098039211594e-03
1.253431372549015672e-03
1.249509803921564728e-03
1.235784313725486316e-03
1.252450980392152882e-03
1.311274509803917257e-03
1.265686274509799899e-03
1.270098039215682238e-03
1.231862745098035372e-03
1.230882352941172582e-03
1.255882352941172430e-03
1.276470588235289940e-03
1.260784313725486164e-03
1.262745098039211745e-03
1.229411764705878396e-03
1.268137254901956657e-03
1.280882352941172279e-03
1.157352941176467004e-03
1.246078431372544962e-03
1.264215686274505713e-03
1.227450980392153033e-03
1.251470588235290091e-03
1.259803921568623374e-03
1.243137254901956808e-03
1.239215686274505865e-03
1.209803921568623677e-03
1.248529411764701938e-03
1.206862745098035306e-03
1.243627450980388204e-03
1.264705882352937108e-03
1.216666666666662774e-03
1.205882352941172733e-03
1.280882352941172279e-03
1.228431372549015606e-03
1.209313725490192282e-03
1.227450980392153033e-03
1.211274509803917645e-03
1.274509803921564577e-03
1.237254901960780284e-03
1.221568627450976509e-03
1.261764705882348955e-03
1.247549019607839147e-03
1.307352941176466313e-03
1.216176470588231379e-03
1.252450980392152882e-03
1.244117647058819599e-03
1.205882352941172733e-03
1.270098039215682238e-03
1.248039215686270543e-03
1.236274509803917711e-03
1.231862745098035372e-03
1.244607843137250994e-03
1.249999999999995906e-03
1.228921568627447001e-03
1.244117647058819599e-03
1.226960784313721638e-03
1.200980392156858999e-03
1.240196078431368655e-03
1.231372549019603977e-03
1.221078431372545113e-03
1.264215686274505713e-03
1.247549019607839147e-03
1.254411764705878245e-03
1.201470588235290394e-03
1.228921568627447001e-03
1.263235294117642923e-03
1.232352941176466550e-03
1.245588235294113567e-03
1.259313725490191979e-03
1.235784313725486316e-03
1.245588235294113567e-03
1.222058823529407904e-03
1.259803921568623374e-03
1.267156862745094084e-03
1.274509803921564577e-03
1.273529411764701786e-03
1.224999999999996057e-03
1.261764705882348955e-03
1.209313725490192282e-03
1.236274509803917711e-03
1.195098039215682474e-03
1.266666666666662689e-03
1.203431372549015757e-03
1.146078431372545350e-03
1.239215686274505865e-03
1.226470588235290243e-03
1.214705882352937411e-03
1.270098039215682238e-03
1.279901960784309706e-03
1.224019607843133267e-03
1.245098039215682389e-03
1.224509803921564662e-03
1.237745098039211679e-03
1.223529411764701872e-03
1.207843137254898096e-03
1.236764705882348889e-03
1.252450980392152882e-03
1.206862745098035306e-03
1.211764705882349040e-03
1.281862745098035069e-03
1.225490196078427452e-03
1.283333333333329255e-03
1.227450980392153033e-03
1.237745098039211679e-03
1.262254901960780350e-03
1.207352941176466701e-03
1.215196078431368589e-03
1.241176470588231228e-03
1.232352941176466550e-03
1.190686274509800135e-03
1.209313725490192282e-03
1.246078431372544962e-03
1.245588235294113567e-03
1.249509803921564728e-03
1.235294117647054921e-03
1.243137254901956808e-03
1.226960784313721638e-03
1.254901960784309640e-03
1.233823529411760735e-03
1.188725490196074555e-03
1.277450980392152730e-03
1.258333333333329406e-03
1.244117647058819599e-03
1.200980392156858999e-03
1.209313725490192282e-03
1.237254901960780284e-03
1.214705882352937411e-03
1.293137254901956723e-03
1.269117647058819447e-03
1.294607843137250691e-03
1.261274509803917560e-03
1.247058823529407752e-03
1.176960784313721723e-03
1.255882352941172430e-03
1.242156862745094018e-03
1.258333333333329406e-03
1.189705882352937345e-03
1.259313725490191979e-03
1.257352941176466616e-03
1.230392156862741187e-03
1.271568627450976423e-03
1.256862745098035221e-03
1.259313725490191979e-03
1.277941176470584125e-03
1.240196078431368655e-03
1.271078431372545028e-03
1.238235294117643074e-03
1.229901960784309791e-03
1.277450980392152730e-03
1.256372549019603825e-03
1.242647058823525413e-03
1.280882352941172279e-03
1.284803921568623223e-03
1.248529411764701938e-03
1.247058823529407752e-03
1.216666666666662774e-03
1.261764705882348955e-03
1.210784313725486250e-03
1.249509803921564728e-03
1.298529411764701635e-03
1.209803921568623677e-03
1.258333333333329406e-03
1.216176470588231379e-03
1.247549019607839147e-03
1.248039215686270543e-03
1.273039215686270391e-03
1.261274509803917560e-03
1.219117647058819750e-03
1.244117647058819599e-03
1.227941176470584211e-03
1.258333333333329406e-03
1.215686274509799984e-03
1.253921568627447067e-03
1.291666666666662537e-03
1.193137254901956894e-03
1.254901960784309640e-03
1.250980392156858696e-03
1.207352941176466701e-03
1.249019607843133333e-03
1.297058823529407667e-03
1.229901960784309791e-03
1.231862745098035372e-03
1.236764705882348889e-03
1.203431372549015757e-03
1.223039215686270694e-03
1.269117647058819447e-03
1.249509803921564728e-03
1.251960784313721486e-03
1.261274509803917560e-03
1.279901960784309706e-03
1.221568627450976509e-03
1.249999999999995906e-03
1.307352941176466313e-03
1.244117647058819599e-03
1.266176470588231294e-03
1.286274509803917408e-03
1.246568627450976357e-03
1.290686274509799747e-03
1.241176470588231228e-03
1.273529411764701786e-03
1.207843137254898096e-03
1.267647058823525262e-03
1.205392156862741338e-03
1.246078431372544962e-03
1.243137254901956808e-03
1.280882352941172279e-03
1.261274509803917560e-03
1.235294117647054921e-03
1.290686274509799747e-03
1.195098039215682474e-03
1.220588235294113718e-03
1.274509803921564577e-03
1.376470588235289769e-03
1.459313725490191420e-03
1.477450980392151954e-03
1.573529411764700838e-03
1.684803921568621887e-03
1.696078431372543540e-03
1.779901960784307981e-03
1.774999999999994464e-03
1.821078431372543001e-03
1.874509803921562681e-03
1.953431372549013171e-03
1.980882352941169995e-03
1.919117647058817249e-03
1.987745098039209093e-03
2.055882352941169541e-03
2.022058823529405448e-03
2.073529411764699331e-03
2.060784313725483926e-03
2.123529411764699028e-03
2.109313725490189438e-03
2.080392156862738429e-03
2.144607843137248150e-03
2.136764705882346262e-03
2.073039215686267936e-03
2.236274509803914696e-03
2.145588235294110940e-03
2.192647058823522701e-03
2.195098039215679243e-03
2.189705882352933897e-03
2.181372549019600614e-03
2.186274509803914565e-03
2.164705882352934482e-03
2.186274509803914131e-03
2.178431372549012677e-03
2.137745098039208619e-03
2.138725490196071843e-03
2.139705882352934199e-03
2.152941176470581433e-03
2.137254901960777657e-03
2.186274509803914565e-03
2.167156862745091023e-03
2.132352941176463706e-03
2.180392156862738257e-03
2.155882352941169804e-03
2.190686274509797121e-03
2.160784313725483321e-03
2.152450980392149604e-03
2.134803921568620682e-03
2.138725490196071843e-03
2.188235294117639711e-03
2.164705882352934482e-03
2.129901960784307165e-03
2.132843137254895102e-03
2.132352941176463706e-03
2.161764705882346111e-03
2.099509803921561970e-03
2.145588235294110940e-03
2.114215686274503389e-03
2.117156862745091326e-03
2.095588235294111243e-03
2.085784313725483775e-03
2.081862745098032614e-03
2.072058823529405146e-03
2.129901960784307165e-03
2.068137254901953985e-03
2.116176470588228536e-03
2.082352941176464009e-03
2.148529411764699311e-03
2.052450980392150643e-03
2.024509803921562424e-03
2.106862745098032029e-03
2.030392156862738731e-03
2.039215686274502976e-03
2.102450980392150340e-03
2.104411764705875921e-03
2.044117647058817360e-03
2.038725490196072014e-03
2.051470588235287853e-03
1.970588235294111132e-03
2.043627450980385965e-03
2.014705882352934522e-03
2.048529411764699482e-03
2.004411764705876092e-03
2.001470588235287288e-03
2.081862745098032614e-03
1.991176470588228858e-03
2.007352941176464029e-03
2.024509803921561990e-03
2.033333333333327102e-03
1.989705882352934673e-03
2.078921568627444677e-03
2.067647058823522590e-03
2.001470588235287722e-03
1.981372549019601390e-03
2.029901960784306902e-03
1.989215686274503278e-03
1.977450980392150229e-03
1.983333333333326537e-03
2.066666666666660233e-03
1.959803921568621307e-03
1.909313725490189998e-03
1.975980392156856478e-03
1.968627450980385551e-03
1.996568627450973771e-03
1.972058823529405317e-03
2.010784313725483795e-03
2.036764705882346434e-03
2.027941176470581756e-03
2.038725490196072014e-03
1.999019607843130746e-03
2.020588235294111263e-03
2.040196078431366199e-03
2.078431372549013282e-03
2.053431372549013000e-03
2.088235294117640316e-03
2.067647058823523024e-03
2.108823529411758043e-03
2.119607843137248301e-03
2.224509803921561647e-03
2.102450980392149907e-03
2.118137254901954116e-03
2.131372549019600916e-03
2.205882352941169501e-03
2.223039215686267462e-03
2.249019607843130101e-03
2.191666666666659911e-03
2.244607843137247979e-03
2.216666666666659759e-03
2.250490196078424286e-03
2.247058823529404521e-03
2.251470588235287076e-03
2.200490196078424589e-03
2.312745098039208427e-03
2.165686274509797272e-03
2.251470588235286643e-03
2.298039215686267442e-03
2.308823529411757267e-03
2.260784313725483149e-03
2.223529411764698857e-03
2.269117647058816432e-03
2.280392156862738086e-03
2.211274509803913980e-03
2.331372549019600574e-03
2.280882352941169047e-03
2.312254901960777032e-03
2.302450980392149564e-03
2.281372549019600442e-03
2.315196078431365403e-03
2.324509803921560609e-03
2.280392156862738086e-03
2.327941176470580808e-03
2.281862745098031837e-03
2.248039215686266877e-03
2.294607843137247676e-03
2.242647058823522398e-03
2.229901960784306560e-03
2.297549019607836047e-03
2.265686274509796667e-03
2.292647058823522096e-03
2.274019607843129950e-03
2.272549019607835764e-03
2.338725490196071066e-03
2.306862745098032120e-03
2.245098039215679374e-03
2.251470588235287076e-03
2.259803921568620359e-03
2.274509803921561345e-03
2.278431372549012505e-03
2.280882352941169047e-03
2.250980392156855248e-03
2.233823529411757720e-03
2.309313725490188662e-03
2.191176470588228516e-03
2.280392156862738086e-03
2.232843137254894930e-03
2.202450980392149735e-03
2.248039215686267311e-03
2.241666666666659608e-03
2.249019607843130101e-03
2.247549019607835916e-03
2.287254901960777183e-03
2.257843137254894779e-03
2.294607843137247676e-03
2.244117647058816584e-03
2.221568627450973277e-03
2.214705882352934179e-03
2.245098039215679374e-03
2.258823529411757569e-03
2.266176470588228062e-03
2.161764705882346111e-03
2.257352941176463384e-03
2.199999999999993194e-03
2.235294117647051906e-03
2.161764705882346111e-03
2.204901960784306711e-03
2.174999999999992911e-03
2.253921568627444052e-03
2.211274509803913980e-03
2.194607843137247414e-03
2.211764705882345809e-03
2.209313725490188833e-03
2.156372549019601199e-03
2.175490196078424740e-03
2.173529411764698726e-03
2.218627450980385340e-03
2.220098039215679091e-03
2.216666666666659759e-03
2.181372549019601047e-03
2.227941176470581413e-03
2.192647058823522701e-03
2.193627450980385057e-03
2.180882352941169219e-03
2.116176470588228536e-03
2.199509803921561799e-03
2.192647058823522701e-03
2.250980392156855681e-03
2.172549019607836369e-03
2.280392156862738086e-03
2.153921568627444223e-03
2.211274509803914413e-03
2.169117647058816604e-03
2.149019607843130706e-03
2.174999999999993345e-03
2.100490196078424760e-03
2.166176470588228667e-03
2.131862745098032745e-03
2.138725490196071843e-03
2.183333333333326194e-03
2.179411764705875467e-03
2.114705882352934350e-03
2.126470588235287399e-03
2.104901960784307316e-03
2.148039215686267482e-03
2.153431372549012828e-03
2.186764705882345960e-03
2.087254901960777960e-03
2.125980392156856004e-03
2.140686274509796989e-03
2.126470588235287399e-03
2.131862745098031878e-03
2.099019607843130141e-03
2.063235294117640034e-03
2.079411764705875638e-03
2.147058823529405126e-03
2.097058823529404994e-03
2.115686274509797141e-03
2.128921568627443941e-03
2.085784313725483775e-03
2.136764705882346262e-03
2.106862745098032463e-03
2.164215686274503087e-03
2.081862745098032180e-03
2.126960784313718794e-03
2.088725490196071712e-03
2.078921568627444677e-03
2.094117647058817058e-03
2.120588235294111092e-03
2.131372549019601350e-03
2.126470588235287399e-03
2.195588235294110204e-03
2.092647058823522439e-03
2.103921568627444526e-03
2.078431372549013282e-03
2.065686274509797443e-03
2.024019607843131029e-03
2.071568627450973751e-03
2.101960784313718945e-03
2.097549019607836390e-03
2.057843137254895555e-03
2.055882352941169541e-03
2.085294117647052380e-03
2.043627450980385965e-03
2.015196078431365917e-03
2.015686274509797312e-03
2.061764705882346716e-03
2.019607843137248473e-03
2.057352941176464160e-03
2.060294117647052531e-03
2.088725490196071278e-03
2.067647058823523024e-03
2.006862745098033068e-03
2.038235294117640619e-03
2.006862745098033068e-03
2.014705882352934522e-03
2.106862745098032463e-03
2.014215686274503560e-03
2.008823529411758648e-03
2.075980392156855873e-03
2.038235294117640619e-03
2.064705882352934219e-03
2.031372549019601088e-03
2.027941176470581322e-03
2.066666666666660233e-03
2.046078431372542507e-03
2.010784313725483795e-03
2.019607843137248039e-03
2.078431372549013282e-03
1.991666666666660254e-03
2.027941176470581322e-03
2.087745098039209355e-03
2.036764705882346434e-03
2.009803921568621005e-03
1.952941176470581993e-03
2.034313725490189892e-03
1.958333333333326688e-03
2.023529411764699634e-03
2.010294117647051966e-03
1.984313725490189761e-03
1.976470588235287873e-03
1.999019607843130746e-03
2.004411764705876092e-03
2.024509803921562424e-03
2.009313725490190043e-03
1.974509803921562293e-03
1.916176470588229095e-03
1.944607843137248710e-03
2.035784313725483644e-03
1.999999999999993536e-03
2.029411764705875941e-03
1.987254901960778131e-03
1.971568627450973922e-03
1.923039215686268193e-03
1.934803921568621242e-03
1.960294117647052269e-03
1.978921568627444415e-03
2.024999999999993819e-03
1.962745098039209244e-03
1.966666666666660405e-03
1.967647058823522761e-03
1.965196078431366219e-03
1.956372549019601541e-03
1.983823529411757932e-03
1.952941176470581776e-03
1.967647058823522761e-03
2.004411764705876092e-03
2.012254901960777546e-03
1.939215686274503581e-03
1.937254901960778000e-03
1.952941176470581776e-03
1.948039215686268259e-03
1.929901960784307507e-03
1.939705882352934976e-03
1.979901960784307205e-03
1.888725490196072271e-03
1.966666666666659971e-03
1.904411764705876264e-03
1.967647058823523195e-03
1.943627450980385703e-03
1.958823529411758083e-03
1.949509803921562227e-03
1.874509803921562681e-03
1.939705882352934976e-03
1.921078431372542829e-03
1.938235294117640790e-03
1.945098039215679888e-03
1.923039215686268193e-03
1.910784313725483749e-03
1.947058823529405252e-03
1.913235294117640725e-03
1.894607843137248795e-03
1.900490196078425320e-03
1.962254901960777849e-03
1.943137254901954308e-03
1.899509803921562530e-03
1.940196078431366371e-03
1.842156862745092123e-03
1.910294117647052788e-03
1.917647058823523281e-03
1.879411764705876198e-03
1.887745098039209481e-03
1.909803921568621393e-03
1.924999999999993557e-03
1.953431372549013171e-03
1.949019607843131049e-03
1.813725490196072508e-03
1.918627450980386071e-03
1.904411764705876264e-03
1.819607843137248816e-03
1.860294117647052657e-03
1.965686274509797615e-03
1.923039215686268193e-03
1.905882352941170449e-03
1.933823529411758451e-03
1.865196078431366391e-03
1.862254901960778237e-03
1.928431372549013322e-03
1.839215686274503752e-03
1.849019607843131220e-03
1.870588235294111737e-03
1.910294117647052788e-03
1.860294117647052874e-03
1.926470588235287742e-03
1.935294117647052420e-03
1.839215686274503752e-03
1.877941176470582013e-03
1.804901960784307830e-03
1.835784313725484420e-03
1.863235294117640811e-03
1.887745098039209698e-03
1.844607843137248881e-03
1.917156862745091886e-03
1.828431372549013710e-03
1.916176470588229095e-03
1.851960784313719374e-03
1.846568627450974245e-03
1.873039215686268496e-03
1.858823529411758472e-03
1.874019607843131069e-03
1.853921568627444737e-03
1.884313725490190149e-03
1.884313725490189932e-03
1.837745098039209567e-03
1.858333333333327293e-03
1.875980392156856432e-03
1.827450980392150920e-03
1.772058823529406094e-03
1.857352941176464720e-03
1.832352941176464437e-03
1.883333333333327142e-03
1.824999999999993945e-03
1.836274509803915381e-03
1.812254901960778323e-03
1.874999999999993859e-03
1.822549019607837186e-03
1.856372549019601930e-03
1.821078431372543001e-03
1.810784313725484354e-03
1.883823529411758754e-03
1.793627450980386394e-03
1.792647058823523386e-03
1.792647058823523386e-03
1.801960784313719676e-03
1.794117647058817572e-03
1.822549019607837186e-03
1.788235294117641047e-03
1.819607843137248816e-03
1.789705882352935233e-03
1.764705882352935384e-03
1.813725490196072725e-03
1.787745098039209869e-03
1.802941176470582250e-03
1.806372549019601799e-03
1.765196078431366779e-03
1.809803921568621781e-03
1.813725490196072508e-03
1.810784313725484354e-03
1.778431372549014013e-03
1.788235294117641047e-03
1.834803921568621413e-03
1.816176470588229267e-03
1.800490196078425491e-03
1.797549019607837121e-03
1.754901960784307916e-03
1.801470588235288064e-03
1.844117647058817486e-03
1.796078431372543152e-03
1.767156862745092143e-03
1.771568627450974482e-03
1.778431372549013796e-03
1.797058823529405942e-03
1.803431372549013862e-03
1.793137254901954782e-03
1.731372549019602036e-03
1.776960784313719611e-03
1.853921568627444737e-03
1.817156862745092057e-03
1.789215686274503838e-03
1.804411764705876652e-03
1.767647058823523755e-03
1.693627450980386565e-03
1.767156862745092359e-03
1.750980392156857189e-03
1.768627450980386328e-03
1.857352941176464720e-03
1.813725490196072725e-03
1.724019607843131543e-03
1.772549019607837489e-03
1.735784313725484375e-03
1.780392156862739160e-03
1.827450980392150920e-03
1.740196078431366714e-03
1.781372549019602167e-03
1.769607843137249335e-03
1.787254901960778474e-03
1.743137254901955084e-03
1.810294117647052742e-03
1.755882352941170923e-03
1.782843137254896352e-03
1.700980392156857058e-03
1.807352941176464589e-03
1.760784313725484440e-03
1.818627450980386242e-03
1.782352941176464957e-03
1.763725490196072594e-03
1.748529411764700430e-03
1.751960784313719762e-03
1.731372549019602036e-03
1.708823529411759379e-03
1.711764705882347316e-03
