6.062499999999987170e-04
6.479166666666651316e-04
7.249999999999982153e-04
8.291666666666644685e-04
8.291666666666645770e-04
9.666666666666640702e-04
1.004166666666664060e-03
1.079166666666666425e-03
1.097916666666667396e-03
1.102083333333333604e-03
1.120833333333333490e-03
1.208333333333335997e-03
1.166666666666669799e-03
1.295833333333339370e-03
1.218750000000002384e-03
1.379166666666675018e-03
1.393750000000006312e-03
1.389583333333341622e-03
1.395833333333339633e-03
1.356250000000006322e-03
1.387500000000006783e-03
1.322916666666671673e-03
1.360416666666671446e-03
1.395833333333340066e-03
1.412500000000007500e-03
1.383333333333340142e-03
1.408333333333340858e-03
1.466666666666676874e-03
1.550000000000011004e-03
1.485416666666676544e-03
1.439583333333340452e-03
1.439583333333341753e-03
1.454166666666674348e-03
1.466666666666675573e-03
1.506250000000008450e-03
1.447916666666673301e-03
1.560416666666677174e-03
1.489583333333342752e-03
1.502083333333343977e-03
1.564583333333344466e-03
1.525000000000010288e-03
1.579166666666677928e-03
1.518750000000009242e-03
1.545833333333343929e-03
1.562500000000011146e-03
1.518750000000007724e-03
1.595833333333344928e-03
1.443750000000008178e-03
1.487500000000009648e-03
1.408333333333343460e-03
1.529166666666676062e-03
1.543750000000009091e-03
1.712500000000015659e-03
1.504166666666675563e-03
1.514583333333342167e-03
1.539583333333343533e-03
1.650000000000013652e-03
1.435416666666674678e-03
1.579166666666677711e-03
1.556250000000011834e-03
1.622916666666679615e-03
1.606250000000012616e-03
1.606250000000010447e-03
1.502083333333342242e-03
1.422916666666674971e-03
1.497916666666676035e-03
1.520833333333344948e-03
1.618750000000011239e-03
1.537500000000008044e-03
1.602083333333344673e-03
1.529166666666676496e-03
1.572916666666676665e-03
1.591666666666677636e-03
1.504166666666676214e-03
1.597916666666679333e-03
1.687500000000010172e-03
1.564583333333342732e-03
1.539583333333342883e-03
1.504166666666676214e-03
1.604166666666679512e-03
1.745833333333344888e-03
1.514583333333344769e-03
1.541666666666678155e-03
1.520833333333342996e-03
1.560416666666677608e-03
1.431250000000008253e-03
1.593750000000010523e-03
1.564583333333344683e-03
1.575000000000012154e-03
1.635416666666679106e-03
1.552083333333345409e-03
1.635416666666677588e-03
1.679166666666679275e-03
1.510416666666678344e-03
1.552083333333343891e-03
1.631250000000010513e-03
1.552083333333343891e-03
1.620833333333344343e-03
1.652083333333345238e-03
1.497916666666676035e-03
1.577083333333343957e-03
1.531250000000011985e-03
1.575000000000012805e-03
1.564583333333344683e-03
1.489583333333341884e-03
1.612500000000010409e-03
1.712500000000013491e-03
1.683333333333345699e-03
1.485416666666676978e-03
1.427083333333340961e-03
1.568750000000010457e-03
1.627083333333346257e-03
1.581250000000010382e-03
1.504166666666675346e-03
1.652083333333345888e-03
1.670833333333346642e-03
1.572916666666676448e-03
1.639583333333346181e-03
1.622916666666678097e-03
1.635416666666679539e-03
1.479166666666677883e-03
1.581250000000010598e-03
1.562500000000010278e-03
1.575000000000012154e-03
1.489583333333342318e-03
1.543750000000009091e-03
1.539583333333343533e-03
1.572916666666679050e-03
1.508333333333343939e-03
1.572916666666678833e-03
1.472916666666674668e-03
1.577083333333345475e-03
1.733333333333346047e-03
1.531250000000008733e-03
1.677083333333347472e-03
1.639583333333344229e-03
1.645833333333343975e-03
1.650000000000014519e-03
1.627083333333346690e-03
1.654166666666679209e-03
1.452083333333341244e-03
1.625000000000011201e-03
1.483333333333341705e-03
1.643750000000010871e-03
1.602083333333345324e-03
1.614583333333346332e-03
1.672916666666678662e-03
1.602083333333343155e-03
1.575000000000011720e-03
1.531250000000009383e-03
1.608333333333342684e-03
1.622916666666678097e-03
1.529166666666676713e-03
1.539583333333344834e-03
1.608333333333344852e-03
1.522916666666676751e-03
1.456250000000008102e-03
1.583333333333344570e-03
1.672916666666679746e-03
1.604166666666676693e-03
1.639583333333345314e-03
1.718750000000013019e-03
1.414583333333341471e-03
1.497916666666676685e-03
1.568750000000012843e-03
1.543750000000010175e-03
1.575000000000011287e-03
1.537500000000009562e-03
1.597916666666678682e-03
1.675000000000013067e-03
1.512500000000009280e-03
1.450000000000007923e-03
1.558333333333344287e-03
1.579166666666677711e-03
1.585416666666677457e-03
1.627083333333344088e-03
1.577083333333345258e-03
1.562500000000011796e-03
1.485416666666676327e-03
1.575000000000009986e-03
1.706250000000014613e-03
1.512500000000011448e-03
1.645833333333345493e-03
1.497916666666675601e-03
1.589583333333344315e-03
1.529166666666676713e-03
1.429166666666675150e-03
1.604166666666677777e-03
1.627083333333346473e-03
1.625000000000011635e-03
1.633333333333343833e-03
1.564583333333344466e-03
1.691666666666680283e-03
1.679166666666681226e-03
1.472916666666675969e-03
1.589583333333344315e-03
1.637500000000011776e-03
1.620833333333344993e-03
1.535416666666676458e-03
1.522916666666675450e-03
1.670833333333348594e-03
1.577083333333343957e-03
1.589583333333345833e-03
1.610416666666679691e-03
1.683333333333347651e-03
1.650000000000014302e-03
1.670833333333347727e-03
1.600000000000011569e-03
1.572916666666677316e-03
1.589583333333346483e-03
1.535416666666678193e-03
1.689583333333345445e-03
1.533333333333343571e-03
1.560416666666678042e-03
1.533333333333344222e-03
1.547916666666677684e-03
1.593750000000012474e-03
1.514583333333344552e-03
1.493750000000009827e-03
1.606250000000011531e-03
1.643750000000012822e-03
1.597916666666678248e-03
1.472916666666675102e-03
1.562500000000012230e-03
1.520833333333342346e-03
1.568750000000008939e-03
1.525000000000009421e-03
1.602083333333345107e-03
1.631250000000011380e-03
1.660416666666681123e-03
1.620833333333346511e-03
1.581250000000011466e-03
1.660416666666678521e-03
1.431250000000005435e-03
1.543750000000012343e-03
1.662500000000011842e-03
1.433333333333342875e-03
1.583333333333343269e-03
1.627083333333345172e-03
1.564583333333344900e-03
1.495833333333342714e-03
1.622916666666680049e-03
1.543750000000011693e-03
1.570833333333344645e-03
1.437500000000007999e-03
1.595833333333345145e-03
1.639583333333346398e-03
1.581250000000008647e-03
1.577083333333342656e-03
1.568750000000010674e-03
1.595833333333345578e-03
1.535416666666676241e-03
1.479166666666676365e-03
1.447916666666675903e-03
1.629166666666678927e-03
1.666666666666678700e-03
1.577083333333345041e-03
1.566666666666676703e-03
1.541666666666677071e-03
1.552083333333344108e-03
1.562500000000010278e-03
1.660416666666680689e-03
1.608333333333343985e-03
1.508333333333343722e-03
1.539583333333342883e-03
1.600000000000011136e-03
1.545833333333344363e-03
1.593750000000012474e-03
1.560416666666677825e-03
1.591666666666676985e-03
1.502083333333343543e-03
1.581250000000011466e-03
1.610416666666677956e-03
1.612500000000010843e-03
1.585416666666678324e-03
1.606250000000010664e-03
1.635416666666679106e-03
1.577083333333344174e-03
1.625000000000014237e-03
1.527083333333344260e-03
1.683333333333346350e-03
1.481250000000010336e-03
1.614583333333345682e-03
1.631250000000009862e-03
1.643750000000012389e-03
1.608333333333344418e-03
1.575000000000011504e-03
1.610416666666678390e-03
1.570833333333344212e-03
1.562500000000011146e-03
1.516666666666677222e-03
1.620833333333345210e-03
1.545833333333344363e-03
1.614583333333344597e-03
1.627083333333345606e-03
1.556250000000012701e-03
1.500000000000008488e-03
1.572916666666679267e-03
1.643750000000013039e-03
1.697916666666680462e-03
1.560416666666676741e-03
1.631250000000013115e-03
1.641666666666680586e-03
1.581250000000009297e-03
1.585416666666676806e-03
1.581250000000012333e-03
1.650000000000012351e-03
1.668750000000014623e-03
1.635416666666679323e-03
1.570833333333342477e-03
1.527083333333344260e-03
1.614583333333345682e-03
1.512500000000010147e-03
1.522916666666678269e-03
1.610416666666679691e-03
1.600000000000010485e-03
1.606250000000011098e-03
1.510416666666677260e-03
1.508333333333343506e-03
1.566666666666676703e-03
1.693750000000012954e-03
1.543750000000010609e-03
1.579166666666676410e-03
1.589583333333344315e-03
1.533333333333343571e-03
1.654166666666679860e-03
1.456250000000008753e-03
1.581250000000010382e-03
1.556250000000007714e-03
1.575000000000011720e-03
1.614583333333345465e-03
1.614583333333345248e-03
1.483333333333344958e-03
1.618750000000013407e-03
1.547916666666679202e-03
1.706250000000012661e-03
1.597916666666678248e-03
1.568750000000011541e-03
1.660416666666679605e-03
1.550000000000012522e-03
1.591666666666678720e-03
1.595833333333343193e-03
1.537500000000011514e-03
1.620833333333344126e-03
1.627083333333345172e-03
1.616666666666678786e-03
1.577083333333345692e-03
1.660416666666677220e-03
1.604166666666678211e-03
1.529166666666677797e-03
1.579166666666676844e-03
1.518750000000010109e-03
1.612500000000011494e-03
1.537500000000009562e-03
1.641666666666678851e-03
1.545833333333344797e-03
1.550000000000010137e-03
1.664583333333345596e-03
1.514583333333342817e-03
1.670833333333344474e-03
1.562500000000010712e-03
1.620833333333347162e-03
1.687500000000014292e-03
1.506250000000008017e-03
1.597916666666678682e-03
1.668750000000011804e-03
1.552083333333344108e-03
1.539583333333343967e-03
1.687500000000012341e-03
1.545833333333344363e-03
1.500000000000009139e-03
1.604166666666680162e-03
1.502083333333342676e-03
1.504166666666676864e-03
1.512500000000010798e-03
1.620833333333346511e-03
1.470833333333343299e-03
1.575000000000010636e-03
1.504166666666676864e-03
1.560416666666676958e-03
1.643750000000010437e-03
1.514583333333344335e-03
1.625000000000011418e-03
1.458333333333343591e-03
1.668750000000012888e-03
1.668750000000011804e-03
1.520833333333345165e-03
1.610416666666678607e-03
1.502083333333344411e-03
1.579166666666679446e-03
1.631250000000011597e-03
1.572916666666677316e-03
1.568750000000011758e-03
1.539583333333344184e-03
1.518750000000011193e-03
1.625000000000011418e-03
1.550000000000009920e-03
1.633333333333344918e-03
1.641666666666679718e-03
1.697916666666678728e-03
1.668750000000012454e-03
1.537500000000010646e-03
1.483333333333345392e-03
1.500000000000010223e-03
1.700000000000014000e-03
1.650000000000011484e-03
1.489583333333341884e-03
1.587500000000010994e-03
1.539583333333345051e-03
1.575000000000011070e-03
1.581250000000010382e-03
1.581250000000013634e-03
1.543750000000010609e-03
1.495833333333342931e-03
1.516666666666676138e-03
1.550000000000011004e-03
1.658333333333346067e-03
1.602083333333346842e-03
1.595833333333342759e-03
1.725000000000014933e-03
1.570833333333344429e-03
1.545833333333343929e-03
1.562500000000010495e-03
1.537500000000010863e-03
1.585416666666679191e-03
1.514583333333344335e-03
1.458333333333341640e-03
1.633333333333345785e-03
1.506250000000011269e-03
1.645833333333344625e-03
1.466666666666674489e-03
1.489583333333342101e-03
1.587500000000010777e-03
1.562500000000010929e-03
1.531250000000010901e-03
1.610416666666678823e-03
1.531250000000009817e-03
1.556250000000010967e-03
1.604166666666679512e-03
1.575000000000011287e-03
1.550000000000011221e-03
1.702083333333345369e-03
1.622916666666679181e-03
1.587500000000011862e-03
1.645833333333346143e-03
1.637500000000010041e-03
1.652083333333346756e-03
1.577083333333342656e-03
1.575000000000012805e-03
1.585416666666680926e-03
1.487500000000008564e-03
1.558333333333344938e-03
1.477083333333343261e-03
1.552083333333344759e-03
1.652083333333346322e-03
1.618750000000012323e-03
1.550000000000010354e-03
1.641666666666678201e-03
1.581250000000011466e-03
1.610416666666678607e-03
1.610416666666678390e-03
1.552083333333344542e-03
1.616666666666675967e-03
1.545833333333344580e-03
1.600000000000011569e-03
1.604166666666677126e-03
1.606250000000011098e-03
1.610416666666679908e-03
1.581250000000011032e-03
1.493750000000009176e-03
1.522916666666678485e-03
1.568750000000011975e-03
1.641666666666679068e-03
1.589583333333344749e-03
1.622916666666678748e-03
1.614583333333346766e-03
1.804166666666682638e-03
1.589583333333344749e-03
1.539583333333342449e-03
1.618750000000010805e-03
1.616666666666677701e-03
1.493750000000011562e-03
1.533333333333340319e-03
1.579166666666677061e-03
1.620833333333347595e-03
1.483333333333342790e-03
1.591666666666677419e-03
1.664583333333342994e-03
1.575000000000011070e-03
1.610416666666678823e-03
1.591666666666676985e-03
1.556250000000010316e-03
1.616666666666678786e-03
1.756250000000014093e-03
1.620833333333345210e-03
1.562500000000010712e-03
1.547916666666678985e-03
1.606250000000011098e-03
1.550000000000010788e-03
1.633333333333345785e-03
1.614583333333346115e-03
1.552083333333344759e-03
1.645833333333347444e-03
1.562500000000011362e-03
1.550000000000012089e-03
1.583333333333343269e-03
1.587500000000011211e-03
1.485416666666675893e-03
1.460416666666675611e-03
1.658333333333346935e-03
1.589583333333345399e-03
1.587500000000011862e-03
1.666666666666679350e-03
1.545833333333345013e-03
1.510416666666675525e-03
1.633333333333346652e-03
1.604166666666676259e-03
1.491666666666675856e-03
1.589583333333344532e-03
1.622916666666678097e-03
1.708333333333346849e-03
1.502083333333343977e-03
1.662500000000012275e-03
1.572916666666679050e-03
1.656250000000011446e-03
1.606250000000011965e-03
1.608333333333346804e-03
1.508333333333341771e-03
1.527083333333342308e-03
1.602083333333343589e-03
1.675000000000011983e-03
1.597916666666678248e-03
1.452083333333343412e-03
1.572916666666678183e-03
1.587500000000010561e-03
1.472916666666675535e-03
1.650000000000012351e-03
1.629166666666678710e-03
1.510416666666675959e-03
1.558333333333343854e-03
1.566666666666678871e-03
1.510416666666675742e-03
1.606250000000011965e-03
1.614583333333344597e-03
1.518750000000009676e-03
1.618750000000011456e-03
1.560416666666678259e-03
1.639583333333345314e-03
1.635416666666681274e-03
1.527083333333344260e-03
1.535416666666677109e-03
1.539583333333343750e-03
1.516666666666677439e-03
1.579166666666677495e-03
1.635416666666678455e-03
1.687500000000012775e-03
1.604166666666677126e-03
1.645833333333344842e-03
1.737500000000013990e-03
1.533333333333342921e-03
1.554166666666677863e-03
1.568750000000010457e-03
1.577083333333344391e-03
1.554166666666678947e-03
1.616666666666678786e-03
1.591666666666679154e-03
1.641666666666677984e-03
1.591666666666677419e-03
1.514583333333344986e-03
1.483333333333343006e-03
1.602083333333344890e-03
1.718750000000014754e-03
1.631250000000012464e-03
1.537500000000009996e-03
1.602083333333343806e-03
1.622916666666680916e-03
1.635416666666679323e-03
1.541666666666676420e-03
1.602083333333345757e-03
1.479166666666675498e-03
1.556250000000010533e-03
1.616666666666677485e-03
1.529166666666676496e-03
1.600000000000010702e-03
1.700000000000014217e-03
1.560416666666676741e-03
1.566666666666676703e-03
1.577083333333344391e-03
1.543750000000011259e-03
1.554166666666676345e-03
1.510416666666677260e-03
1.554166666666675261e-03
1.581250000000012550e-03
1.527083333333342525e-03
1.610416666666678173e-03
1.602083333333344890e-03
1.572916666666677966e-03
1.570833333333344429e-03
1.577083333333343957e-03
1.600000000000009401e-03
1.633333333333342532e-03
1.566666666666678221e-03
1.468750000000008894e-03
1.614583333333346115e-03
1.602083333333344456e-03
1.620833333333345861e-03
1.622916666666678531e-03
1.662500000000014227e-03
1.620833333333344343e-03
1.643750000000011955e-03
1.591666666666680021e-03
1.583333333333345220e-03
1.527083333333344910e-03
1.677083333333344870e-03
1.562500000000010278e-03
1.560416666666678909e-03
1.587500000000012295e-03
1.587500000000013163e-03
1.545833333333342628e-03
1.641666666666679502e-03
1.447916666666677205e-03
1.531250000000010684e-03
1.643750000000011521e-03
1.572916666666677316e-03
1.593750000000010523e-03
1.454166666666674131e-03
1.550000000000010354e-03
1.610416666666678173e-03
1.614583333333346766e-03
1.625000000000011635e-03
1.570833333333341826e-03
1.622916666666677230e-03
1.575000000000010853e-03
1.472916666666674234e-03
1.591666666666680672e-03
1.504166666666677732e-03
1.545833333333344146e-03
1.568750000000011108e-03
1.525000000000009638e-03
1.579166666666678145e-03
1.641666666666677116e-03
1.625000000000014237e-03
1.708333333333345765e-03
1.633333333333346219e-03
1.547916666666679852e-03
1.606250000000011098e-03
1.527083333333343826e-03
1.581250000000011683e-03
1.600000000000010919e-03
1.577083333333345692e-03
1.637500000000013077e-03
1.645833333333344842e-03
1.485416666666676978e-03
1.545833333333342628e-03
1.529166666666677797e-03
1.570833333333345296e-03
1.527083333333343392e-03
1.539583333333343750e-03
1.491666666666675856e-03
1.560416666666676958e-03
1.547916666666677467e-03
1.600000000000011136e-03
1.512500000000012099e-03
1.510416666666677260e-03
1.695833333333346491e-03
1.550000000000007535e-03
1.535416666666677326e-03
1.514583333333341733e-03
1.618750000000012757e-03
1.622916666666677230e-03
1.558333333333344938e-03
1.564583333333345334e-03
1.622916666666680266e-03
1.575000000000011720e-03
1.579166666666678145e-03
1.477083333333342394e-03
1.516666666666677439e-03
1.483333333333342790e-03
1.589583333333343665e-03
1.625000000000011201e-03
1.533333333333345306e-03
1.587500000000011211e-03
1.485416666666676978e-03
1.539583333333343317e-03
1.552083333333344108e-03
1.556250000000011183e-03
1.435416666666674678e-03
1.506250000000010619e-03
1.522916666666677618e-03
1.552083333333343675e-03
1.635416666666679323e-03
1.681250000000011511e-03
1.579166666666677278e-03
1.554166666666678296e-03
1.597916666666677598e-03
1.543750000000010609e-03
1.570833333333343778e-03
1.585416666666678975e-03
1.650000000000013652e-03
1.602083333333345974e-03
1.570833333333344212e-03
1.560416666666677174e-03
1.606250000000011965e-03
1.608333333333344202e-03
1.700000000000012482e-03
1.460416666666675394e-03
1.614583333333344814e-03
1.614583333333345682e-03
1.585416666666679842e-03
1.606250000000011965e-03
1.622916666666678314e-03
1.481250000000008818e-03
1.514583333333343251e-03
1.497916666666675384e-03
1.558333333333344938e-03
1.620833333333345861e-03
1.587500000000010127e-03
1.500000000000010223e-03
1.602083333333344456e-03
1.562500000000010061e-03
1.516666666666677656e-03
1.593750000000013559e-03
1.575000000000010419e-03
1.679166666666679708e-03
1.579166666666678362e-03
1.629166666666681529e-03
1.622916666666676796e-03
1.708333333333347066e-03
1.558333333333343637e-03
1.518750000000010109e-03
1.595833333333344928e-03
1.554166666666678947e-03
1.614583333333343947e-03
1.627083333333345172e-03
1.425000000000008508e-03
1.650000000000013218e-03
1.562500000000010495e-03
1.566666666666677570e-03
1.525000000000010071e-03
1.606250000000010881e-03
1.602083333333344023e-03
1.577083333333343740e-03
1.739583333333346877e-03
1.618750000000012323e-03
1.641666666666678851e-03
1.602083333333344890e-03
1.522916666666676534e-03
1.616666666666679219e-03
1.572916666666678617e-03
1.570833333333342911e-03
1.616666666666681171e-03
1.487500000000008997e-03
1.564583333333343165e-03
1.489583333333341017e-03
1.650000000000011700e-03
1.535416666666677976e-03
1.629166666666678493e-03
1.462500000000008932e-03
1.554166666666677429e-03
1.554166666666677429e-03
1.585416666666678541e-03
1.602083333333345324e-03
1.606250000000012832e-03
1.612500000000011927e-03
1.535416666666677542e-03
1.587500000000010994e-03
1.627083333333346040e-03
1.541666666666676420e-03
1.616666666666679002e-03
1.550000000000011655e-03
1.654166666666679426e-03
1.670833333333346642e-03
1.575000000000011287e-03
1.593750000000010306e-03
1.404166666666673566e-03
1.610416666666680341e-03
1.593750000000009655e-03
1.718750000000015188e-03
1.562500000000011362e-03
1.504166666666675129e-03
1.670833333333346642e-03
1.522916666666677618e-03
1.572916666666678183e-03
1.543750000000010825e-03
1.716666666666679265e-03
1.529166666666677147e-03
1.618750000000012106e-03
1.614583333333345682e-03
1.570833333333343561e-03
1.554166666666676995e-03
1.489583333333343402e-03
1.545833333333344363e-03
1.479166666666676148e-03
1.639583333333343579e-03
1.520833333333342346e-03
1.575000000000011937e-03
1.572916666666676231e-03
1.533333333333343571e-03
1.635416666666677371e-03
1.650000000000012134e-03
1.600000000000012003e-03
1.647916666666678163e-03
1.647916666666677729e-03
1.589583333333346050e-03
1.550000000000011004e-03
1.591666666666679371e-03
1.600000000000011352e-03
1.575000000000011720e-03
1.529166666666675195e-03
1.593750000000010523e-03
1.554166666666676345e-03
1.475000000000009507e-03
1.522916666666676534e-03
1.572916666666676882e-03
1.562500000000010278e-03
1.566666666666677353e-03
1.600000000000012003e-03
1.587500000000012079e-03
1.550000000000009920e-03
1.589583333333345182e-03
1.504166666666676214e-03
1.610416666666678173e-03
1.566666666666677570e-03
1.641666666666680152e-03
1.512500000000010364e-03
1.602083333333343372e-03
1.566666666666677353e-03
1.572916666666678617e-03
1.518750000000012711e-03
1.564583333333342081e-03
1.543750000000010175e-03
1.589583333333345616e-03
1.620833333333345861e-03
1.547916666666676816e-03
1.577083333333344824e-03
1.597916666666676297e-03
1.547916666666677684e-03
1.591666666666677419e-03
1.604166666666676476e-03
1.600000000000013738e-03
1.475000000000010591e-03
1.545833333333342628e-03
1.629166666666680661e-03
1.627083333333344956e-03
1.497916666666677119e-03
1.560416666666677391e-03
1.641666666666678417e-03
1.654166666666679209e-03
1.508333333333342638e-03
1.570833333333343995e-03
1.539583333333342883e-03
1.531250000000008733e-03
1.570833333333345296e-03
1.568750000000010891e-03
1.604166666666680162e-03
1.687500000000014943e-03
1.616666666666677051e-03
1.587500000000011211e-03
1.595833333333344277e-03
1.560416666666677174e-03
1.597916666666679983e-03
1.679166666666680142e-03
1.564583333333342081e-03
1.489583333333342101e-03
1.522916666666676751e-03
1.620833333333346078e-03
1.629166666666677843e-03
1.625000000000014454e-03
1.595833333333345578e-03
1.560416666666678692e-03
1.556250000000010533e-03
1.589583333333345182e-03
1.520833333333343430e-03
1.708333333333345982e-03
1.760416666666680518e-03
1.704166666666678473e-03
1.641666666666677767e-03
1.600000000000010919e-03
1.629166666666680445e-03
1.572916666666678617e-03
1.608333333333345503e-03
1.616666666666679653e-03
1.579166666666678362e-03
1.554166666666677212e-03
1.625000000000010117e-03
1.462500000000009149e-03
1.495833333333343581e-03
1.539583333333342449e-03
1.735416666666682187e-03
1.660416666666678521e-03
1.585416666666676589e-03
1.554166666666677646e-03
1.556250000000011617e-03
1.654166666666677691e-03
1.654166666666678992e-03
1.597916666666678032e-03
1.595833333333344711e-03
1.637500000000011776e-03
1.579166666666678145e-03
1.635416666666679756e-03
1.610416666666677305e-03
1.677083333333345954e-03
1.600000000000010919e-03
1.583333333333345003e-03
1.568750000000011758e-03
1.589583333333343881e-03
1.491666666666675422e-03
1.595833333333344928e-03
1.664583333333345813e-03
1.535416666666676241e-03
1.587500000000013163e-03
1.556250000000010750e-03
1.481250000000008601e-03
1.660416666666681340e-03
1.602083333333344673e-03
1.552083333333344108e-03
1.602083333333346625e-03
1.554166666666677429e-03
1.633333333333346002e-03
1.668750000000013322e-03
1.587500000000011211e-03
1.589583333333344749e-03
1.591666666666676768e-03
1.591666666666679371e-03
1.608333333333343334e-03
1.570833333333344862e-03
1.545833333333344363e-03
1.635416666666678238e-03
1.575000000000011070e-03
1.533333333333344005e-03
1.604166666666679512e-03
1.643750000000012606e-03
1.608333333333343334e-03
1.589583333333344749e-03
1.600000000000012220e-03
1.585416666666678324e-03
1.583333333333345437e-03
1.558333333333343203e-03
1.491666666666675205e-03
1.554166666666677212e-03
1.625000000000012502e-03
1.520833333333342996e-03
1.602083333333345324e-03
1.564583333333344683e-03
1.562500000000012663e-03
1.606250000000013049e-03
1.685416666666678803e-03
1.606250000000012832e-03
1.535416666666677326e-03
1.537500000000010213e-03
1.681250000000012595e-03
1.591666666666676985e-03
1.510416666666675959e-03
1.614583333333345248e-03
1.618750000000011239e-03
1.614583333333346115e-03
1.583333333333343702e-03
1.589583333333346267e-03
1.485416666666676327e-03
1.545833333333344146e-03
1.585416666666678975e-03
1.625000000000013153e-03
1.504166666666676214e-03
1.531250000000010034e-03
1.612500000000012578e-03
1.581250000000011683e-03
1.656250000000012313e-03
1.647916666666678596e-03
1.570833333333345730e-03
1.610416666666677305e-03
1.581250000000010382e-03
1.543750000000010609e-03
1.543750000000010175e-03
1.527083333333344910e-03
1.575000000000011720e-03
1.670833333333345775e-03
1.583333333333344570e-03
1.520833333333341262e-03
1.612500000000010193e-03
1.631250000000012031e-03
1.652083333333343720e-03
1.572916666666676665e-03
1.677083333333347906e-03
1.547916666666678334e-03
1.618750000000012974e-03
1.531250000000009817e-03
1.622916666666679181e-03
1.656250000000012313e-03
1.470833333333343082e-03
1.714583333333347462e-03
1.675000000000012850e-03
1.550000000000012305e-03
1.525000000000009638e-03
1.504166666666674913e-03
1.654166666666679209e-03
1.608333333333345286e-03
1.595833333333342976e-03
1.595833333333343844e-03
1.697916666666680896e-03
1.558333333333343854e-03
1.683333333333346133e-03
1.737500000000015508e-03
1.979166666666682881e-03
2.114583333333351113e-03
2.214583333333350074e-03
2.412500000000015760e-03
2.593750000000012278e-03
2.614583333333349389e-03
2.675000000000017641e-03
2.835416666666686156e-03
2.870833333333349356e-03
3.118750000000019076e-03
3.108333333333353991e-03
3.058333333333352992e-03
3.164583333333352566e-03
3.212500000000018726e-03
3.143750000000017190e-03
3.170833333333352311e-03
3.283333333333353799e-03
3.329166666666689024e-03
3.285416666666683000e-03
3.397916666666683620e-03
3.397916666666687957e-03
3.481250000000018618e-03
3.352083333333351865e-03
3.572916666666692970e-03
3.500000000000019588e-03
3.514583333333355653e-03
3.479166666666688983e-03
3.612500000000021510e-03
3.587500000000019926e-03
3.510416666666688577e-03
3.597916666666687181e-03
3.520833333333351061e-03
3.629166666666691545e-03
3.554166666666686795e-03
3.697916666666687009e-03
3.577083333333354407e-03
3.618750000000021255e-03
3.570833333333350759e-03
3.554166666666690264e-03
3.622916666666689631e-03
3.689583333333358063e-03
3.860416666666693399e-03
3.725000000000022998e-03
3.581250000000019747e-03
3.541666666666685569e-03
3.654166666666688358e-03
3.741666666666691732e-03
3.662500000000021641e-03
3.591666666666690037e-03
3.650000000000024319e-03
3.725000000000022130e-03
3.675000000000019831e-03
3.806250000000022289e-03
3.756250000000020423e-03
3.720833333333352887e-03
3.725000000000021697e-03
3.839583333333361492e-03
3.656250000000024064e-03
3.787500000000022619e-03
3.602083333333352521e-03
3.835416666666690514e-03
3.760416666666691402e-03
3.670833333333352322e-03
3.700000000000019679e-03
3.743750000000024402e-03
3.758333333333350491e-03
3.872916666666685950e-03
3.637500000000026563e-03
3.693750000000025138e-03
3.743750000000024402e-03
3.818750000000023081e-03
3.818750000000019611e-03
3.552083333333349354e-03
3.650000000000025186e-03
3.829166666666684263e-03
3.758333333333357430e-03
3.708333333333354263e-03
3.987500000000022277e-03
3.693750000000021235e-03
3.862500000000026069e-03
3.725000000000013890e-03
3.697916666666686142e-03
3.885416666666692380e-03
3.868750000000020176e-03
3.795833333333352433e-03
3.825000000000022826e-03
3.758333333333359165e-03
3.795833333333358504e-03
3.793750000000024099e-03
3.837500000000022751e-03
3.875000000000021656e-03
3.664583333333353878e-03
3.791666666666692730e-03
3.785416666666692551e-03
3.820833333333363124e-03
3.758333333333357430e-03
4.027083333333352985e-03
3.754166666666691656e-03
3.631250000000018578e-03
3.229166666666688761e-03
2.818750000000016988e-03
2.556250000000015975e-03
2.456250000000018315e-03
2.268750000000016847e-03
2.225000000000017328e-03
1.941666666666684408e-03
1.920833333333350984e-03
1.781250000000014376e-03
1.829166666666683571e-03
1.647916666666677729e-03
1.641666666666676900e-03
1.472916666666676836e-03
1.477083333333343044e-03
1.483333333333343006e-03
1.531250000000009383e-03
1.472916666666676186e-03
1.464583333333342903e-03
1.375000000000005775e-03
1.425000000000008942e-03
1.456250000000008970e-03
1.408333333333341509e-03
1.314583333333339257e-03
1.383333333333340576e-03
1.356250000000006322e-03
1.391666666666672558e-03
1.310416666666674350e-03
1.293750000000005833e-03
1.316666666666671493e-03
1.275000000000005946e-03
1.395833333333339633e-03
1.281250000000003957e-03
1.231250000000002525e-03
1.343750000000006398e-03
1.287500000000005437e-03
1.370833333333340651e-03
1.200000000000002931e-03
1.268750000000004683e-03
1.341666666666671993e-03
1.308333333333337777e-03
1.341666666666673294e-03
1.256250000000004325e-03
1.310416666666673049e-03
1.360416666666674915e-03
1.260416666666669882e-03
1.356250000000006539e-03
1.335416666666673765e-03
1.427083333333341829e-03
1.262500000000003854e-03
1.264583333333337825e-03
1.335416666666671814e-03
1.341666666666671993e-03
1.295833333333338069e-03
1.297916666666672041e-03
1.306250000000005757e-03
1.285416666666671249e-03
1.304166666666672003e-03
1.343750000000005747e-03
1.375000000000006209e-03
1.329166666666673369e-03
1.325000000000006294e-03
1.250000000000004580e-03
1.379166666666673284e-03
1.360416666666672747e-03
1.366666666666674010e-03
1.270833333333338221e-03
1.466666666666674489e-03
1.331250000000004739e-03
1.435416666666675979e-03
1.387500000000006567e-03
1.295833333333336768e-03
1.239583333333337976e-03
1.316666666666674096e-03
1.364583333333341557e-03
1.352083333333338596e-03
1.308333333333338861e-03
1.316666666666674963e-03
1.383333333333339491e-03
1.270833333333338871e-03
1.345833333333339502e-03
1.366666666666673359e-03
1.314583333333339691e-03
1.358333333333340293e-03
1.335416666666672464e-03
1.360416666666673831e-03
1.425000000000007641e-03
1.364583333333340689e-03
1.256250000000004542e-03
1.400000000000007358e-03
1.314583333333339257e-03
1.202083333333335818e-03
1.281250000000006125e-03
1.310416666666671965e-03
1.337500000000005568e-03
1.297916666666672041e-03
1.322916666666673841e-03
1.331250000000008859e-03
1.333333333333338059e-03
1.300000000000005578e-03
1.406250000000007321e-03
1.270833333333339522e-03
1.312500000000005936e-03
1.327083333333338748e-03
1.443750000000009696e-03
1.304166666666672870e-03
1.358333333333339643e-03
1.291666666666672295e-03
1.331250000000006473e-03
1.393750000000007396e-03
1.331250000000005823e-03
1.283333333333338362e-03
1.258333333333338296e-03
1.410416666666674396e-03
1.316666666666672578e-03
1.389583333333341839e-03
1.329166666666673586e-03
1.341666666666672426e-03
1.381250000000007689e-03
1.395833333333342452e-03
1.312500000000005503e-03
1.358333333333342245e-03
1.462500000000008064e-03
1.316666666666671710e-03
1.437500000000009083e-03
1.345833333333339718e-03
1.383333333333339708e-03
1.250000000000004797e-03
1.410416666666674179e-03
1.354166666666672568e-03
1.381250000000006171e-03
1.310416666666671748e-03
1.287500000000004353e-03
1.439583333333342404e-03
1.370833333333339567e-03
1.385416666666673246e-03
1.331250000000007341e-03
1.310416666666671531e-03
1.347916666666672822e-03
1.337500000000007303e-03
1.300000000000004494e-03
1.310416666666673266e-03
1.493750000000008743e-03
1.379166666666675669e-03
1.431250000000006952e-03
1.364583333333341557e-03
1.295833333333338720e-03
1.314583333333339907e-03
1.337500000000006002e-03
1.397916666666674038e-03
1.383333333333339708e-03
1.362500000000006718e-03
1.400000000000008009e-03
1.372916666666672454e-03
1.418750000000008763e-03
1.287500000000005220e-03
1.397916666666674905e-03
1.395833333333340283e-03
1.316666666666672795e-03
1.339583333333340840e-03
1.333333333333340445e-03
1.437500000000009300e-03
1.381250000000007038e-03
1.279166666666671070e-03
1.377083333333340830e-03
1.435416666666675329e-03
1.425000000000008291e-03
1.433333333333341791e-03
1.337500000000007737e-03
1.350000000000006794e-03
1.345833333333338417e-03
1.437500000000008866e-03
1.356250000000006973e-03
1.331250000000008425e-03
1.477083333333340225e-03
1.347916666666675641e-03
1.302083333333339766e-03
1.375000000000007293e-03
1.287500000000006521e-03
1.308333333333339512e-03
1.318750000000006766e-03
1.345833333333339718e-03
1.352083333333338813e-03
1.402083333333340896e-03
1.297916666666670740e-03
1.408333333333341942e-03
1.345833333333339935e-03
1.406250000000007971e-03
1.383333333333340576e-03
1.310416666666672832e-03
1.327083333333339832e-03
1.339583333333337588e-03
1.335416666666672898e-03
1.495833333333342280e-03
1.420833333333340999e-03
1.435416666666674678e-03
1.418750000000008763e-03
1.445833333333342149e-03
1.422916666666672585e-03
1.381250000000007255e-03
1.468750000000009328e-03
1.385416666666675197e-03
1.343750000000006181e-03
1.389583333333341839e-03
1.358333333333340727e-03
1.314583333333338606e-03
1.483333333333343223e-03
1.293750000000005182e-03
1.439583333333340886e-03
1.408333333333341509e-03
1.350000000000007010e-03
1.360416666666674481e-03
1.416666666666675008e-03
1.364583333333339388e-03
1.362500000000006067e-03
1.433333333333340924e-03
1.352083333333338380e-03
1.431250000000008687e-03
1.397916666666673387e-03
1.391666666666674075e-03
1.466666666666674923e-03
1.362500000000005634e-03
1.416666666666675659e-03
1.462500000000010233e-03
1.277083333333337315e-03
1.308333333333337994e-03
1.356250000000007623e-03
1.416666666666674141e-03
1.429166666666676667e-03
1.335416666666672247e-03
1.470833333333342648e-03
1.389583333333340538e-03
1.395833333333340500e-03
1.377083333333341698e-03
1.406250000000007537e-03
1.429166666666673632e-03
1.397916666666673170e-03
1.433333333333341791e-03
1.395833333333340283e-03
1.350000000000007227e-03
1.458333333333342941e-03
1.445833333333340631e-03
1.356250000000006973e-03
1.481250000000009252e-03
1.475000000000008422e-03
1.372916666666673972e-03
1.427083333333343347e-03
1.325000000000004993e-03
1.410416666666674613e-03
1.437500000000009517e-03
1.381250000000006388e-03
1.433333333333343743e-03
1.412500000000007283e-03
1.447916666666676771e-03
1.545833333333344797e-03
1.450000000000009224e-03
1.462500000000010233e-03
1.481250000000008818e-03
1.433333333333341357e-03
1.435416666666675329e-03
1.318750000000005682e-03
1.377083333333341264e-03
1.391666666666672991e-03
1.350000000000007661e-03
1.389583333333340755e-03
1.539583333333343100e-03
1.475000000000011025e-03
1.389583333333340755e-03
1.443750000000007961e-03
1.493750000000010044e-03
1.481250000000010553e-03
1.450000000000010092e-03
1.391666666666673859e-03
1.375000000000008377e-03
1.275000000000005729e-03
1.514583333333344335e-03
1.441666666666676158e-03
1.433333333333341141e-03
1.468750000000009328e-03
1.377083333333339529e-03
1.518750000000010760e-03
1.381250000000006604e-03
1.425000000000008725e-03
1.437500000000008649e-03
1.470833333333341781e-03
1.406250000000007971e-03
1.412500000000008150e-03
1.435416666666674461e-03
1.429166666666676017e-03
1.350000000000005492e-03
1.422916666666674320e-03
1.383333333333340142e-03
1.420833333333341216e-03
1.547916666666678985e-03
1.489583333333344053e-03
1.304166666666672436e-03
1.431250000000009555e-03
1.431250000000009771e-03
1.427083333333340961e-03
1.389583333333340755e-03
1.418750000000007462e-03
1.381250000000007038e-03
1.404166666666675735e-03
1.418750000000007679e-03
1.404166666666674650e-03
1.431250000000008470e-03
1.443750000000010129e-03
1.431250000000008037e-03
1.472916666666676836e-03
1.368750000000006246e-03
1.418750000000008329e-03
1.352083333333340548e-03
1.410416666666673962e-03
1.439583333333341970e-03
1.445833333333342149e-03
1.372916666666673972e-03
1.427083333333343130e-03
1.487500000000009214e-03
1.312500000000005936e-03
1.464583333333341602e-03
1.335416666666674199e-03
1.383333333333340793e-03
1.420833333333342084e-03
1.429166666666673415e-03
1.420833333333341650e-03
1.439583333333342837e-03
1.539583333333343317e-03
1.381250000000008122e-03
1.418750000000009196e-03
1.435416666666674461e-03
1.360416666666672963e-03
1.500000000000010656e-03
1.466666666666677091e-03
1.404166666666675518e-03
1.416666666666673707e-03
1.481250000000008601e-03
1.418750000000009196e-03
1.375000000000006859e-03
1.377083333333340614e-03
1.408333333333341509e-03
1.364583333333339822e-03
1.495833333333343798e-03
1.477083333333343044e-03
1.433333333333341574e-03
1.414583333333340603e-03
1.331250000000006256e-03
1.352083333333340114e-03
1.312500000000005069e-03
1.472916666666677704e-03
1.464583333333341385e-03
1.447916666666677205e-03
1.412500000000009234e-03
1.458333333333341206e-03
1.433333333333342875e-03
1.433333333333343959e-03
1.391666666666674292e-03
1.520833333333344514e-03
1.472916666666675752e-03
1.514583333333343034e-03
1.447916666666675687e-03
1.443750000000007744e-03
1.425000000000008508e-03
1.491666666666676723e-03
1.458333333333342073e-03
1.437500000000008432e-03
1.460416666666676478e-03
1.493750000000009393e-03
1.452083333333340810e-03
1.406250000000008188e-03
1.537500000000009996e-03
1.402083333333340679e-03
1.368750000000006680e-03
1.456250000000007452e-03
1.420833333333341216e-03
1.456250000000010054e-03
1.391666666666673208e-03
1.481250000000010770e-03
1.389583333333341839e-03
1.352083333333338596e-03
1.318750000000007199e-03
1.450000000000009441e-03
1.425000000000006990e-03
1.443750000000009262e-03
1.491666666666676289e-03
1.510416666666677694e-03
1.441666666666674423e-03
1.500000000000010873e-03
1.445833333333341932e-03
1.541666666666676854e-03
1.445833333333341499e-03
1.425000000000007424e-03
1.466666666666676007e-03
1.393750000000007179e-03
1.420833333333342951e-03
1.400000000000006925e-03
1.439583333333340669e-03
1.331250000000005389e-03
1.335416666666672464e-03
1.458333333333340989e-03
1.583333333333344353e-03
