4.944444444444432958e-04
6.527777777777761048e-04
7.361111111111091508e-04
7.749999999999980212e-04
8.055555555555532835e-04
8.833333333333311327e-04
1.008333333333330485e-03
9.777777777777751141e-04
1.091666666666663748e-03
1.269444444444440883e-03
1.236111111111107535e-03
1.222222222222218947e-03
1.352777777777773929e-03
1.405555555555551605e-03
1.494444444444439956e-03
1.419444444444440193e-03
1.516666666666662260e-03
1.402777777777773844e-03
1.452777777777773541e-03
1.494444444444440172e-03
1.547222222222217631e-03
1.497222222222217933e-03
1.552777777777773153e-03
1.494444444444440172e-03
1.519444444444440238e-03
1.544444444444439870e-03
1.591666666666662023e-03
1.572222222222217696e-03
1.494444444444440172e-03
1.572222222222217480e-03
1.674999999999995069e-03
1.588888888888884045e-03
1.669444444444439547e-03
1.613888888888884111e-03
1.655555555555550742e-03
1.649999999999995220e-03
1.716666666666661484e-03
1.597222222222217762e-03
1.766666666666661398e-03
1.697222222222217374e-03
1.719444444444439462e-03
1.699999999999994918e-03
1.647222222222217243e-03
1.672222222222217091e-03
1.716666666666661484e-03
1.672222222222217308e-03
1.677777777777772613e-03
1.630555555555550894e-03
1.708333333333328201e-03
1.774999999999994681e-03
1.705555555555550657e-03
1.597222222222217762e-03
1.624999999999995155e-03
1.674999999999994852e-03
1.691666666666661852e-03
1.830555555555549900e-03
1.772222222222216920e-03
1.797222222222216986e-03
1.688888888888883874e-03
1.636111111111106199e-03
1.644444444444439482e-03
1.766666666666661181e-03
1.680555555555550374e-03
1.811111111111105790e-03
1.741666666666661333e-03
1.705555555555550440e-03
1.888888888888883314e-03
1.861111111111105705e-03
1.674999999999994852e-03
1.791666666666661464e-03
1.619444444444439633e-03
1.722222222222217006e-03
1.658333333333328503e-03
1.622222222222217394e-03
1.780555555555550420e-03
1.872222222222216749e-03
1.705555555555550657e-03
1.869444444444438988e-03
1.736111111111106027e-03
1.774999999999994898e-03
1.741666666666661549e-03
1.736111111111106027e-03
1.702777777777772896e-03
1.830555555555549900e-03
1.711111111111106179e-03
1.738888888888883572e-03
1.711111111111105962e-03
1.713888888888883940e-03
1.780555555555550420e-03
1.766666666666661181e-03
1.788888888888883703e-03
1.677777777777772613e-03
1.841666666666660944e-03
1.738888888888883572e-03
1.705555555555550440e-03
1.986111111111105165e-03
1.783333333333328181e-03
1.699999999999995352e-03
1.658333333333328287e-03
1.752777777777772376e-03
1.699999999999994918e-03
1.711111111111105962e-03
1.830555555555549900e-03
1.649999999999995004e-03
1.797222222222216769e-03
1.688888888888883874e-03
1.727777777777772961e-03
1.724999999999994984e-03
1.686111111111106330e-03
1.763888888888883854e-03
1.649999999999995004e-03
1.691666666666661635e-03
1.769444444444439376e-03
1.813888888888883551e-03
1.705555555555550657e-03
1.716666666666661484e-03
1.694444444444439613e-03
1.688888888888884091e-03
1.772222222222217137e-03
1.613888888888884328e-03
1.727777777777772528e-03
1.733333333333328266e-03
1.766666666666661398e-03
1.844444444444438922e-03
1.733333333333328266e-03
1.794444444444439008e-03
1.666666666666661786e-03
1.905555555555549880e-03
1.780555555555550420e-03
1.872222222222216965e-03
1.711111111111106179e-03
1.866666666666661227e-03
1.691666666666661635e-03
1.647222222222217243e-03
1.736111111111106027e-03
1.688888888888883874e-03
1.686111111111106330e-03
1.711111111111105962e-03
1.844444444444438922e-03
1.733333333333328266e-03
1.655555555555550526e-03
1.838888888888883400e-03
1.891666666666661075e-03
1.802777777777772508e-03
1.719444444444439245e-03
1.716666666666661484e-03
1.749999999999995049e-03
1.769444444444439376e-03
1.691666666666661852e-03
1.780555555555550420e-03
1.702777777777772896e-03
1.730555555555550072e-03
1.788888888888883486e-03
1.761111111111105659e-03
1.769444444444439376e-03
1.772222222222217137e-03
1.697222222222217374e-03
1.730555555555550505e-03
1.761111111111105876e-03
1.680555555555550374e-03
1.763888888888883637e-03
1.747222222222217071e-03
1.797222222222216769e-03
1.791666666666661464e-03
1.849999999999994444e-03
1.705555555555550440e-03
1.777777777777772442e-03
1.747222222222216854e-03
1.791666666666661464e-03
1.711111111111106179e-03
1.697222222222217157e-03
1.847222222222216900e-03
1.847222222222216683e-03
1.849999999999994444e-03
1.844444444444438922e-03
1.869444444444438771e-03
1.794444444444439225e-03
1.827777777777772356e-03
1.644444444444439482e-03
1.683333333333328569e-03
1.727777777777772744e-03
1.705555555555550657e-03
1.783333333333327964e-03
1.708333333333328201e-03
1.808333333333327813e-03
1.761111111111105659e-03
1.830555555555549900e-03
1.774999999999994681e-03
1.816666666666661312e-03
1.763888888888883637e-03
1.777777777777772442e-03
1.716666666666661484e-03
1.808333333333327813e-03
1.783333333333328181e-03
1.766666666666661398e-03
1.830555555555550117e-03
1.808333333333328029e-03
1.649999999999995437e-03
1.766666666666661181e-03
1.763888888888883420e-03
1.811111111111105790e-03
1.780555555555550203e-03
1.722222222222217006e-03
1.747222222222216854e-03
1.708333333333328201e-03
1.711111111111106179e-03
1.683333333333328135e-03
1.730555555555550289e-03
1.711111111111105962e-03
1.827777777777772356e-03
1.680555555555550591e-03
1.780555555555550637e-03
1.724999999999994984e-03
1.836111111111105639e-03
1.791666666666661464e-03
1.819444444444438857e-03
1.777777777777772442e-03
1.677777777777772830e-03
1.780555555555550203e-03
1.749999999999994832e-03
1.630555555555550677e-03
1.799999999999994747e-03
1.799999999999994530e-03
1.838888888888883400e-03
1.736111111111106027e-03
1.755555555555550354e-03
1.772222222222216920e-03
1.738888888888883788e-03
1.877777777777772054e-03
1.730555555555550289e-03
1.749999999999994832e-03
1.763888888888883637e-03
1.736111111111105811e-03
1.672222222222217091e-03
1.663888888888884025e-03
1.788888888888883486e-03
1.861111111111105488e-03
1.861111111111105705e-03
1.749999999999994615e-03
1.691666666666661852e-03
1.802777777777772508e-03
1.788888888888883486e-03
1.774999999999994681e-03
1.902777777777771902e-03
1.727777777777772744e-03
1.891666666666660859e-03
1.783333333333327964e-03
1.663888888888883809e-03
1.647222222222217460e-03
1.747222222222216854e-03
1.761111111111105659e-03
1.733333333333328050e-03
1.780555555555550637e-03
1.805555555555550269e-03
1.622222222222217611e-03
1.713888888888883723e-03
1.838888888888883183e-03
1.777777777777772442e-03
1.719444444444439245e-03
1.780555555555550203e-03
1.624999999999995155e-03
1.655555555555550742e-03
1.736111111111106027e-03
1.747222222222217071e-03
1.924999999999994207e-03
1.636111111111106199e-03
1.719444444444439245e-03
1.638888888888884177e-03
1.844444444444438705e-03
1.780555555555550420e-03
1.786111111111105725e-03
1.608333333333328589e-03
1.666666666666661786e-03
1.744444444444439093e-03
1.699999999999994918e-03
1.752777777777772810e-03
1.722222222222217006e-03
1.780555555555550203e-03
1.772222222222216920e-03
1.813888888888883335e-03
1.613888888888884111e-03
1.744444444444439310e-03
1.708333333333328201e-03
1.686111111111106113e-03
1.777777777777772659e-03
1.702777777777772679e-03
1.638888888888884177e-03
1.786111111111105942e-03
1.730555555555550505e-03
1.758333333333328332e-03
1.741666666666661333e-03
1.808333333333327813e-03
1.655555555555550526e-03
1.805555555555550269e-03
1.777777777777772659e-03
1.647222222222217460e-03
1.705555555555550440e-03
1.852777777777772205e-03
1.763888888888883637e-03
1.797222222222216769e-03
1.741666666666661333e-03
1.833333333333327878e-03
1.772222222222217137e-03
1.802777777777772291e-03
1.686111111111106330e-03
1.786111111111105725e-03
1.899999999999994358e-03
1.833333333333327878e-03
1.830555555555549900e-03
1.677777777777772613e-03
1.736111111111105811e-03
1.783333333333328181e-03
1.841666666666661161e-03
1.705555555555550657e-03
1.691666666666662069e-03
1.697222222222217157e-03
1.588888888888884262e-03
1.766666666666661181e-03
1.702777777777772896e-03
1.805555555555550485e-03
1.777777777777772442e-03
1.724999999999994767e-03
1.724999999999994984e-03
1.708333333333328418e-03
1.783333333333328181e-03
1.849999999999994227e-03
1.758333333333327898e-03
1.702777777777772896e-03
1.758333333333328115e-03
1.816666666666661312e-03
1.741666666666661333e-03
1.755555555555550137e-03
1.702777777777772896e-03
1.799999999999994747e-03
1.766666666666661181e-03
1.724999999999994767e-03
1.747222222222216854e-03
1.838888888888883183e-03
1.652777777777772765e-03
1.719444444444439462e-03
1.799999999999994530e-03
1.766666666666661398e-03
1.694444444444439613e-03
1.577777777777773218e-03
1.774999999999994681e-03
1.761111111111105659e-03
1.797222222222216986e-03
1.761111111111105659e-03
1.705555555555550657e-03
1.766666666666661398e-03
1.649999999999995220e-03
1.691666666666661635e-03
1.861111111111105488e-03
1.533333333333328826e-03
1.688888888888883874e-03
1.841666666666661161e-03
1.844444444444438705e-03
1.822222222222216617e-03
1.722222222222217006e-03
1.824999999999994595e-03
1.836111111111105422e-03
1.666666666666661786e-03
1.752777777777772376e-03
1.719444444444439245e-03
1.749999999999994615e-03
1.605555555555551045e-03
1.874999999999994293e-03
1.661111111111106264e-03
1.702777777777772679e-03
1.727777777777772744e-03
1.624999999999995372e-03
1.805555555555550485e-03
1.841666666666660944e-03
1.674999999999994852e-03
1.616666666666662089e-03
1.733333333333328266e-03
1.836111111111105639e-03
1.788888888888883486e-03
1.716666666666661484e-03
1.822222222222216834e-03
1.722222222222217223e-03
1.755555555555550137e-03
1.727777777777772528e-03
1.716666666666661701e-03
1.752777777777772593e-03
1.830555555555549900e-03
1.774999999999994898e-03
1.811111111111105574e-03
1.841666666666661378e-03
1.786111111111105725e-03
1.847222222222216466e-03
1.738888888888883572e-03
1.811111111111105574e-03
1.741666666666661549e-03
1.649999999999995220e-03
1.849999999999994227e-03
1.702777777777772896e-03
1.763888888888883637e-03
1.902777777777772119e-03
1.624999999999995372e-03
1.747222222222216854e-03
1.769444444444439593e-03
1.769444444444439376e-03
1.772222222222217137e-03
1.788888888888883486e-03
1.777777777777772442e-03
1.822222222222216617e-03
1.758333333333328332e-03
1.902777777777772119e-03
1.961111111111105317e-03
1.780555555555550420e-03
1.816666666666661312e-03
1.774999999999994898e-03
1.849999999999994444e-03
1.852777777777772205e-03
1.730555555555550289e-03
1.647222222222217243e-03
1.722222222222217006e-03
1.786111111111105942e-03
1.730555555555550505e-03
1.819444444444438857e-03
1.613888888888884111e-03
1.661111111111106264e-03
1.708333333333328201e-03
1.780555555555550203e-03
1.736111111111105811e-03
1.802777777777772508e-03
1.741666666666661766e-03
1.791666666666661464e-03
1.819444444444439073e-03
1.674999999999994852e-03
1.774999999999994681e-03
1.672222222222217091e-03
1.702777777777772896e-03
1.769444444444438942e-03
1.649999999999995004e-03
1.791666666666661464e-03
1.649999999999995220e-03
1.716666666666661701e-03
1.683333333333328135e-03
1.849999999999994444e-03
1.777777777777772442e-03
1.755555555555550354e-03
1.741666666666661333e-03
1.663888888888884025e-03
1.838888888888883183e-03
1.763888888888883420e-03
1.724999999999994984e-03
1.741666666666661549e-03
1.727777777777772528e-03
1.611111111111106350e-03
1.711111111111106179e-03
1.791666666666661464e-03
1.797222222222216986e-03
1.855555555555549966e-03
1.644444444444439699e-03
1.613888888888884328e-03
1.747222222222217071e-03
1.716666666666661484e-03
1.661111111111106264e-03
1.838888888888883617e-03
1.741666666666661333e-03
1.747222222222217071e-03
1.688888888888884308e-03
1.724999999999994984e-03
1.730555555555550289e-03
1.699999999999995135e-03
1.752777777777772593e-03
1.680555555555551025e-03
1.719444444444439245e-03
1.719444444444439245e-03
1.691666666666661635e-03
1.780555555555550203e-03
1.627777777777772916e-03
1.730555555555550289e-03
1.680555555555550374e-03
1.772222222222217354e-03
1.730555555555550505e-03
1.741666666666661549e-03
1.686111111111106113e-03
1.824999999999994595e-03
1.711111111111105962e-03
1.838888888888883400e-03
1.711111111111106179e-03
1.849999999999994444e-03
1.624999999999995155e-03
1.819444444444439073e-03
1.647222222222217460e-03
1.777777777777772659e-03
1.683333333333328135e-03
1.872222222222216749e-03
1.588888888888884045e-03
1.627777777777772916e-03
1.713888888888883940e-03
1.708333333333328201e-03
1.769444444444439593e-03
1.769444444444439376e-03
1.899999999999994141e-03
1.747222222222216854e-03
1.608333333333328589e-03
1.819444444444439073e-03
1.711111111111106179e-03
1.808333333333327813e-03
1.894444444444438620e-03
1.647222222222217676e-03
1.755555555555550137e-03
1.702777777777772679e-03
1.811111111111105574e-03
1.630555555555550894e-03
1.722222222222217223e-03
1.674999999999994852e-03
1.672222222222217091e-03
1.852777777777772205e-03
1.783333333333327964e-03
1.802777777777772291e-03
1.727777777777772744e-03
1.736111111111106027e-03
1.813888888888883551e-03
1.677777777777772830e-03
1.863888888888883683e-03
1.866666666666661227e-03
1.769444444444439376e-03
1.727777777777772528e-03
1.752777777777772593e-03
1.755555555555550354e-03
1.597222222222217328e-03
1.663888888888884025e-03
1.644444444444439699e-03
1.713888888888883940e-03
1.772222222222217137e-03
1.694444444444439396e-03
1.736111111111106027e-03
1.794444444444439225e-03
1.680555555555550374e-03
1.719444444444439462e-03
1.724999999999994767e-03
1.838888888888883617e-03
1.711111111111105962e-03
1.666666666666661569e-03
1.652777777777772765e-03
1.880555555555550032e-03
1.836111111111105422e-03
1.774999999999994898e-03
1.891666666666661075e-03
1.730555555555550505e-03
1.719444444444439462e-03
1.811111111111105790e-03
1.741666666666661549e-03
1.686111111111106113e-03
1.841666666666660944e-03
1.886111111111105337e-03
1.805555555555550269e-03
1.733333333333328266e-03
1.641666666666661938e-03
1.874999999999994293e-03
1.819444444444439073e-03
1.866666666666661010e-03
1.761111111111105659e-03
1.799999999999994530e-03
1.822222222222216617e-03
1.755555555555550137e-03
1.713888888888883723e-03
1.766666666666661398e-03
1.774999999999994898e-03
1.605555555555551045e-03
1.838888888888883400e-03
1.708333333333328418e-03
1.758333333333327898e-03
1.727777777777772528e-03
1.713888888888883940e-03
1.741666666666661333e-03
1.847222222222216900e-03
1.755555555555550354e-03
1.674999999999995069e-03
1.841666666666660944e-03
1.713888888888883940e-03
1.699999999999995135e-03
1.752777777777772376e-03
1.716666666666661701e-03
1.719444444444439462e-03
1.761111111111105659e-03
1.661111111111106264e-03
1.786111111111105942e-03
1.769444444444438942e-03
1.761111111111105442e-03
1.661111111111106481e-03
1.702777777777772896e-03
1.716666666666661701e-03
1.672222222222217091e-03
1.738888888888883788e-03
1.808333333333328029e-03
1.830555555555549900e-03
1.705555555555550657e-03
1.724999999999994984e-03
1.849999999999994444e-03
1.716666666666661484e-03
1.774999999999994898e-03
1.691666666666661852e-03
1.722222222222217006e-03
1.847222222222216466e-03
1.702777777777772679e-03
1.861111111111105705e-03
1.772222222222217137e-03
1.741666666666661333e-03
1.772222222222216920e-03
1.772222222222216920e-03
1.774999999999994898e-03
1.722222222222217006e-03
1.727777777777772528e-03
1.672222222222217091e-03
1.777777777777772876e-03
1.797222222222216986e-03
1.777777777777772442e-03
1.747222222222217071e-03
1.791666666666661247e-03
1.724999999999994767e-03
1.758333333333327898e-03
1.638888888888884177e-03
1.713888888888883723e-03
1.780555555555550203e-03
1.847222222222216466e-03
1.730555555555550505e-03
1.841666666666660944e-03
1.738888888888883572e-03
1.691666666666661635e-03
1.699999999999995135e-03
1.827777777777772356e-03
1.755555555555550354e-03
1.722222222222217223e-03
1.752777777777772376e-03
1.811111111111105790e-03
1.794444444444439008e-03
1.649999999999995220e-03
1.833333333333327878e-03
1.688888888888884091e-03
1.902777777777772336e-03
1.824999999999994812e-03
1.847222222222216683e-03
1.774999999999994898e-03
1.683333333333328569e-03
1.747222222222217071e-03
1.674999999999995069e-03
1.733333333333328266e-03
1.777777777777772442e-03
1.791666666666661464e-03
1.822222222222216834e-03
1.755555555555550354e-03
1.780555555555550420e-03
1.869444444444438988e-03
1.819444444444439073e-03
1.774999999999995115e-03
1.749999999999994615e-03
1.861111111111105488e-03
1.852777777777772205e-03
1.802777777777772724e-03
1.686111111111106113e-03
1.841666666666661161e-03
1.691666666666661852e-03
1.797222222222216769e-03
1.733333333333328266e-03
1.847222222222216466e-03
1.852777777777772422e-03
1.733333333333328266e-03
1.763888888888883637e-03
1.736111111111105811e-03
1.786111111111105725e-03
1.644444444444439265e-03
1.816666666666661312e-03
1.708333333333328418e-03
1.738888888888883572e-03
1.819444444444439073e-03
1.688888888888883874e-03
1.774999999999994681e-03
1.813888888888883335e-03
1.738888888888883572e-03
1.866666666666661010e-03
1.791666666666661464e-03
1.863888888888883466e-03
1.719444444444439245e-03
1.844444444444438705e-03
1.683333333333328569e-03
1.611111111111106350e-03
1.763888888888883420e-03
1.855555555555549966e-03
1.794444444444439008e-03
1.716666666666661701e-03
1.724999999999994767e-03
1.797222222222216986e-03
1.702777777777772679e-03
1.733333333333328266e-03
1.741666666666661549e-03
1.761111111111105659e-03
1.666666666666661569e-03
1.816666666666661312e-03
1.724999999999994984e-03
1.747222222222217071e-03
1.708333333333328418e-03
1.761111111111105876e-03
1.624999999999995155e-03
1.724999999999994984e-03
1.744444444444439310e-03
1.855555555555549749e-03
1.816666666666661529e-03
1.722222222222217223e-03
1.713888888888883723e-03
1.716666666666661701e-03
1.736111111111106027e-03
1.794444444444439225e-03
1.669444444444439330e-03
1.924999999999994207e-03
1.705555555555550657e-03
1.824999999999994595e-03
1.777777777777772442e-03
1.655555555555550742e-03
1.744444444444439310e-03
1.797222222222216769e-03
1.691666666666661852e-03
1.602777777777773284e-03
1.738888888888883788e-03
1.716666666666661484e-03
1.883333333333327793e-03
1.844444444444438922e-03
1.866666666666661227e-03
1.880555555555550248e-03
1.661111111111106048e-03
1.658333333333328503e-03
1.713888888888883940e-03
1.705555555555550657e-03
1.802777777777772724e-03
1.661111111111106264e-03
1.761111111111105659e-03
1.666666666666661353e-03
1.747222222222216854e-03
1.708333333333328201e-03
1.894444444444438620e-03
1.722222222222217006e-03
1.699999999999994918e-03
1.761111111111105876e-03
1.949999999999994273e-03
1.930555555555549512e-03
1.733333333333328266e-03
1.738888888888883572e-03
1.730555555555550289e-03
1.802777777777772291e-03
1.661111111111106264e-03
1.852777777777771988e-03
1.686111111111106113e-03
1.802777777777772291e-03
1.638888888888883960e-03
1.858333333333328161e-03
1.722222222222217006e-03
1.869444444444438771e-03
1.747222222222217071e-03
1.802777777777772508e-03
1.838888888888883400e-03
1.741666666666661766e-03
1.708333333333328418e-03
1.705555555555550440e-03
1.838888888888883400e-03
1.802777777777772508e-03
1.852777777777772205e-03
1.797222222222216986e-03
1.705555555555550657e-03
1.683333333333328786e-03
1.705555555555550440e-03
1.674999999999994852e-03
1.738888888888883788e-03
1.741666666666661549e-03
1.736111111111106027e-03
1.736111111111106244e-03
1.663888888888883809e-03
1.738888888888883788e-03
1.719444444444439462e-03
1.761111111111105659e-03
1.711111111111106179e-03
1.747222222222217071e-03
1.666666666666661786e-03
1.716666666666661484e-03
1.633333333333328655e-03
1.763888888888883420e-03
1.722222222222217223e-03
1.863888888888883466e-03
1.647222222222217460e-03
1.649999999999995004e-03
1.827777777777772356e-03
1.633333333333328655e-03
1.741666666666661549e-03
1.905555555555549880e-03
1.586111111111106718e-03
1.736111111111106027e-03
1.724999999999994767e-03
1.811111111111105790e-03
1.874999999999994293e-03
1.663888888888884025e-03
1.733333333333328050e-03
1.827777777777772139e-03
1.677777777777772830e-03
1.813888888888883551e-03
1.816666666666661312e-03
1.741666666666661333e-03
1.777777777777772659e-03
1.749999999999994832e-03
1.658333333333328287e-03
1.783333333333327964e-03
1.716666666666661484e-03
1.830555555555550117e-03
1.713888888888883723e-03
1.663888888888884025e-03
1.802777777777772291e-03
1.791666666666661247e-03
1.774999999999994681e-03
1.747222222222216854e-03
1.624999999999995155e-03
1.763888888888883420e-03
1.655555555555550742e-03
1.724999999999994984e-03
1.830555555555550117e-03
1.694444444444439396e-03
1.677777777777772830e-03
1.819444444444439073e-03
1.661111111111106264e-03
1.738888888888883572e-03
1.763888888888883637e-03
1.741666666666661333e-03
1.863888888888883466e-03
1.583333333333328524e-03
1.761111111111105659e-03
1.663888888888884025e-03
1.852777777777772205e-03
1.911111111111105185e-03
1.691666666666661852e-03
1.819444444444439073e-03
1.844444444444438705e-03
1.769444444444438942e-03
1.680555555555550374e-03
1.711111111111106179e-03
1.769444444444438942e-03
1.722222222222217006e-03
1.747222222222216854e-03
1.741666666666661333e-03
1.747222222222217071e-03
1.744444444444439093e-03
1.719444444444439245e-03
1.733333333333328266e-03
1.755555555555550354e-03
1.699999999999994918e-03
1.913888888888882946e-03
1.719444444444439462e-03
1.769444444444439376e-03
1.644444444444439482e-03
1.733333333333328266e-03
1.824999999999994595e-03
1.822222222222216617e-03
1.772222222222217354e-03
1.669444444444439330e-03
1.752777777777772593e-03
1.744444444444439310e-03
1.772222222222217137e-03
1.827777777777772139e-03
1.786111111111105725e-03
1.683333333333328569e-03
1.755555555555550137e-03
1.713888888888883940e-03
1.916666666666660707e-03
1.730555555555550505e-03
1.811111111111105790e-03
1.766666666666661181e-03
1.772222222222217137e-03
1.627777777777772916e-03
1.730555555555550289e-03
1.674999999999995069e-03
1.705555555555550657e-03
1.722222222222216789e-03
1.847222222222216683e-03
1.636111111111106416e-03
1.669444444444439547e-03
1.761111111111105876e-03
1.730555555555550505e-03
1.586111111111106501e-03
1.677777777777772830e-03
1.783333333333328181e-03
1.824999999999994595e-03
1.738888888888883572e-03
1.608333333333328589e-03
1.758333333333328115e-03
1.619444444444439850e-03
1.838888888888883400e-03
1.749999999999994832e-03
1.766666666666661615e-03
1.702777777777772896e-03
1.741666666666661549e-03
1.788888888888883703e-03
1.641666666666661938e-03
1.758333333333328115e-03
1.836111111111105856e-03
1.702777777777772679e-03
1.858333333333327944e-03
1.833333333333327878e-03
1.733333333333328050e-03
1.791666666666661464e-03
1.674999999999994852e-03
1.697222222222217157e-03
1.647222222222217243e-03
1.783333333333328181e-03
1.786111111111105942e-03
1.824999999999994378e-03
1.741666666666661549e-03
1.733333333333328266e-03
1.713888888888883940e-03
1.616666666666661872e-03
1.699999999999994918e-03
1.727777777777772744e-03
1.622222222222217611e-03
1.697222222222217157e-03
1.727777777777772744e-03
1.699999999999995135e-03
1.599999999999995306e-03
1.763888888888883637e-03
1.677777777777772830e-03
1.674999999999994852e-03
1.752777777777772593e-03
1.813888888888883335e-03
1.611111111111106567e-03
1.730555555555550505e-03
1.697222222222217374e-03
1.852777777777771988e-03
1.736111111111106027e-03
1.741666666666661333e-03
1.727777777777772744e-03
1.688888888888884091e-03
1.747222222222216854e-03
1.891666666666661075e-03
1.794444444444439441e-03
1.711111111111105962e-03
1.802777777777772508e-03
1.844444444444438922e-03
1.822222222222217051e-03
1.711111111111106179e-03
1.716666666666661484e-03
1.688888888888884091e-03
1.730555555555550505e-03
1.758333333333327681e-03
1.838888888888883400e-03
1.749999999999994832e-03
1.758333333333327898e-03
1.791666666666661464e-03
1.719444444444439462e-03
1.791666666666661247e-03
1.738888888888883788e-03
1.861111111111105488e-03
1.774999999999994898e-03
1.802777777777772291e-03
1.741666666666661549e-03
1.799999999999994747e-03
1.833333333333327661e-03
1.805555555555550269e-03
1.694444444444439613e-03
1.847222222222216466e-03
1.672222222222217308e-03
1.863888888888883466e-03
1.822222222222216617e-03
1.661111111111106264e-03
1.663888888888884025e-03
1.777777777777772442e-03
1.786111111111106159e-03
1.816666666666661096e-03
1.749999999999994615e-03
1.849999999999994444e-03
1.713888888888883940e-03
1.724999999999994767e-03
1.655555555555550526e-03
1.833333333333327878e-03
1.663888888888883809e-03
1.811111111111106007e-03
1.674999999999994852e-03
1.738888888888883572e-03
1.855555555555549966e-03
1.694444444444439396e-03
1.711111111111106179e-03
1.738888888888883788e-03
1.702777777777772679e-03
1.824999999999994595e-03
1.758333333333328115e-03
1.772222222222217137e-03
1.741666666666661333e-03
1.727777777777772528e-03
1.669444444444439764e-03
1.749999999999994832e-03
1.816666666666661312e-03
1.922222222222216446e-03
1.719444444444439462e-03
1.747222222222217071e-03
1.672222222222217091e-03
1.763888888888883420e-03
1.761111111111106093e-03
1.786111111111105942e-03
1.619444444444439633e-03
1.833333333333327878e-03
1.761111111111105876e-03
1.680555555555550374e-03
1.927777777777771968e-03
2.108333333333326648e-03
2.169444444444438257e-03
2.308333333333326305e-03
2.658333333333325055e-03
2.552777777777770138e-03
2.747222222222213839e-03
2.766666666666658166e-03
2.936111111111102019e-03
3.005555555555546477e-03
3.119444444444435111e-03
3.102777777777768111e-03
3.186111111111100940e-03
3.208333333333323895e-03
3.130555555555546154e-03
3.324999999999989422e-03
3.274999999999989725e-03
3.352777777777767032e-03
3.158333333333323330e-03
3.122222222222212872e-03
3.266666666666656442e-03
3.186111111111101374e-03
3.361111111111100749e-03
3.136111111111101676e-03
3.161111111111101091e-03
3.288888888888878530e-03
3.338888888888878661e-03
3.252777777777767637e-03
3.280555555555545681e-03
3.399999999999989836e-03
3.363888888888878510e-03
3.308333333333322857e-03
3.366666666666655837e-03
3.269444444444434637e-03
3.352777777777767032e-03
3.316666666666656139e-03
3.352777777777767032e-03
3.219444444444434505e-03
3.222222222222212266e-03
3.269444444444434203e-03
3.411111111111100880e-03
3.383333333333322836e-03
3.347222222222211510e-03
3.391666666666656553e-03
3.199999999999990179e-03
3.297222222222212246e-03
3.258333333333323159e-03
3.319444444444434334e-03
3.480555555555544904e-03
3.352777777777767466e-03
3.119444444444434677e-03
3.413888888888878641e-03
3.288888888888878963e-03
3.299999999999989574e-03
3.405555555555544924e-03
3.327777777777767183e-03
3.108333333333323633e-03
3.197222222222211984e-03
3.130555555555545721e-03
3.177777777777767657e-03
3.174999999999989896e-03
3.405555555555545358e-03
3.213888888888878984e-03
3.305555555555545096e-03
3.138888888888879437e-03
3.291666666666656724e-03
3.324999999999989422e-03
3.333333333333322705e-03
3.361111111111100315e-03
3.122222222222212438e-03
3.216666666666657178e-03
3.313888888888878378e-03
3.269444444444434637e-03
3.247222222222212115e-03
3.294444444444434052e-03
3.272222222222212398e-03
3.141666666666657198e-03
3.233333333333323310e-03
3.249999999999989876e-03
3.213888888888879417e-03
3.083333333333323784e-03
3.111111111111101394e-03
3.177777777777768091e-03
3.233333333333323744e-03
3.152777777777767809e-03
3.269444444444434203e-03
3.247222222222212115e-03
3.102777777777768111e-03
3.266666666666656876e-03
2.997222222222212761e-03
3.155555555555545569e-03
3.180555555555545418e-03
3.152777777777768242e-03
3.186111111111101374e-03
3.066666666666657218e-03
3.119444444444434677e-03
3.152777777777768242e-03
3.061111111111101696e-03
3.211111111111101223e-03
3.124999999999990632e-03
3.152777777777767809e-03
3.227777777777767788e-03
3.099999999999990350e-03
3.174999999999989896e-03
3.188888888888879135e-03
3.180555555555545418e-03
3.155555555555545569e-03
3.202777777777768373e-03
3.291666666666656291e-03
3.388888888888878792e-03
3.208333333333323462e-03
3.344444444444433749e-03
3.280555555555545247e-03
3.338888888888878227e-03
3.380555555555545075e-03
3.227777777777767788e-03
3.324999999999989856e-03
3.266666666666656442e-03
3.252777777777767637e-03
3.174999999999989896e-03
3.299999999999989574e-03
3.283333333333323441e-03
3.261111111111101354e-03
3.311111111111100617e-03
3.266666666666656442e-03
3.272222222222211964e-03
3.536111111111099690e-03
3.347222222222211510e-03
3.327777777777767183e-03
3.233333333333323744e-03
3.255555555555545398e-03
3.238888888888878832e-03
3.252777777777767637e-03
3.386111111111101031e-03
3.319444444444433900e-03
3.269444444444434637e-03
3.513888888888877602e-03
3.386111111111101031e-03
3.463888888888878338e-03
3.330555555555544944e-03
3.452777777777767294e-03
3.327777777777767183e-03
3.205555555555545701e-03
3.238888888888878832e-03
3.327777777777767617e-03
3.052777777777768414e-03
3.277777777777767486e-03
3.458333333333322816e-03
3.291666666666656291e-03
3.199999999999990612e-03
3.313888888888878812e-03
3.283333333333323441e-03
3.338888888888878661e-03
3.263888888888879115e-03
3.252777777777767637e-03
3.158333333333323330e-03
3.222222222222212266e-03
3.427777777777767012e-03
3.449999999999989100e-03
3.316666666666656573e-03
3.199999999999990612e-03
3.169444444444434374e-03
3.274999999999989725e-03
3.269444444444434637e-03
3.172222222222212135e-03
3.313888888888878812e-03
3.130555555555545721e-03
3.224999999999990027e-03
3.044444444444435131e-03
3.072222222222213174e-03
3.363888888888878510e-03
3.266666666666656442e-03
3.155555555555545569e-03
3.224999999999990461e-03
3.127777777777767960e-03
3.219444444444434505e-03
3.202777777777768373e-03
3.205555555555545701e-03
3.394444444444434314e-03
3.013888888888879326e-03
3.416666666666656402e-03
3.236111111111101071e-03
3.141666666666657198e-03
3.094444444444434828e-03
3.349999999999989705e-03
3.255555555555545398e-03
3.166666666666656613e-03
3.088888888888879740e-03
3.166666666666656613e-03
3.227777777777767788e-03
3.061111111111101696e-03
3.119444444444435111e-03
3.074999999999990501e-03
3.113888888888879589e-03
3.069444444444435413e-03
3.172222222222212569e-03
3.141666666666656765e-03
3.172222222222212135e-03
3.166666666666656613e-03
3.111111111111101828e-03
3.227777777777767788e-03
3.155555555555545569e-03
3.247222222222212115e-03
3.097222222222212589e-03
3.191666666666656462e-03
3.055555555555546175e-03
3.188888888888878701e-03
3.111111111111101394e-03
3.180555555555545852e-03
3.111111111111101394e-03
3.108333333333323633e-03
3.083333333333324218e-03
3.049999999999991086e-03
3.183333333333323179e-03
3.163888888888878852e-03
2.977777777777768434e-03
3.233333333333323310e-03
3.158333333333323764e-03
3.152777777777767809e-03
3.027777777777768565e-03
3.044444444444435564e-03
2.988888888888879478e-03
3.163888888888878852e-03
3.061111111111102130e-03
2.936111111111102019e-03
3.052777777777768414e-03
3.158333333333323764e-03
3.238888888888879266e-03
2.866666666666658429e-03
2.869444444444435322e-03
3.074999999999990935e-03
2.994444444444435433e-03
3.086111111111101545e-03
2.908333333333324409e-03
2.966666666666657390e-03
3.172222222222212135e-03
3.044444444444435131e-03
2.986111111111101717e-03
2.847222222222213234e-03
3.133333333333323482e-03
2.922222222222213214e-03
3.002777777777768282e-03
2.966666666666657390e-03
3.197222222222211984e-03
3.158333333333323330e-03
3.038888888888880042e-03
2.822222222222213386e-03
2.858333333333325146e-03
2.880555555555546800e-03
3.066666666666657652e-03
3.055555555555546608e-03
3.016666666666657087e-03
2.855555555555546951e-03
2.908333333333324409e-03
3.069444444444434979e-03
3.030555555555546326e-03
2.891666666666657844e-03
3.024999999999991238e-03
3.113888888888879155e-03
2.883333333333324561e-03
2.949999999999990824e-03
3.008333333333323804e-03
2.908333333333324409e-03
3.019444444444434848e-03
3.047222222222212892e-03
2.966666666666657390e-03
2.924999999999990975e-03
2.872222222222213517e-03
2.999999999999990521e-03
2.886111111111102322e-03
2.963888888888879629e-03
2.980555555555546195e-03
2.852777777777769190e-03
2.869444444444436190e-03
2.913888888888880365e-03
2.872222222222213517e-03
2.852777777777769190e-03
2.983333333333324389e-03
2.949999999999990824e-03
2.788888888888880254e-03
2.958333333333324541e-03
2.874999999999991278e-03
3.077777777777768262e-03
2.894444444444435605e-03
2.813888888888880103e-03
2.827777777777768908e-03
2.883333333333324561e-03
3.019444444444434848e-03
2.838888888888879952e-03
2.819444444444436058e-03
2.772222222222213688e-03
2.930555555555546931e-03
2.858333333333324712e-03
2.763888888888880839e-03
2.880555555555546800e-03
2.838888888888879952e-03
2.880555555555546366e-03
3.027777777777768565e-03
2.844444444444435473e-03
3.008333333333323804e-03
3.033333333333324087e-03
2.741666666666658318e-03
2.847222222222213234e-03
2.786111111111102493e-03
2.858333333333325146e-03
2.794444444444435776e-03
2.897222222222213799e-03
2.899999999999991127e-03
2.963888888888879629e-03
2.794444444444435776e-03
2.791666666666658015e-03
2.611111111111103118e-03
2.944444444444435302e-03
2.924999999999990975e-03
2.786111111111102493e-03
2.952777777777768585e-03
2.816666666666657864e-03
2.936111111111102019e-03
2.888888888888880083e-03
2.752777777777769361e-03
2.744444444444436079e-03
2.919444444444435453e-03
2.874999999999991711e-03
2.883333333333324561e-03
2.794444444444435776e-03
2.794444444444435776e-03
2.699999999999992337e-03
2.527777777777770289e-03
2.774999999999991449e-03
2.763888888888880405e-03
3.008333333333323804e-03
2.838888888888879952e-03
2.802777777777768625e-03
2.752777777777769361e-03
2.777777777777769644e-03
2.672222222222213860e-03
2.752777777777769361e-03
2.891666666666657844e-03
2.686111111111103098e-03
2.724999999999991752e-03
2.683333333333325337e-03
2.811111111111102342e-03
2.727777777777769513e-03
2.708333333333325186e-03
2.886111111111102322e-03
2.727777777777769513e-03
2.869444444444435756e-03
2.758333333333324883e-03
2.849999999999990995e-03
2.772222222222213688e-03
2.719444444444436230e-03
2.594444444444436552e-03
2.713888888888880708e-03
2.738888888888880557e-03
2.630555555555547445e-03
2.763888888888880405e-03
2.688888888888880859e-03
2.772222222222213688e-03
2.724999999999991752e-03
2.633333333333325206e-03
2.755555555555547122e-03
2.711111111111102947e-03
2.655555555555547294e-03
2.808333333333324581e-03
2.774999999999991449e-03
2.555555555555547899e-03
2.663888888888880577e-03
2.730555555555547707e-03
2.702777777777769230e-03
2.708333333333325186e-03
2.713888888888880708e-03
2.688888888888880859e-03
2.697222222222214142e-03
2.680555555555547576e-03
2.580555555555547748e-03
2.658333333333325055e-03
2.633333333333325206e-03
2.555555555555547899e-03
2.680555555555547576e-03
2.738888888888880557e-03
2.686111111111103098e-03
2.683333333333325337e-03
2.611111111111103118e-03
2.674999999999991621e-03
2.597222222222214313e-03
2.658333333333325055e-03
2.641666666666658489e-03
2.674999999999991621e-03
2.752777777777769361e-03
2.591666666666658791e-03
2.655555555555547294e-03
2.824999999999991147e-03
2.766666666666658166e-03
2.688888888888881293e-03
2.530555555555548050e-03
2.674999999999991187e-03
2.799999999999991298e-03
2.616666666666658640e-03
2.686111111111103098e-03
2.727777777777769513e-03
2.669444444444436099e-03
2.547222222222214616e-03
2.616666666666658640e-03
2.574999999999992226e-03
2.722222222222213557e-03
2.533333333333325811e-03
2.769444444444435927e-03
2.633333333333325206e-03
2.649999999999991772e-03
2.577777777777769987e-03
2.486111111111103441e-03
2.619444444444436401e-03
2.608333333333325357e-03
2.583333333333325509e-03
2.611111111111103118e-03
2.474999999999992397e-03
2.561111111111103421e-03
2.688888888888880859e-03
2.549999999999992377e-03
2.797222222222213537e-03
2.547222222222214616e-03
2.608333333333325357e-03
2.630555555555547445e-03
2.713888888888880708e-03
2.558333333333325660e-03
2.561111111111103421e-03
2.511111111111104157e-03
2.705555555555547425e-03
2.597222222222214313e-03
2.691666666666659054e-03
2.536111111111103572e-03
2.672222222222213860e-03
2.736111111111102796e-03
2.574999999999992226e-03
2.627777777777769684e-03
2.583333333333325509e-03
2.780555555555547405e-03
2.536111111111103572e-03
2.577777777777769987e-03
2.522222222222214767e-03
2.430555555555548222e-03
2.488888888888881636e-03
2.699999999999991903e-03
2.502777777777770007e-03
2.488888888888881202e-03
2.458333333333325831e-03
2.627777777777769684e-03
2.474999999999992397e-03
2.627777777777769684e-03
2.636111111111102967e-03
2.533333333333325811e-03
2.544444444444436855e-03
2.472222222222214202e-03
2.502777777777770007e-03
2.527777777777770289e-03
2.577777777777769987e-03
2.474999999999992397e-03
2.544444444444436855e-03
2.672222222222213860e-03
2.516666666666659245e-03
2.616666666666658640e-03
2.566666666666658943e-03
2.458333333333325831e-03
2.508333333333325962e-03
2.363888888888881958e-03
2.480555555555547919e-03
2.499999999999992246e-03
2.422222222222214939e-03
2.527777777777770289e-03
2.497222222222214485e-03
2.577777777777769987e-03
2.566666666666659376e-03
2.541666666666659094e-03
2.505555555555548201e-03
2.511111111111103723e-03
2.574999999999992226e-03
2.397222222222215090e-03
2.502777777777770007e-03
2.341666666666659870e-03
2.541666666666659094e-03
2.472222222222214636e-03
2.649999999999991338e-03
2.530555555555548050e-03
2.447222222222214787e-03
2.347222222222214959e-03
2.369444444444437480e-03
2.505555555555548201e-03
2.513888888888881484e-03
2.469444444444436875e-03
2.588888888888881031e-03
2.566666666666659376e-03
2.319444444444437349e-03
2.427777777777770461e-03
2.402777777777770612e-03
2.411111111111103895e-03
2.458333333333325831e-03
2.480555555555547919e-03
2.424999999999992700e-03
2.430555555555548222e-03
2.577777777777769987e-03
