5.861111111111097331e-04
6.166666666666652122e-04
7.777777777777758906e-04
7.555555555555535860e-04
8.083333333333311528e-04
8.611111111111086113e-04
9.749999999999973532e-04
1.069444444444441443e-03
1.063888888888885921e-03
1.255555555555552079e-03
1.305555555555551776e-03
1.208333333333329925e-03
1.188888888888885598e-03
1.324999999999996103e-03
1.383333333333329517e-03
1.313888888888885059e-03
1.408333333333329149e-03
1.480555555555551151e-03
1.349999999999996168e-03
1.463888888888884585e-03
1.419444444444440409e-03
1.574999999999995457e-03
1.538888888888884565e-03
1.561111111111106436e-03
1.524999999999995543e-03
1.402777777777773627e-03
1.563888888888884197e-03
1.672222222222217091e-03
1.466666666666662563e-03
1.647222222222217243e-03
1.522222222222217782e-03
1.652777777777772765e-03
1.547222222222217631e-03
1.561111111111106653e-03
1.688888888888883874e-03
1.569444444444439719e-03
1.658333333333328503e-03
1.805555555555550269e-03
1.624999999999995155e-03
1.594444444444439567e-03
1.702777777777772679e-03
1.630555555555550677e-03
1.683333333333328569e-03
1.652777777777772765e-03
1.705555555555550440e-03
1.641666666666661721e-03
1.577777777777773002e-03
1.711111111111105962e-03
1.666666666666661786e-03
1.702777777777772896e-03
1.699999999999995135e-03
1.666666666666661786e-03
1.627777777777772916e-03
1.622222222222217611e-03
1.730555555555550289e-03
1.661111111111106264e-03
1.677777777777772613e-03
1.569444444444439719e-03
1.655555555555550742e-03
1.697222222222217157e-03
1.697222222222216940e-03
1.616666666666662089e-03
1.594444444444439567e-03
1.805555555555550269e-03
1.708333333333328201e-03
1.613888888888884328e-03
1.622222222222217394e-03
1.697222222222217374e-03
1.719444444444439462e-03
1.688888888888883874e-03
1.791666666666661680e-03
1.652777777777772765e-03
1.702777777777772679e-03
1.724999999999994767e-03
1.708333333333328201e-03
1.613888888888884328e-03
1.755555555555550137e-03
1.786111111111105725e-03
1.663888888888883809e-03
1.694444444444439613e-03
1.816666666666661312e-03
1.611111111111106567e-03
1.644444444444439482e-03
1.691666666666661852e-03
1.711111111111106179e-03
1.652777777777772765e-03
1.652777777777772765e-03
1.644444444444439482e-03
1.636111111111106416e-03
1.677777777777772830e-03
1.749999999999994832e-03
1.636111111111106199e-03
1.683333333333328569e-03
1.686111111111106113e-03
1.683333333333328569e-03
1.647222222222217243e-03
1.761111111111105876e-03
1.777777777777772876e-03
1.677777777777772830e-03
1.758333333333328115e-03
1.636111111111106416e-03
1.638888888888883960e-03
1.727777777777772961e-03
1.716666666666661701e-03
1.719444444444439678e-03
1.669444444444439330e-03
1.677777777777772613e-03
1.661111111111106481e-03
1.761111111111105876e-03
1.563888888888884414e-03
1.699999999999995135e-03
1.758333333333328115e-03
1.852777777777772205e-03
1.711111111111106179e-03
1.555555555555550914e-03
1.744444444444439310e-03
1.830555555555549900e-03
1.583333333333328524e-03
1.741666666666661333e-03
1.677777777777772613e-03
1.699999999999995135e-03
1.758333333333328115e-03
1.722222222222217006e-03
1.633333333333328438e-03
1.669444444444439547e-03
1.752777777777772593e-03
1.638888888888884177e-03
1.669444444444439547e-03
1.694444444444439613e-03
1.688888888888883874e-03
1.758333333333328115e-03
1.583333333333328524e-03
1.736111111111105811e-03
1.708333333333328201e-03
1.583333333333328740e-03
1.519444444444440021e-03
1.677777777777772830e-03
1.674999999999995069e-03
1.694444444444439396e-03
1.761111111111105876e-03
1.602777777777773067e-03
1.591666666666661806e-03
1.869444444444438771e-03
1.633333333333328438e-03
1.794444444444439008e-03
1.533333333333328609e-03
1.813888888888883551e-03
1.677777777777772613e-03
1.766666666666661181e-03
1.611111111111106567e-03
1.811111111111105790e-03
1.597222222222217328e-03
1.591666666666662023e-03
1.688888888888883874e-03
1.766666666666661398e-03
1.655555555555550526e-03
1.749999999999994615e-03
1.663888888888884025e-03
1.677777777777772613e-03
1.708333333333328418e-03
1.641666666666661721e-03
1.711111111111105962e-03
1.655555555555550742e-03
1.644444444444439482e-03
1.761111111111105876e-03
1.855555555555549966e-03
1.713888888888883723e-03
1.747222222222217071e-03
1.672222222222217308e-03
1.688888888888884091e-03
1.805555555555550269e-03
1.683333333333328135e-03
1.649999999999995220e-03
1.630555555555550894e-03
1.849999999999994444e-03
1.633333333333328438e-03
1.627777777777772916e-03
1.672222222222217308e-03
1.738888888888883788e-03
1.566666666666661958e-03
1.744444444444439093e-03
1.722222222222217223e-03
1.838888888888883400e-03
1.580555555555550979e-03
1.669444444444439547e-03
1.758333333333328115e-03
1.686111111111106330e-03
1.755555555555550137e-03
1.788888888888883703e-03
1.666666666666661786e-03
1.574999999999995241e-03
1.772222222222216920e-03
1.844444444444438922e-03
1.733333333333328266e-03
1.563888888888884197e-03
1.694444444444439396e-03
1.763888888888883637e-03
1.711111111111105962e-03
1.591666666666662023e-03
1.661111111111106048e-03
1.683333333333328569e-03
1.772222222222216920e-03
1.641666666666661721e-03
1.797222222222216986e-03
1.655555555555550526e-03
1.588888888888884262e-03
1.736111111111106244e-03
1.697222222222217374e-03
1.738888888888883572e-03
1.727777777777772528e-03
1.747222222222217071e-03
1.708333333333328201e-03
1.691666666666661635e-03
1.666666666666661786e-03
1.630555555555550677e-03
1.744444444444439310e-03
1.649999999999995004e-03
1.597222222222217762e-03
1.699999999999994918e-03
1.691666666666661852e-03
1.863888888888883466e-03
1.711111111111106396e-03
1.708333333333328418e-03
1.761111111111105659e-03
1.638888888888884177e-03
1.633333333333328438e-03
1.591666666666662023e-03
1.647222222222217460e-03
1.699999999999994918e-03
1.616666666666662089e-03
1.733333333333328266e-03
1.783333333333327964e-03
1.736111111111106027e-03
1.702777777777772679e-03
1.847222222222216466e-03
1.702777777777772679e-03
1.699999999999995135e-03
1.608333333333328806e-03
1.636111111111106199e-03
1.699999999999995135e-03
1.736111111111106027e-03
1.736111111111106027e-03
1.744444444444439310e-03
1.624999999999995155e-03
1.713888888888883723e-03
1.736111111111106027e-03
1.797222222222216769e-03
1.669444444444439330e-03
1.680555555555550591e-03
1.758333333333327898e-03
1.663888888888883809e-03
1.708333333333328201e-03
1.661111111111106048e-03
1.755555555555550354e-03
1.749999999999994615e-03
1.658333333333328287e-03
1.688888888888884091e-03
1.661111111111106048e-03
1.774999999999994898e-03
1.699999999999994918e-03
1.749999999999994832e-03
1.672222222222217091e-03
1.627777777777773133e-03
1.699999999999994918e-03
1.636111111111106199e-03
1.819444444444438857e-03
1.761111111111105876e-03
1.680555555555550374e-03
1.808333333333327813e-03
1.672222222222217308e-03
1.677777777777772830e-03
1.719444444444439245e-03
1.738888888888883788e-03
1.744444444444439310e-03
1.747222222222217071e-03
1.849999999999994444e-03
1.822222222222216834e-03
1.674999999999995069e-03
1.655555555555550742e-03
1.711111111111106179e-03
1.608333333333328589e-03
1.794444444444439225e-03
1.569444444444439719e-03
1.791666666666661464e-03
1.691666666666661852e-03
1.758333333333327898e-03
1.658333333333328287e-03
1.749999999999994615e-03
1.749999999999994615e-03
1.652777777777772765e-03
1.633333333333328438e-03
1.813888888888883335e-03
1.894444444444438620e-03
1.774999999999994681e-03
1.691666666666661635e-03
1.558333333333328458e-03
1.586111111111106284e-03
1.816666666666661312e-03
1.699999999999995135e-03
1.747222222222217071e-03
1.602777777777773067e-03
1.674999999999995069e-03
1.647222222222217243e-03
1.638888888888883960e-03
1.716666666666661917e-03
1.680555555555550591e-03
1.722222222222217223e-03
1.794444444444439008e-03
1.583333333333328524e-03
1.644444444444439699e-03
1.683333333333328569e-03
1.663888888888884025e-03
1.647222222222217460e-03
1.705555555555550440e-03
1.566666666666661958e-03
1.783333333333328181e-03
1.880555555555550032e-03
1.755555555555550354e-03
1.777777777777772659e-03
1.744444444444439310e-03
1.752777777777772593e-03
1.627777777777772916e-03
1.744444444444439310e-03
1.705555555555550657e-03
1.691666666666662069e-03
1.708333333333328201e-03
1.611111111111106567e-03
1.544444444444439870e-03
1.774999999999994898e-03
1.702777777777772679e-03
1.583333333333328740e-03
1.702777777777772679e-03
1.611111111111106567e-03
1.663888888888884242e-03
1.677777777777773047e-03
1.741666666666661549e-03
1.686111111111106113e-03
1.583333333333328524e-03
1.761111111111105876e-03
1.758333333333328115e-03
1.644444444444439699e-03
1.716666666666661701e-03
1.741666666666661549e-03
1.708333333333328201e-03
1.816666666666661312e-03
1.733333333333328050e-03
1.655555555555550526e-03
1.633333333333328438e-03
1.774999999999994681e-03
1.661111111111106048e-03
1.719444444444439462e-03
1.705555555555550440e-03
1.741666666666661549e-03
1.666666666666661786e-03
1.852777777777772205e-03
1.608333333333328806e-03
1.655555555555550526e-03
1.697222222222217374e-03
1.702777777777772679e-03
1.774999999999994681e-03
1.724999999999995200e-03
1.577777777777773218e-03
1.658333333333328503e-03
1.702777777777772679e-03
1.699999999999995135e-03
1.694444444444439613e-03
1.722222222222217006e-03
1.811111111111105790e-03
1.636111111111106199e-03
1.677777777777772830e-03
1.683333333333328569e-03
1.702777777777772896e-03
1.702777777777772896e-03
1.674999999999995069e-03
1.802777777777772508e-03
1.702777777777772679e-03
1.758333333333328115e-03
1.788888888888883703e-03
1.738888888888883788e-03
1.733333333333328266e-03
1.805555555555550269e-03
1.622222222222217394e-03
1.763888888888883420e-03
1.711111111111105962e-03
1.722222222222217006e-03
1.655555555555550742e-03
1.558333333333328892e-03
1.599999999999995306e-03
1.527777777777773521e-03
1.697222222222217374e-03
1.763888888888883637e-03
1.719444444444439245e-03
1.761111111111105659e-03
1.649999999999995004e-03
1.677777777777772613e-03
1.627777777777772916e-03
1.727777777777772744e-03
1.630555555555550894e-03
1.588888888888884045e-03
1.572222222222217480e-03
1.697222222222217157e-03
1.702777777777772679e-03
1.758333333333327898e-03
1.649999999999995220e-03
1.647222222222217243e-03
1.747222222222216854e-03
1.633333333333328655e-03
1.786111111111105942e-03
1.780555555555550420e-03
1.688888888888884091e-03
1.749999999999994615e-03
1.705555555555550657e-03
1.613888888888884328e-03
1.702777777777772679e-03
1.802777777777772291e-03
1.630555555555550677e-03
1.738888888888883572e-03
1.772222222222217354e-03
1.711111111111106179e-03
1.741666666666661333e-03
1.772222222222216920e-03
1.688888888888883874e-03
1.619444444444439633e-03
1.730555555555550505e-03
1.788888888888883486e-03
1.611111111111106567e-03
1.722222222222217006e-03
1.627777777777773133e-03
1.758333333333327898e-03
1.780555555555550420e-03
1.738888888888883572e-03
1.733333333333328050e-03
1.719444444444439462e-03
1.680555555555550374e-03
1.749999999999994615e-03
1.658333333333328287e-03
1.727777777777772528e-03
1.697222222222217157e-03
1.711111111111106179e-03
1.741666666666661549e-03
1.644444444444439699e-03
1.688888888888884091e-03
1.549999999999995392e-03
1.641666666666661721e-03
1.769444444444438942e-03
1.733333333333328050e-03
1.705555555555550657e-03
1.702777777777772896e-03
1.733333333333328266e-03
1.666666666666661786e-03
1.683333333333328569e-03
1.752777777777772593e-03
1.691666666666661852e-03
1.694444444444439396e-03
1.761111111111105876e-03
1.730555555555550505e-03
1.716666666666661701e-03
1.799999999999994530e-03
1.555555555555550914e-03
1.636111111111106199e-03
1.683333333333328569e-03
1.769444444444439376e-03
1.702777777777772679e-03
1.788888888888883486e-03
1.733333333333328050e-03
1.730555555555550505e-03
1.722222222222217006e-03
1.797222222222216986e-03
1.747222222222217071e-03
1.627777777777772916e-03
1.586111111111106284e-03
1.822222222222216617e-03
1.813888888888883335e-03
1.677777777777772830e-03
1.858333333333327944e-03
1.713888888888883723e-03
1.777777777777772659e-03
1.711111111111106179e-03
1.716666666666661484e-03
1.947222222222216512e-03
1.749999999999994615e-03
1.658333333333328503e-03
1.519444444444440021e-03
1.736111111111105811e-03
1.647222222222217460e-03
1.688888888888883874e-03
1.752777777777772810e-03
1.597222222222217762e-03
1.630555555555550677e-03
1.769444444444439376e-03
1.652777777777772765e-03
1.663888888888884025e-03
1.674999999999994852e-03
1.661111111111106264e-03
1.724999999999994767e-03
1.674999999999994852e-03
1.605555555555550828e-03
1.530555555555551065e-03
1.708333333333328201e-03
1.666666666666661786e-03
1.597222222222217328e-03
1.702777777777772896e-03
1.697222222222217374e-03
1.713888888888883723e-03
1.691666666666661635e-03
1.805555555555550269e-03
1.683333333333328135e-03
1.597222222222217762e-03
1.836111111111105422e-03
1.824999999999994595e-03
1.716666666666661484e-03
1.749999999999994832e-03
1.711111111111105962e-03
1.697222222222217374e-03
1.647222222222217243e-03
1.724999999999994984e-03
1.766666666666661398e-03
1.663888888888884025e-03
1.619444444444439633e-03
1.752777777777772593e-03
1.794444444444439008e-03
1.658333333333328287e-03
1.680555555555550374e-03
1.722222222222217006e-03
1.647222222222217460e-03
1.813888888888883551e-03
1.652777777777772981e-03
1.647222222222217243e-03
1.683333333333328135e-03
1.769444444444439593e-03
1.758333333333328115e-03
1.702777777777772896e-03
1.749999999999994615e-03
1.699999999999994918e-03
1.716666666666661701e-03
1.699999999999994918e-03
1.783333333333328181e-03
1.544444444444440087e-03
1.744444444444439310e-03
1.694444444444439613e-03
1.733333333333328266e-03
1.691666666666661635e-03
1.555555555555551131e-03
1.672222222222217308e-03
1.702777777777772679e-03
1.661111111111106264e-03
1.749999999999994615e-03
1.736111111111106027e-03
1.786111111111105942e-03
1.727777777777772528e-03
1.733333333333328266e-03
1.805555555555550269e-03
1.766666666666661181e-03
1.613888888888884111e-03
1.708333333333328201e-03
1.563888888888884197e-03
1.719444444444439245e-03
1.711111111111106179e-03
1.713888888888883940e-03
1.661111111111106048e-03
1.741666666666661333e-03
1.519444444444440021e-03
1.663888888888884025e-03
1.688888888888884091e-03
1.611111111111106567e-03
1.713888888888883723e-03
1.688888888888884091e-03
1.641666666666661721e-03
1.683333333333328135e-03
1.783333333333328181e-03
1.649999999999995004e-03
1.697222222222217374e-03
1.674999999999995069e-03
1.552777777777773153e-03
1.797222222222216986e-03
1.713888888888883940e-03
1.574999999999995241e-03
1.661111111111106264e-03
1.724999999999994984e-03
1.683333333333328569e-03
1.708333333333328201e-03
1.722222222222217223e-03
1.766666666666661398e-03
1.672222222222217091e-03
1.677777777777772613e-03
1.605555555555550828e-03
1.586111111111106284e-03
1.822222222222216834e-03
1.849999999999994227e-03
1.647222222222217243e-03
1.838888888888883183e-03
1.699999999999995135e-03
1.730555555555550289e-03
1.744444444444439310e-03
1.649999999999995004e-03
1.811111111111105790e-03
1.658333333333328287e-03
1.747222222222216854e-03
1.691666666666661852e-03
1.722222222222217223e-03
1.702777777777772896e-03
1.833333333333327661e-03
1.713888888888883723e-03
1.538888888888884348e-03
1.588888888888884045e-03
1.766666666666661398e-03
1.738888888888883572e-03
1.744444444444439527e-03
1.577777777777773218e-03
1.708333333333328418e-03
1.699999999999994918e-03
1.691666666666661635e-03
1.719444444444439462e-03
1.627777777777773133e-03
1.749999999999994615e-03
1.652777777777772765e-03
1.638888888888884177e-03
1.647222222222217243e-03
1.597222222222217762e-03
1.663888888888884025e-03
1.749999999999994615e-03
1.736111111111105811e-03
1.724999999999994767e-03
1.686111111111106113e-03
1.627777777777772916e-03
1.513888888888884716e-03
1.788888888888883486e-03
1.761111111111105659e-03
1.749999999999994615e-03
1.683333333333328569e-03
1.688888888888883874e-03
1.824999999999994595e-03
1.652777777777772765e-03
1.713888888888883723e-03
1.858333333333327727e-03
1.597222222222217328e-03
1.663888888888884025e-03
1.777777777777772442e-03
1.777777777777772442e-03
1.697222222222217374e-03
1.627777777777773133e-03
1.730555555555550289e-03
1.772222222222216920e-03
1.716666666666661701e-03
1.697222222222217374e-03
1.708333333333328418e-03
1.747222222222216854e-03
1.605555555555550828e-03
1.791666666666661464e-03
1.583333333333328524e-03
1.672222222222217091e-03
1.772222222222217137e-03
1.633333333333328438e-03
1.766666666666661398e-03
1.730555555555550505e-03
1.719444444444439245e-03
1.608333333333328806e-03
1.674999999999995069e-03
1.738888888888883572e-03
1.688888888888884091e-03
1.761111111111105876e-03
1.663888888888884025e-03
1.691666666666661852e-03
1.699999999999994918e-03
1.686111111111106113e-03
1.633333333333328438e-03
1.674999999999995069e-03
1.733333333333328266e-03
1.652777777777773198e-03
1.655555555555550742e-03
1.686111111111106113e-03
1.736111111111105811e-03
1.730555555555550289e-03
1.691666666666661635e-03
1.711111111111106179e-03
1.791666666666661464e-03
1.766666666666661398e-03
1.655555555555550526e-03
1.777777777777772659e-03
1.616666666666662089e-03
1.777777777777772659e-03
1.574999999999995457e-03
1.708333333333328635e-03
1.666666666666661353e-03
1.841666666666661161e-03
1.669444444444439547e-03
1.708333333333328418e-03
1.763888888888883420e-03
1.736111111111106027e-03
1.841666666666661378e-03
1.658333333333328287e-03
1.736111111111106027e-03
1.708333333333328418e-03
1.713888888888883723e-03
1.786111111111105725e-03
1.752777777777772593e-03
1.761111111111105876e-03
1.727777777777772744e-03
1.705555555555550440e-03
1.599999999999995523e-03
1.836111111111105422e-03
1.552777777777773370e-03
1.802777777777772508e-03
1.649999999999995220e-03
1.636111111111106199e-03
1.680555555555550591e-03
1.802777777777772508e-03
1.641666666666661721e-03
1.744444444444439093e-03
1.744444444444439310e-03
1.588888888888884262e-03
1.608333333333328806e-03
1.691666666666661635e-03
1.824999999999994812e-03
1.722222222222217223e-03
1.724999999999994984e-03
1.797222222222216986e-03
1.772222222222216920e-03
1.738888888888883572e-03
1.722222222222217006e-03
1.708333333333328418e-03
1.766666666666661398e-03
1.694444444444439396e-03
1.755555555555550137e-03
1.697222222222217157e-03
1.658333333333328503e-03
1.602777777777773284e-03
1.663888888888884025e-03
1.686111111111106113e-03
1.763888888888883637e-03
1.708333333333328201e-03
1.741666666666661549e-03
1.624999999999995372e-03
1.597222222222217328e-03
1.699999999999995135e-03
1.605555555555550828e-03
1.777777777777772442e-03
1.572222222222217696e-03
1.769444444444439376e-03
1.749999999999994832e-03
1.608333333333328589e-03
1.705555555555550657e-03
1.691666666666661635e-03
1.699999999999995135e-03
1.794444444444439008e-03
1.666666666666661786e-03
1.722222222222217439e-03
1.636111111111106199e-03
1.624999999999995372e-03
1.613888888888884111e-03
1.741666666666661549e-03
1.677777777777772830e-03
1.669444444444439547e-03
1.749999999999994615e-03
1.722222222222217006e-03
1.847222222222216466e-03
1.705555555555550440e-03
1.538888888888884565e-03
1.805555555555550052e-03
1.763888888888883637e-03
1.741666666666661333e-03
1.649999999999995220e-03
1.766666666666661181e-03
1.599999999999995306e-03
1.641666666666661938e-03
1.708333333333328201e-03
1.624999999999995155e-03
1.697222222222217591e-03
1.727777777777772744e-03
1.699999999999994918e-03
1.777777777777772442e-03
1.716666666666661701e-03
1.774999999999994898e-03
1.677777777777772613e-03
1.783333333333327964e-03
1.580555555555550979e-03
1.561111111111106436e-03
1.658333333333328503e-03
1.763888888888883637e-03
1.677777777777772830e-03
1.697222222222217157e-03
1.713888888888883723e-03
1.605555555555550828e-03
1.699999999999995135e-03
1.686111111111106113e-03
1.730555555555550289e-03
1.583333333333328740e-03
1.699999999999994918e-03
1.816666666666661312e-03
1.749999999999994832e-03
1.730555555555550505e-03
1.844444444444439139e-03
1.683333333333328135e-03
1.541666666666662109e-03
1.844444444444438922e-03
1.688888888888884308e-03
1.819444444444439073e-03
1.744444444444439310e-03
1.636111111111106416e-03
1.733333333333328050e-03
1.722222222222217006e-03
1.711111111111106179e-03
1.688888888888883874e-03
1.641666666666661938e-03
1.644444444444439699e-03
1.636111111111106416e-03
1.658333333333328287e-03
1.674999999999994852e-03
1.702777777777772679e-03
1.588888888888884262e-03
1.719444444444439462e-03
1.724999999999994767e-03
1.647222222222217243e-03
1.744444444444439093e-03
1.783333333333327964e-03
1.677777777777772830e-03
1.808333333333327813e-03
1.697222222222217157e-03
1.644444444444439482e-03
1.724999999999994767e-03
1.641666666666661938e-03
1.588888888888884045e-03
1.719444444444439245e-03
1.799999999999994747e-03
1.727777777777772744e-03
1.713888888888883723e-03
1.661111111111106048e-03
1.608333333333328806e-03
1.774999999999994681e-03
1.649999999999995220e-03
1.761111111111105876e-03
1.936111111111105034e-03
1.602777777777773284e-03
1.755555555555550354e-03
1.819444444444438857e-03
1.808333333333328029e-03
1.652777777777772981e-03
1.672222222222217091e-03
1.766666666666661398e-03
1.680555555555550591e-03
1.616666666666662089e-03
1.797222222222216986e-03
1.680555555555550374e-03
1.755555555555550354e-03
1.758333333333328332e-03
1.727777777777772528e-03
1.616666666666662089e-03
1.722222222222217006e-03
1.755555555555550137e-03
1.733333333333328050e-03
1.802777777777772508e-03
1.711111111111106179e-03
1.661111111111106048e-03
1.716666666666661484e-03
1.674999999999995069e-03
1.619444444444439633e-03
1.672222222222217091e-03
1.702777777777772462e-03
1.719444444444439678e-03
1.783333333333327964e-03
1.733333333333328050e-03
1.741666666666661333e-03
1.702777777777772679e-03
1.636111111111106416e-03
1.786111111111105942e-03
1.758333333333328115e-03
1.627777777777772916e-03
1.755555555555549921e-03
1.644444444444439915e-03
1.738888888888883788e-03
1.705555555555550440e-03
1.758333333333328115e-03
1.641666666666661721e-03
1.747222222222217071e-03
1.619444444444439633e-03
1.583333333333328740e-03
1.777777777777772659e-03
1.677777777777772830e-03
1.786111111111105725e-03
1.694444444444439396e-03
1.636111111111106199e-03
1.683333333333328135e-03
1.630555555555550677e-03
1.813888888888883335e-03
1.647222222222217243e-03
1.669444444444439764e-03
1.547222222222217848e-03
1.644444444444439699e-03
1.702777777777772679e-03
1.672222222222217308e-03
1.636111111111106199e-03
1.613888888888884111e-03
1.833333333333327878e-03
1.619444444444439850e-03
1.649999999999995437e-03
1.674999999999994852e-03
1.761111111111106093e-03
1.694444444444439396e-03
1.713888888888883723e-03
1.758333333333327898e-03
1.724999999999994767e-03
1.666666666666661569e-03
1.811111111111105790e-03
1.647222222222217243e-03
1.641666666666661938e-03
1.711111111111105962e-03
1.786111111111105725e-03
1.683333333333328569e-03
1.613888888888884111e-03
1.672222222222217091e-03
1.866666666666661227e-03
1.738888888888883572e-03
1.819444444444438857e-03
1.577777777777773002e-03
1.733333333333328266e-03
1.694444444444439613e-03
1.722222222222217223e-03
1.591666666666662023e-03
1.730555555555550289e-03
1.724999999999994984e-03
1.774999999999994681e-03
1.694444444444439396e-03
1.683333333333328135e-03
1.652777777777772765e-03
1.697222222222216940e-03
1.619444444444439850e-03
1.855555555555549966e-03
1.702777777777772896e-03
1.752777777777772376e-03
1.649999999999995220e-03
1.747222222222217071e-03
1.727777777777772528e-03
1.694444444444439396e-03
1.577777777777773002e-03
1.955555555555549361e-03
1.769444444444438942e-03
1.647222222222217026e-03
1.730555555555550505e-03
1.608333333333328372e-03
1.674999999999994852e-03
1.699999999999994918e-03
1.699999999999995135e-03
1.708333333333328201e-03
1.599999999999995306e-03
1.747222222222217288e-03
1.708333333333328201e-03
1.633333333333328438e-03
1.641666666666661721e-03
1.722222222222217006e-03
1.636111111111106199e-03
1.736111111111105811e-03
1.786111111111105942e-03
1.563888888888884197e-03
1.605555555555550828e-03
1.733333333333328050e-03
1.794444444444439008e-03
1.752777777777772593e-03
1.686111111111106113e-03
1.677777777777772830e-03
1.744444444444439310e-03
1.624999999999995155e-03
1.580555555555550763e-03
1.772222222222217137e-03
1.811111111111105790e-03
1.649999999999995004e-03
1.683333333333328569e-03
1.758333333333328115e-03
1.622222222222217611e-03
1.666666666666661569e-03
1.583333333333328524e-03
1.513888888888884499e-03
1.591666666666661806e-03
1.697222222222217157e-03
1.761111111111105876e-03
1.624999999999995155e-03
1.688888888888883874e-03
1.805555555555550052e-03
1.752777777777772593e-03
1.533333333333328826e-03
1.663888888888884025e-03
1.774999999999994681e-03
1.686111111111106330e-03
1.711111111111106179e-03
1.644444444444439699e-03
1.661111111111106048e-03
1.763888888888883420e-03
1.802777777777772291e-03
1.752777777777772593e-03
1.755555555555550137e-03
1.761111111111105876e-03
1.583333333333328524e-03
1.722222222222217223e-03
1.683333333333328569e-03
1.619444444444439850e-03
1.666666666666661786e-03
1.547222222222217848e-03
1.680555555555550374e-03
1.761111111111105659e-03
1.761111111111105659e-03
1.633333333333328438e-03
1.886111111111105337e-03
1.969444444444438599e-03
2.188888888888882583e-03
2.519444444444437006e-03
2.822222222222213386e-03
2.747222222222213839e-03
3.049999999999990653e-03
3.138888888888879004e-03
3.302777777777767335e-03
3.122222222222212438e-03
3.477777777777766709e-03
3.358333333333322988e-03
3.494444444444433275e-03
3.655555555555544279e-03
3.652777777777766084e-03
3.563888888888878167e-03
3.552777777777766689e-03
3.613888888888877864e-03
3.538888888888877451e-03
3.577777777777766538e-03
3.455555555555544622e-03
3.849999999999987980e-03
3.738888888888877542e-03
3.797222222222210088e-03
3.699999999999988454e-03
3.844444444444432459e-03
3.705555555555543976e-03
3.805555555555543371e-03
3.752777777777766346e-03
3.799999999999987849e-03
3.974999999999987224e-03
3.697222222222210693e-03
3.713888888888877259e-03
3.833333333333321415e-03
3.674999999999988606e-03
3.636111111111099952e-03
3.852777777777765741e-03
3.794444444444432327e-03
3.830555555555543654e-03
3.697222222222210693e-03
3.699999999999988454e-03
3.908333333333320961e-03
3.786111111111099044e-03
3.619444444444433386e-03
3.911111111111098722e-03
3.761111111111099629e-03
3.738888888888877108e-03
3.791666666666655000e-03
3.774999999999988434e-03
3.688888888888877410e-03
3.977777777777765852e-03
3.647222222222210562e-03
3.824999999999987698e-03
3.597222222222211298e-03
3.913888888888876483e-03
3.786111111111099478e-03
3.699999999999988021e-03
3.688888888888877410e-03
3.980555555555543613e-03
3.655555555555543845e-03
3.538888888888877884e-03
3.686111111111099216e-03
3.841666666666654698e-03
3.680555555555544128e-03
3.586111111111100255e-03
3.708333333333321304e-03
3.838888888888876503e-03
3.672222222222210845e-03
3.669444444444433084e-03
3.616666666666655192e-03
3.705555555555543543e-03
3.888888888888876634e-03
3.472222222222211187e-03
3.786111111111099478e-03
3.555555555555544884e-03
3.544444444444433840e-03
3.708333333333321304e-03
3.672222222222210411e-03
3.491666666666655948e-03
3.644444444444433235e-03
3.736111111111099347e-03
3.544444444444433840e-03
3.480555555555544470e-03
3.419444444444433729e-03
3.688888888888877410e-03
3.524999999999988646e-03
3.569444444444433689e-03
3.619444444444432953e-03
3.677777777777766367e-03
3.647222222222210996e-03
3.669444444444432650e-03
3.558333333333322645e-03
3.552777777777766689e-03
3.522222222222210885e-03
3.516666666666655363e-03
3.441666666666655817e-03
3.541666666666655645e-03
3.688888888888877410e-03
3.505555555555544753e-03
3.477777777777767143e-03
3.572222222222211450e-03
3.422222222222211490e-03
3.624999999999988908e-03
3.366666666666656271e-03
3.536111111111100123e-03
3.552777777777767123e-03
3.649999999999988757e-03
3.766666666666654718e-03
3.633333333333322191e-03
3.688888888888876977e-03
3.719444444444432347e-03
3.780555555555543956e-03
3.641666666666655474e-03
3.769444444444432912e-03
3.624999999999988908e-03
3.508333333333322080e-03
3.605555555555544148e-03
3.602777777777766820e-03
3.794444444444432761e-03
3.841666666666654698e-03
3.711111111111099498e-03
3.794444444444432761e-03
3.927777777777765288e-03
3.672222222222210845e-03
3.958333333333320658e-03
3.888888888888876634e-03
3.724999999999988737e-03
3.730555555555544259e-03
3.866666666666654546e-03
3.888888888888876200e-03
3.963888888888876180e-03
3.838888888888876937e-03
3.688888888888877410e-03
3.622222222222211147e-03
3.744444444444432630e-03
3.708333333333321304e-03
3.624999999999988908e-03
3.744444444444432630e-03
3.672222222222210411e-03
3.536111111111099690e-03
3.647222222222210996e-03
3.605555555555544581e-03
3.574999999999988777e-03
3.677777777777766367e-03
3.616666666666655625e-03
3.691666666666655171e-03
3.769444444444432912e-03
3.813888888888877088e-03
3.719444444444432347e-03
3.799999999999988283e-03
3.583333333333322494e-03
3.686111111111099216e-03
3.755555555555543674e-03
3.722222222222210542e-03
3.727777777777766498e-03
3.855555555555543502e-03
3.836111111111099176e-03
3.544444444444433840e-03
3.630555555555544430e-03
3.552777777777767123e-03
3.563888888888877733e-03
3.444444444444434011e-03
3.561111111111100406e-03
3.452777777777767294e-03
3.663888888888877128e-03
3.666666666666654889e-03
3.761111111111099629e-03
3.677777777777765933e-03
3.572222222222211450e-03
3.552777777777766689e-03
3.674999999999988606e-03
3.469444444444433426e-03
3.452777777777766861e-03
3.780555555555543956e-03
3.549999999999988928e-03
3.424999999999989685e-03
3.686111111111099650e-03
3.538888888888877451e-03
3.558333333333322211e-03
3.516666666666655363e-03
3.494444444444433709e-03
3.361111111111100749e-03
3.497222222222211036e-03
3.588888888888877582e-03
3.674999999999988172e-03
3.655555555555544279e-03
3.658333333333322040e-03
3.463888888888877905e-03
3.474999999999989382e-03
3.644444444444433235e-03
3.508333333333322514e-03
3.599999999999988626e-03
3.633333333333321757e-03
3.402777777777767597e-03
3.555555555555544884e-03
3.516666666666655797e-03
3.502777777777766558e-03
3.538888888888877451e-03
3.466666666666656099e-03
3.394444444444433880e-03
3.461111111111100577e-03
3.199999999999990179e-03
3.366666666666655837e-03
3.416666666666655968e-03
3.441666666666656250e-03
3.358333333333322988e-03
3.399999999999989836e-03
3.149999999999990481e-03
3.449999999999989100e-03
3.372222222222211359e-03
3.402777777777767163e-03
3.505555555555544753e-03
3.463888888888878338e-03
3.552777777777766689e-03
3.474999999999988948e-03
3.441666666666655817e-03
3.397222222222211641e-03
3.305555555555545096e-03
3.308333333333322857e-03
3.538888888888877451e-03
3.463888888888878338e-03
3.458333333333322383e-03
3.433333333333322968e-03
3.486111111111099992e-03
3.602777777777766820e-03
3.422222222222211924e-03
3.333333333333323139e-03
3.477777777777766709e-03
3.274999999999989725e-03
3.241666666666656593e-03
3.341666666666656422e-03
3.299999999999990007e-03
3.386111111111101031e-03
3.116666666666656916e-03
3.105555555555546306e-03
3.177777777777767657e-03
3.388888888888878792e-03
3.188888888888878701e-03
3.305555555555545529e-03
3.372222222222211359e-03
3.397222222222211641e-03
3.122222222222212438e-03
3.255555555555545398e-03
3.408333333333322685e-03
3.166666666666656613e-03
3.283333333333323008e-03
3.258333333333323159e-03
3.277777777777767486e-03
3.383333333333322836e-03
3.266666666666656876e-03
3.138888888888879437e-03
3.152777777777768242e-03
3.305555555555545529e-03
3.136111111111101243e-03
3.094444444444435262e-03
3.130555555555545721e-03
3.222222222222212266e-03
3.044444444444435564e-03
3.255555555555545398e-03
3.144444444444434959e-03
3.244444444444434354e-03
3.105555555555546306e-03
3.183333333333323613e-03
3.402777777777767163e-03
3.308333333333322857e-03
3.261111111111100920e-03
3.230555555555545983e-03
3.391666666666656119e-03
2.969444444444435151e-03
3.208333333333323462e-03
3.294444444444434052e-03
3.252777777777767637e-03
3.127777777777768393e-03
3.099999999999990350e-03
3.219444444444434939e-03
3.041666666666657370e-03
3.119444444444434677e-03
3.252777777777767637e-03
3.230555555555545549e-03
2.986111111111101717e-03
3.197222222222212851e-03
3.108333333333323633e-03
3.144444444444434526e-03
3.083333333333323784e-03
3.208333333333323895e-03
3.188888888888879135e-03
3.013888888888879326e-03
3.099999999999990350e-03
3.091666666666657501e-03
3.088888888888879740e-03
3.047222222222212892e-03
3.180555555555545418e-03
3.161111111111101091e-03
3.222222222222212700e-03
2.980555555555546628e-03
3.049999999999991086e-03
3.130555555555545721e-03
3.019444444444434848e-03
3.238888888888878832e-03
3.166666666666656613e-03
3.124999999999990199e-03
3.027777777777768999e-03
3.058333333333324369e-03
3.124999999999990199e-03
3.022222222222212609e-03
3.074999999999990501e-03
2.983333333333323956e-03
3.130555555555545721e-03
2.983333333333323956e-03
3.038888888888880042e-03
3.133333333333323482e-03
3.052777777777768414e-03
2.938888888888880214e-03
3.147222222222212287e-03
2.947222222222213063e-03
3.019444444444435282e-03
3.002777777777768282e-03
3.066666666666657652e-03
3.097222222222212589e-03
3.088888888888879306e-03
3.041666666666657370e-03
3.036111111111102281e-03
3.002777777777768282e-03
2.972222222222212912e-03
3.002777777777768282e-03
2.905555555555546648e-03
2.955555555555546346e-03
2.922222222222213214e-03
2.852777777777769190e-03
3.019444444444434848e-03
3.005555555555546043e-03
2.899999999999991127e-03
2.966666666666657390e-03
2.933333333333324258e-03
3.191666666666656462e-03
2.911111111111102170e-03
2.986111111111101717e-03
2.936111111111102019e-03
2.891666666666657844e-03
3.086111111111101545e-03
3.122222222222212438e-03
2.974999999999990673e-03
2.947222222222213497e-03
2.988888888888879478e-03
2.847222222222213234e-03
2.916666666666657692e-03
2.827777777777769341e-03
2.855555555555547385e-03
2.838888888888880385e-03
2.883333333333324561e-03
3.016666666666657087e-03
2.802777777777769059e-03
2.849999999999990995e-03
2.908333333333324409e-03
2.827777777777768908e-03
2.911111111111102170e-03
2.872222222222213517e-03
2.927777777777768736e-03
2.994444444444435000e-03
2.958333333333324541e-03
2.913888888888879931e-03
2.969444444444435584e-03
2.841666666666657712e-03
2.986111111111101717e-03
2.849999999999990995e-03
2.783333333333324732e-03
2.730555555555547274e-03
2.774999999999991449e-03
2.844444444444435473e-03
2.780555555555546971e-03
2.922222222222213214e-03
2.858333333333324278e-03
2.649999999999991772e-03
2.988888888888879911e-03
2.994444444444435000e-03
2.816666666666657864e-03
2.869444444444435756e-03
2.924999999999990975e-03
2.916666666666658126e-03
2.938888888888879780e-03
2.891666666666657844e-03
2.694444444444436381e-03
2.858333333333324712e-03
2.905555555555546648e-03
2.686111111111103098e-03
2.824999999999991147e-03
2.708333333333325186e-03
2.969444444444435151e-03
2.922222222222213648e-03
2.741666666666658751e-03
2.808333333333324581e-03
2.811111111111102342e-03
2.816666666666658297e-03
2.547222222222214182e-03
2.797222222222213537e-03
2.747222222222213839e-03
2.808333333333324581e-03
2.894444444444435605e-03
2.677777777777770249e-03
2.761111111111102644e-03
2.786111111111102493e-03
2.783333333333324732e-03
2.727777777777769513e-03
2.952777777777768585e-03
2.722222222222213991e-03
2.824999999999991147e-03
2.769444444444435927e-03
2.624999999999991923e-03
2.986111111111101717e-03
2.594444444444436552e-03
2.858333333333324712e-03
2.877777777777769472e-03
2.799999999999991298e-03
2.802777777777769059e-03
2.791666666666658015e-03
2.605555555555548030e-03
2.763888888888880405e-03
2.655555555555547294e-03
2.805555555555546820e-03
2.774999999999991449e-03
2.586111111111103270e-03
2.730555555555547274e-03
2.738888888888880557e-03
2.708333333333325186e-03
2.691666666666658620e-03
2.683333333333325337e-03
2.727777777777769513e-03
2.802777777777769059e-03
2.855555555555546951e-03
2.824999999999991147e-03
2.597222222222214313e-03
2.824999999999991580e-03
2.680555555555547576e-03
2.530555555555548050e-03
2.563888888888881182e-03
2.594444444444436552e-03
2.777777777777769210e-03
2.691666666666658620e-03
2.497222222222214485e-03
2.574999999999992226e-03
2.569444444444436704e-03
2.863888888888880234e-03
2.661111111111102816e-03
2.733333333333324601e-03
2.727777777777769513e-03
2.752777777777769361e-03
2.674999999999991621e-03
2.691666666666658620e-03
2.738888888888880557e-03
2.780555555555547405e-03
2.641666666666658489e-03
2.761111111111102644e-03
2.841666666666657712e-03
2.641666666666658489e-03
2.616666666666658640e-03
2.680555555555547576e-03
2.649999999999991338e-03
2.786111111111102493e-03
2.580555555555547748e-03
2.649999999999991772e-03
2.569444444444436704e-03
2.774999999999991449e-03
2.680555555555547576e-03
2.533333333333325811e-03
2.677777777777769382e-03
2.680555555555547576e-03
2.388888888888881807e-03
2.591666666666658791e-03
2.430555555555548222e-03
2.661111111111102816e-03
2.633333333333325206e-03
2.572222222222214465e-03
2.616666666666658640e-03
2.663888888888880577e-03
2.630555555555547445e-03
2.519444444444437006e-03
2.669444444444436099e-03
2.691666666666658620e-03
2.686111111111103098e-03
2.399999999999992851e-03
2.569444444444436270e-03
2.530555555555548050e-03
2.586111111111102836e-03
2.658333333333325055e-03
2.697222222222214142e-03
2.822222222222213386e-03
2.588888888888881031e-03
2.677777777777769382e-03
2.680555555555547576e-03
2.561111111111103421e-03
2.663888888888880577e-03
2.724999999999991752e-03
2.605555555555547596e-03
2.469444444444436875e-03
2.613888888888880879e-03
2.524999999999992528e-03
2.547222222222214616e-03
2.538888888888881767e-03
2.463888888888881353e-03
2.583333333333325509e-03
