5.124999999999984169e-04
5.823529411764687483e-04
6.349264705882332700e-04
6.588235294117625882e-04
6.408088235294096859e-04
6.731617647058801357e-04
6.628676470588213809e-04
7.158088235294095573e-04
7.279411764705858269e-04
7.352941176470565365e-04
7.636029411764681937e-04
7.345588235294093354e-04
7.665441176470563474e-04
7.996323529411739984e-04
7.816176470588210960e-04
8.110294117647032838e-04
8.242647058823503008e-04
8.448529411764679189e-04
8.275735294117620008e-04
8.669117647058796139e-04
8.742647058823502151e-04
8.643382352941147897e-04
8.867647058823501394e-04
8.952205882352912711e-04
8.992647058823500638e-04
8.676470588235267066e-04
9.128676470588206271e-04
8.911764705882324784e-04
8.933823529411736479e-04
9.422794117647028149e-04
9.264705882352911905e-04
9.117647058823499882e-04
9.305147058823499831e-04
9.356617647058794148e-04
9.683823529411734110e-04
9.356617647058791979e-04
9.772058823529379806e-04
9.639705882352910720e-04
9.595588235294088414e-04
9.485294117647028855e-04
9.577205882352910014e-04
9.738970588235262805e-04
9.808823529411732269e-04
9.698529411764674878e-04
9.985294117647025829e-04
9.775735294117616353e-04
9.871323529411731891e-04
9.999999999999967682e-04
9.691176470588203952e-04
9.882352941176439365e-04
1.033823529411763247e-03
9.985294117647025829e-04
1.016176470588232589e-03
9.933823529411733681e-04
9.941176470588202439e-04
9.922794117647026207e-04
1.009191176470585535e-03
1.013602941176468307e-03
1.040441176470587080e-03
1.012867647058821215e-03
9.845588235294086901e-04
9.786764705882321658e-04
1.033823529411762813e-03
1.001102941176467299e-03
1.033455882352939375e-03
1.003308823529408577e-03
1.019485294117644832e-03
1.004044117647055886e-03
1.015073529411762493e-03
1.013235294117644436e-03
1.044117647058823411e-03
9.830882352941145048e-04
9.897058823529379049e-04
9.746323529411733732e-04
1.022058823529409547e-03
1.044852941176470070e-03
1.009926470588232410e-03
1.013970588235291528e-03
1.034926470588233560e-03
9.893382352941144670e-04
9.992647058823496756e-04
1.025367647058821790e-03
1.007720588235291133e-03
1.015073529411761842e-03
9.805147058823497890e-04
1.006249999999997381e-03
1.027205882352939846e-03
1.002941176470585356e-03
1.037132352941174838e-03
1.001470588235290953e-03
1.028676470588233598e-03
9.970588235294086145e-04
1.043749999999999539e-03
1.018014705882350646e-03
9.981617647058791450e-04
1.028308823529410160e-03
1.016176470588233457e-03
1.009926470588232410e-03
1.022426470588233202e-03
9.658088235294086952e-04
1.050367647058822506e-03
1.001838235294114608e-03
1.021323529411762455e-03
1.011397058823526813e-03
1.036397058823527745e-03
1.023897058823526737e-03
1.039705882352939771e-03
1.065073529411765009e-03
1.062132352941177072e-03
1.029779411764704129e-03
9.992647058823496756e-04
9.941176470588202439e-04
1.034926470588233777e-03
1.001470588235290953e-03
1.023529411764703950e-03
1.019117647058821177e-03
9.974264705882320524e-04
1.037132352941174838e-03
1.016544117647056244e-03
1.020955882352939234e-03
1.026102941176468449e-03
1.033823529411763247e-03
1.010294117647055848e-03
9.948529411764673366e-04
1.016176470588233023e-03
1.006617647058821036e-03
1.013235294117644219e-03
1.001470588235290737e-03
1.024632352941174480e-03
1.008823529411762314e-03
1.025367647058821573e-03
1.055147058823529150e-03
1.016544117647056461e-03
9.992647058823496756e-04
9.694852941176439415e-04
1.041911764705881049e-03
1.023529411764703733e-03
1.058823529411764179e-03
9.977941176470557071e-04
1.029411764705880691e-03
9.922794117647026207e-04
9.801470588235263511e-04
1.041544117647057177e-03
1.015808823529409368e-03
1.002573529411761701e-03
1.005514705882349855e-03
1.003676470588232448e-03
9.955882352941144292e-04
9.852941176470555659e-04
9.996323529411733303e-04
1.024999999999998352e-03
1.027941176470587373e-03
1.021691176470586326e-03
1.036397058823527529e-03
1.002205882352938046e-03
1.009926470588232410e-03
1.034191176470587335e-03
1.045955882352939733e-03
1.021691176470586326e-03
1.031249999999998748e-03
1.024264705882350825e-03
9.948529411764673366e-04
1.014338235294115183e-03
1.052573529411764651e-03
1.008823529411762314e-03
1.048161764705881228e-03
1.028308823529410160e-03
1.018749999999997522e-03
9.952205882352909913e-04
1.004779411764703196e-03
1.030514705882351438e-03
1.007720588235291133e-03
1.041544117647058044e-03
1.035661764705880653e-03
1.029779411764704562e-03
1.001102941176467516e-03
1.052205882352939912e-03
1.018749999999997088e-03
1.055514705882352371e-03
9.974264705882320524e-04
1.005514705882349855e-03
9.772058823529379806e-04
1.001838235294114391e-03
9.985294117647025829e-04
9.981617647058791450e-04
9.985294117647025829e-04
1.029779411764704562e-03
1.017647058823527425e-03
1.027941176470586289e-03
1.022794117647057291e-03
1.014705882352938838e-03
9.996323529411733303e-04
9.992647058823496756e-04
1.031249999999998314e-03
1.000367647058820206e-03
1.037499999999998710e-03
1.056249999999999680e-03
1.023529411764703733e-03
9.852941176470555659e-04
1.029779411764703912e-03
1.004044117647056103e-03
9.786764705882321658e-04
1.018382352941174084e-03
1.024999999999998135e-03
1.014705882352938838e-03
1.026838235294115758e-03
1.025735294117644577e-03
9.845588235294086901e-04
1.010661764705879503e-03
1.019852941176468053e-03
1.036029411764704308e-03
1.020220588235291924e-03
1.033455882352939375e-03
1.040073529411763209e-03
1.011029411764702941e-03
9.988970588235262377e-04
1.000367647058820206e-03
9.948529411764673366e-04
1.029411764705880474e-03
9.878676470588202817e-04
9.992647058823496756e-04
1.054044117647057969e-03
1.076838235294117841e-03
1.008088235294114787e-03
9.985294117647025829e-04
1.008088235294115004e-03
1.040808823529410735e-03
1.034558823529410773e-03
1.009558823529408973e-03
1.027941176470586289e-03
1.053308823529410876e-03
1.031249999999998314e-03
9.992647058823496756e-04
1.021323529411762672e-03
1.000735294117643861e-03
9.812499999999968817e-04
1.006249999999996947e-03
1.014338235294115400e-03
1.001470588235290953e-03
9.749999999999969195e-04
9.900735294117615597e-04
1.006617647058820385e-03
1.032720588235292065e-03
1.016176470588232806e-03
1.051102941176469598e-03
1.006617647058820602e-03
1.005147058823526200e-03
1.021323529411762455e-03
1.016544117647056678e-03
9.922794117647026207e-04
1.002573529411761484e-03
1.041911764705881699e-03
1.004044117647055886e-03
1.016544117647056244e-03
1.014705882352938838e-03
1.015441176470585714e-03
9.952205882352909913e-04
1.002573529411761484e-03
1.043749999999998889e-03
1.002205882352938046e-03
9.900735294117615597e-04
1.038235294117645802e-03
1.032352941176469495e-03
1.024999999999997918e-03
1.005147058823526200e-03
1.023161764705879861e-03
1.025735294117645444e-03
1.023529411764704383e-03
1.016544117647056678e-03
9.794117647058792585e-04
1.014705882352938838e-03
1.030147058823527350e-03
1.029411764705880257e-03
1.031249999999998314e-03
1.010661764705879503e-03
1.003308823529408577e-03
1.021323529411762021e-03
1.019852941176468270e-03
1.047058823529410697e-03
1.032720588235292933e-03
1.036397058823527312e-03
1.048897058823528971e-03
1.026102941176468665e-03
1.036029411764705392e-03
1.024999999999997918e-03
1.001838235294114608e-03
9.992647058823496756e-04
1.016544117647056678e-03
1.018382352941173651e-03
1.013235294117644869e-03
1.002941176470585139e-03
1.009558823529409189e-03
1.027205882352939846e-03
9.727941176470557500e-04
9.985294117647025829e-04
1.044852941176469419e-03
1.030882352941174876e-03
1.010661764705879720e-03
1.014338235294115400e-03
1.018382352941174084e-03
1.028308823529409943e-03
9.999999999999967682e-04
9.941176470588202439e-04
1.021691176470586110e-03
1.042279411764705571e-03
1.048529411764705533e-03
9.955882352941144292e-04
1.033455882352939592e-03
1.012132352941173688e-03
1.022058823529409331e-03
1.018749999999997739e-03
1.023161764705879861e-03
9.974264705882320524e-04
1.049999999999998851e-03
1.053676470588234748e-03
9.775735294117614185e-04
1.013235294117644653e-03
9.915441176470555281e-04
1.013602941176468307e-03
1.009926470588232410e-03
9.922794117647026207e-04
1.005147058823526417e-03
1.017279411764703337e-03
9.970588235294083976e-04
1.010294117647056065e-03
1.060294117647058365e-03
1.009558823529408539e-03
1.029779411764703912e-03
1.029779411764704345e-03
1.039705882352939120e-03
1.018014705882350646e-03
1.044485294117646632e-03
1.004779411764703196e-03
9.768382352941145427e-04
9.992647058823496756e-04
1.005147058823526417e-03
1.024264705882351259e-03
1.012499999999997343e-03
9.992647058823496756e-04
1.022426470588233636e-03
1.043382352941175234e-03
1.052205882352940779e-03
9.845588235294086901e-04
1.015808823529408935e-03
1.045220588235293941e-03
1.022426470588233636e-03
1.014705882352938621e-03
9.999999999999967682e-04
1.025735294117645227e-03
1.054044117647058619e-03
1.014338235294114966e-03
9.992647058823496756e-04
1.045588235294116946e-03
1.020220588235292141e-03
1.028676470588232948e-03
9.786764705882321658e-04
1.029044117647057253e-03
1.000367647058820206e-03
1.027573529411762851e-03
1.068750000000000906e-03
1.042279411764704270e-03
9.841911764705850354e-04
9.908088235294086523e-04
1.065441176470587580e-03
1.004779411764703196e-03
1.019485294117645048e-03
9.981617647058791450e-04
1.016176470588233240e-03
1.065073529411765660e-03
1.008823529411761880e-03
9.985294117647025829e-04
1.008823529411761880e-03
9.996323529411733303e-04
1.005882352941173509e-03
9.988970588235262377e-04
9.944852941176438987e-04
1.012132352941174339e-03
9.955882352941144292e-04
1.020220588235292141e-03
1.066544117647058761e-03
1.033455882352939158e-03
1.048529411764704449e-03
1.026470588235292754e-03
1.016911764705880333e-03
1.007720588235291133e-03
1.010294117647056282e-03
1.036764705882351400e-03
1.040073529411763209e-03
1.002205882352938263e-03
1.043749999999998672e-03
1.024632352941174263e-03
1.024264705882351259e-03
1.016911764705880549e-03
1.027573529411763067e-03
1.032720588235293150e-03
1.024999999999997918e-03
1.028308823529409293e-03
1.011397058823526813e-03
1.017647058823526558e-03
1.004779411764702762e-03
1.023529411764703950e-03
9.930147058823497134e-04
1.003308823529408794e-03
1.005147058823526200e-03
1.000735294117643861e-03
9.985294117647025829e-04
9.985294117647027998e-04
1.024999999999997484e-03
1.031985294117645406e-03
1.029779411764704345e-03
1.034191176470586684e-03
1.026838235294116409e-03
1.015441176470585714e-03
1.002941176470585356e-03
1.014705882352938838e-03
1.015073529411762059e-03
9.988970588235260208e-04
1.004779411764703196e-03
1.004044117647055886e-03
1.034558823529410556e-03
1.036029411764704524e-03
1.058455882352941175e-03
1.038970588235292244e-03
9.705882352941145805e-04
1.032352941176468411e-03
1.025367647058821573e-03
1.012132352941173905e-03
1.007352941176467478e-03
1.013602941176468524e-03
1.023529411764703950e-03
1.019485294117644615e-03
1.025367647058821356e-03
1.001838235294114391e-03
1.023529411764704166e-03
1.013602941176468090e-03
1.000735294117643861e-03
1.043382352941175668e-03
1.005514705882349855e-03
1.049264705882352626e-03
9.985294117647025829e-04
1.019117647058821177e-03
1.009191176470585535e-03
1.045588235294116295e-03
1.033088235294116154e-03
1.020588235294116013e-03
1.048161764705881228e-03
1.012867647058820998e-03
1.024264705882351259e-03
1.038235294117645369e-03
1.006617647058820602e-03
1.009191176470585535e-03
1.015808823529409802e-03
1.019485294117645048e-03
1.019852941176468053e-03
9.959558823529378671e-04
1.013235294117644653e-03
1.020588235294115145e-03
1.047426470588234786e-03
1.043382352941175234e-03
1.018749999999997739e-03
1.012132352941173905e-03
9.606617647058792635e-04
9.794117647058792585e-04
1.032720588235292065e-03
9.816176470588203196e-04
1.050735294117646160e-03
1.010294117647056282e-03
1.004044117647055886e-03
1.031249999999997880e-03
9.591911764705851867e-04
1.030147058823528434e-03
1.006249999999997164e-03
1.032352941176468844e-03
1.016911764705879899e-03
1.018749999999997522e-03
9.999999999999967682e-04
1.001838235294114391e-03
1.019852941176468053e-03
1.034191176470586684e-03
9.816176470588203196e-04
1.026838235294115758e-03
1.019852941176468053e-03
1.056249999999999247e-03
1.009926470588232844e-03
1.026102941176468665e-03
1.024264705882350609e-03
1.008455882352938442e-03
1.014705882352938838e-03
1.001102941176467299e-03
9.996323529411733303e-04
1.029411764705880908e-03
1.013970588235291528e-03
1.016911764705879899e-03
1.014705882352938621e-03
1.024632352941174697e-03
1.010661764705879503e-03
1.014705882352938404e-03
1.004411764705879324e-03
1.003308823529408577e-03
9.900735294117615597e-04
1.006617647058820819e-03
1.051470588235293687e-03
1.025367647058821790e-03
1.002941176470585139e-03
1.023897058823528038e-03
9.966911764705849597e-04
1.051838235294116908e-03
9.926470588235262755e-04
1.055882352941176676e-03
1.052205882352940129e-03
1.062132352941176638e-03
1.030882352941175743e-03
1.029779411764703478e-03
1.004044117647056103e-03
1.054411764705881407e-03
1.001838235294114608e-03
1.010661764705879937e-03
1.031617647058821101e-03
1.008088235294115004e-03
1.008823529411761880e-03
1.007352941176467478e-03
1.015808823529409152e-03
1.028308823529409726e-03
1.018014705882351731e-03
9.948529411764673366e-04
1.046691176470587693e-03
1.035661764705880436e-03
1.030882352941174659e-03
9.985294117647025829e-04
1.009926470588232410e-03
9.922794117647028376e-04
1.011764705882350250e-03
1.085294117647059081e-03
1.012132352941173905e-03
1.022794117647057074e-03
1.024264705882351042e-03
1.012132352941174339e-03
9.963235294117615218e-04
1.005147058823526634e-03
1.006985294117644040e-03
1.033823529411763247e-03
1.011764705882350250e-03
1.032352941176468628e-03
1.006249999999997381e-03
9.996323529411733303e-04
9.856617647058792207e-04
1.016544117647056678e-03
1.011397058823527246e-03
1.022058823529409547e-03
1.006617647058820602e-03
9.790441176470556037e-04
1.028308823529409943e-03
1.035661764705880653e-03
1.049264705882353059e-03
1.043382352941174800e-03
9.999999999999967682e-04
9.889705882352910291e-04
1.035294117647056781e-03
1.013970588235290878e-03
1.028308823529410160e-03
1.016544117647056678e-03
1.018382352941173867e-03
1.009191176470585535e-03
1.011397058823526813e-03
1.036764705882350967e-03
9.827205882352910669e-04
1.027205882352939846e-03
1.027573529411762634e-03
1.005514705882349855e-03
1.038235294117646019e-03
1.011397058823526379e-03
1.003308823529409010e-03
1.012132352941173688e-03
1.035294117647057215e-03
1.008455882352938659e-03
1.015441176470586147e-03
1.026102941176468882e-03
1.022794117647056423e-03
1.002573529411761918e-03
1.044852941176469636e-03
1.012499999999997560e-03
9.654411764705851488e-04
1.029044117647057253e-03
1.036029411764704308e-03
1.048529411764704232e-03
1.030147058823528000e-03
1.038970588235293329e-03
1.021691176470586110e-03
1.049632352941175847e-03
1.037132352941175055e-03
1.027205882352940063e-03
1.003676470588232231e-03
1.043014705882351796e-03
1.020588235294115145e-03
1.011397058823527029e-03
1.012867647058821215e-03
9.937499999999968060e-04
1.027941176470585855e-03
9.886029411764673744e-04
1.009926470588232410e-03
1.027573529411763067e-03
1.031617647058822402e-03
1.008088235294114787e-03
1.015808823529409152e-03
1.063970588235293611e-03
1.039705882352940638e-03
1.025367647058822006e-03
1.010294117647056282e-03
1.018014705882351297e-03
9.992647058823496756e-04
1.037499999999998276e-03
1.041911764705880832e-03
9.878676470588202817e-04
1.035294117647057215e-03
1.040073529411763859e-03
1.029779411764704562e-03
1.033455882352939809e-03
9.808823529411732269e-04
1.018014705882350429e-03
9.999999999999967682e-04
9.812499999999966648e-04
1.043014705882351796e-03
1.026102941176468449e-03
1.032352941176469278e-03
1.013970588235291528e-03
1.044117647058821676e-03
9.988970588235262377e-04
9.900735294117615597e-04
9.966911764705849597e-04
1.018382352941174084e-03
1.015441176470585714e-03
1.030147058823528000e-03
1.036029411764704308e-03
1.005882352941173509e-03
1.033455882352939592e-03
9.889705882352910291e-04
9.845588235294086901e-04
1.004779411764703196e-03
1.019852941176468486e-03
1.020588235294115145e-03
1.035661764705880219e-03
1.029044117647057036e-03
1.042647058823527491e-03
1.031249999999998748e-03
1.024999999999998352e-03
1.058455882352941175e-03
1.037132352941174838e-03
9.999999999999967682e-04
1.017279411764703120e-03
1.012499999999997343e-03
1.012867647058820781e-03
1.033088235294116154e-03
1.028676470588233381e-03
1.013235294117645086e-03
1.049632352941176064e-03
9.878676470588202817e-04
1.048529411764705099e-03
9.749999999999969195e-04
1.020588235294115796e-03
1.070220588235294657e-03
1.023897058823527387e-03
9.941176470588202439e-04
1.043382352941175885e-03
1.005882352941173943e-03
9.819852941176439743e-04
1.055882352941175809e-03
1.004044117647055886e-03
1.026470588235292754e-03
1.016911764705880549e-03
1.008088235294115004e-03
1.010661764705879937e-03
1.013970588235291745e-03
1.027573529411763067e-03
1.014705882352938621e-03
1.004411764705879541e-03
1.026470588235292320e-03
1.010661764705879720e-03
1.017279411764703554e-03
1.022794117647056423e-03
1.017279411764703771e-03
1.024999999999997918e-03
1.043014705882352230e-03
1.022794117647057074e-03
9.680147058823498647e-04
1.041911764705881049e-03
1.062867647058823514e-03
9.963235294117615218e-04
9.974264705882320524e-04
9.827205882352910669e-04
9.882352941176439365e-04
1.010661764705879720e-03
1.022794117647057074e-03
1.018382352941173867e-03
9.746323529411733732e-04
1.018014705882350429e-03
1.020955882352939017e-03
1.016544117647056678e-03
9.952205882352909913e-04
1.034926470588233560e-03
1.047426470588234786e-03
1.069852941176470786e-03
1.012132352941174122e-03
1.011029411764703375e-03
1.015808823529409152e-03
1.013970588235291528e-03
1.040073529411764293e-03
9.893382352941144670e-04
1.000735294117643861e-03
9.845588235294086901e-04
1.015441176470585714e-03
1.036029411764704524e-03
9.915441176470555281e-04
9.841911764705850354e-04
1.036397058823527962e-03
1.019485294117644615e-03
1.037499999999998276e-03
1.023161764705880295e-03
1.018014705882350646e-03
1.059926470588234927e-03
1.032352941176468411e-03
1.024999999999998135e-03
1.002205882352938263e-03
1.004779411764702762e-03
1.016544117647056244e-03
1.016176470588233240e-03
1.016544117647056461e-03
1.010294117647056282e-03
9.999999999999967682e-04
1.012499999999997343e-03
1.011764705882350250e-03
1.026102941176468665e-03
1.015073529411762059e-03
1.022426470588232768e-03
9.944852941176438987e-04
1.029044117647057686e-03
1.043014705882352447e-03
1.005514705882350071e-03
1.005147058823526200e-03
1.039705882352940855e-03
1.012132352941173905e-03
1.047794117647058007e-03
1.052941176470587438e-03
1.015441176470586147e-03
9.878676470588202817e-04
1.015808823529409368e-03
1.009191176470585101e-03
9.988970588235262377e-04
1.020955882352939667e-03
9.959558823529378671e-04
1.019485294117645048e-03
1.015441176470585714e-03
1.047058823529410264e-03
1.028308823529409726e-03
1.014705882352938621e-03
1.063235294117647386e-03
1.032720588235292499e-03
1.026102941176469099e-03
1.028676470588233381e-03
9.963235294117615218e-04
1.001102941176467299e-03
1.048529411764704666e-03
1.019485294117644615e-03
1.036764705882351400e-03
1.001838235294114391e-03
1.005514705882349855e-03
1.014705882352938404e-03
1.037499999999998710e-03
1.007352941176468345e-03
1.025367647058821790e-03
1.024264705882350825e-03
1.022794117647056423e-03
9.900735294117615597e-04
9.944852941176438987e-04
1.014705882352938621e-03
9.985294117647025829e-04
1.011397058823526596e-03
1.022426470588233419e-03
1.011764705882350250e-03
1.027573529411763067e-03
1.009558823529408756e-03
9.650735294117616025e-04
1.024264705882350392e-03
1.035294117647056781e-03
9.808823529411732269e-04
1.034191176470587335e-03
1.011397058823526813e-03
1.020220588235291707e-03
9.867647058823497512e-04
1.009926470588232844e-03
1.006617647058820602e-03
1.020220588235291924e-03
1.008455882352938225e-03
1.036397058823528613e-03
1.035661764705881087e-03
1.002205882352938046e-03
1.019485294117644832e-03
1.006249999999997164e-03
1.030514705882351655e-03
1.036764705882350967e-03
1.011764705882350034e-03
1.046691176470587693e-03
1.026470588235292537e-03
9.893382352941144670e-04
1.023161764705880295e-03
1.037867647058821497e-03
1.032352941176468844e-03
1.044117647058822760e-03
1.023529411764703950e-03
1.012867647058821432e-03
1.016911764705879682e-03
1.035661764705881087e-03
9.988970588235262377e-04
1.011764705882350250e-03
1.019117647058821177e-03
1.018382352941174084e-03
1.015073529411762059e-03
9.992647058823496756e-04
1.022058823529409981e-03
1.001470588235290737e-03
1.032720588235292282e-03
1.012132352941173688e-03
1.016911764705880116e-03
1.022426470588233636e-03
1.007720588235290916e-03
1.004411764705879324e-03
1.000735294117643861e-03
1.047058823529410480e-03
1.019485294117645048e-03
1.000367647058820206e-03
1.026102941176468665e-03
1.054411764705881407e-03
1.036029411764704741e-03
9.823529411764674122e-04
9.911764705882320902e-04
1.021323529411762455e-03
1.012132352941173688e-03
1.019852941176468270e-03
1.021323529411762672e-03
1.023529411764703733e-03
1.047426470588235219e-03
1.008823529411762097e-03
1.035661764705880653e-03
9.672794117647027720e-04
1.005514705882349855e-03
1.019485294117644615e-03
9.897058823529379049e-04
1.000735294117643861e-03
1.026470588235291886e-03
9.897058823529379049e-04
1.035661764705881303e-03
1.023529411764704166e-03
1.017647058823527208e-03
1.014338235294115183e-03
9.886029411764673744e-04
1.015441176470585930e-03
1.019485294117645048e-03
1.044117647058822760e-03
9.856617647058790038e-04
1.019117647058821394e-03
1.012867647058820998e-03
1.010294117647055848e-03
1.013235294117644653e-03
1.012132352941173905e-03
1.039705882352940421e-03
1.016544117647056244e-03
1.019852941176468270e-03
9.919117647058791828e-04
1.043014705882352230e-03
1.009926470588232194e-03
1.041544117647057394e-03
1.001838235294114391e-03
1.015808823529409368e-03
1.033823529411763247e-03
1.002941176470585572e-03
1.021691176470586543e-03
1.045588235294116512e-03
1.026102941176468449e-03
1.016176470588233023e-03
9.834558823529379427e-04
1.044117647058822543e-03
9.738970588235262805e-04
1.009926470588232410e-03
1.038235294117645369e-03
1.015808823529408935e-03
1.049264705882352192e-03
1.026838235294115975e-03
1.004779411764702762e-03
1.013970588235291312e-03
1.031249999999998748e-03
1.026470588235292537e-03
1.015073529411762059e-03
1.041911764705880832e-03
1.039705882352940204e-03
1.030147058823528000e-03
9.772058823529379806e-04
1.024632352941174480e-03
9.974264705882320524e-04
9.783088235294087279e-04
1.033823529411763247e-03
1.014338235294115183e-03
9.893382352941144670e-04
1.019485294117645265e-03
9.941176470588204608e-04
9.900735294117613428e-04
9.930147058823497134e-04
9.937499999999968060e-04
1.017647058823526992e-03
1.035294117647057215e-03
1.015073529411761625e-03
1.043749999999998889e-03
1.038970588235293329e-03
9.911764705882320902e-04
1.017647058823527208e-03
1.038602941176469023e-03
1.038970588235293329e-03
1.020220588235292141e-03
1.026838235294114891e-03
1.020588235294115796e-03
9.996323529411733303e-04
1.024999999999997918e-03
1.031617647058821969e-03
9.849264705882321280e-04
1.039338235294116550e-03
9.830882352941145048e-04
1.006249999999996947e-03
9.926470588235262755e-04
1.037867647058821497e-03
1.047794117647059091e-03
9.959558823529378671e-04
1.031617647058821535e-03
1.030882352941174659e-03
1.034191176470586684e-03
1.020588235294115362e-03
1.000367647058820206e-03
1.011029411764703158e-03
9.709558823529380184e-04
1.017279411764703554e-03
1.013235294117644869e-03
1.023529411764703950e-03
1.037132352941175272e-03
1.018382352941174301e-03
1.005147058823526417e-03
1.037499999999998276e-03
1.009926470588232627e-03
9.977941176470557071e-04
1.011397058823526813e-03
1.018382352941174735e-03
1.034191176470586468e-03
1.007720588235291349e-03
1.020220588235292141e-03
1.004044117647056103e-03
1.048897058823528971e-03
1.019852941176468053e-03
1.043749999999998238e-03
9.845588235294086901e-04
1.001838235294114391e-03
1.020955882352938800e-03
1.012499999999997560e-03
1.000735294117643861e-03
1.013970588235291312e-03
1.058823529411764179e-03
1.045955882352939299e-03
1.061397058823528895e-03
1.028676470588233164e-03
1.001838235294114608e-03
1.059926470588234710e-03
1.000367647058820206e-03
1.022794117647056206e-03
1.015808823529409585e-03
1.066176470588235756e-03
1.030147058823527350e-03
1.014338235294114749e-03
1.007720588235291566e-03
1.007720588235291566e-03
9.838235294117615975e-04
1.019117647058821177e-03
1.031249999999997880e-03
1.056617647058823118e-03
1.017647058823527859e-03
1.022794117647056640e-03
1.034926470588233777e-03
1.022058823529409764e-03
1.016176470588232589e-03
1.037867647058821931e-03
1.000735294117643861e-03
1.019117647058820743e-03
9.915441176470555281e-04
1.022426470588232985e-03
1.023897058823527171e-03
9.937499999999968060e-04
1.051838235294116908e-03
1.009558823529408973e-03
1.001102941176467516e-03
1.013970588235291312e-03
9.963235294117615218e-04
1.052205882352940779e-03
1.036029411764704958e-03
9.933823529411733681e-04
1.051470588235293253e-03
1.016176470588232589e-03
1.030147058823527350e-03
1.030514705882351438e-03
1.012499999999997343e-03
1.020955882352939017e-03
1.011764705882350250e-03
1.033455882352939375e-03
1.002205882352938046e-03
9.753676470588203574e-04
9.794117647058792585e-04
9.886029411764673744e-04
9.448529411764675307e-04
9.319852941176439516e-04
9.136029411764677198e-04
9.283088235294088136e-04
9.345588235294087758e-04
9.069852941176442113e-04
9.018382352941147796e-04
9.136029411764677198e-04
8.823529411764678004e-04
8.720588235294089371e-04
8.930147058823501016e-04
8.536764705882324885e-04
8.566176470588207506e-04
8.117647058823503764e-04
8.080882352941151300e-04
8.121323529411738143e-04
7.930147058823503814e-04
7.816176470588209876e-04
7.911764705882328667e-04
8.117647058823502680e-04
7.871323529411738571e-04
8.029411764705856984e-04
7.492647058823505377e-04
7.816176470588209876e-04
7.518382352941153620e-04
7.555147058823504999e-04
7.540441176470565315e-04
7.529411764705858925e-04
7.268382352941154048e-04
7.599264705882328389e-04
7.643382352941151779e-04
7.341911764705858975e-04
7.415441176470563903e-04
7.356617647058799744e-04
7.349264705882329902e-04
7.253676470588212195e-04
7.172794117647036342e-04
7.183823529411741647e-04
7.143382352941153720e-04
7.058823529411741319e-04
6.878676470588213380e-04
7.194852941176448037e-04
7.121323529411743109e-04
7.077205882352918635e-04
7.091911764705860488e-04
7.202205882352918963e-04
7.044117647058800551e-04
7.047794117647036014e-04
7.128676470588211867e-04
7.220588235294094111e-04
6.749999999999978673e-04
7.117647058823507646e-04
6.658088235294096430e-04
7.113970588235272183e-04
6.930147058823506612e-04
7.011029411764684634e-04
6.963235294117624697e-04
6.992647058823507318e-04
7.084558823529389562e-04
7.077205882352919719e-04
6.867647058823508075e-04
6.981617647058800929e-04
7.169117647058800879e-04
6.547794117647037955e-04
6.948529411764683928e-04
6.849264705882330759e-04
6.897058823529389612e-04
6.926470588235272233e-04
6.577205882352919492e-04
6.908088235294094917e-04
7.091911764705860488e-04
6.764705882352919442e-04
6.823529411764683601e-04
6.959558823529390318e-04
6.746323529411744294e-04
6.827205882352919064e-04
6.996323529411742782e-04
6.974264705882331087e-04
6.812499999999978295e-04
6.834558823529389990e-04
6.823529411764683601e-04
7.011029411764683550e-04
6.897058823529389612e-04
7.136029411764682794e-04
7.169117647058799794e-04
7.238970588235271427e-04
6.985294117647036392e-04
7.011029411764684634e-04
6.937499999999977539e-04
6.852941176470567306e-04
6.999999999999977161e-04
6.779411764705860211e-04
7.180147058823506184e-04
6.992647058823508403e-04
7.121323529411742025e-04
6.985294117647037476e-04
6.761029411764685063e-04
6.694852941176449978e-04
7.011029411764683550e-04
6.827205882352919064e-04
7.018382352941153392e-04
6.797794117647037527e-04
6.856617647058802769e-04
7.132352941176447331e-04
7.077205882352918635e-04
7.191176470588212574e-04
7.007352941176448087e-04
7.312499999999977438e-04
7.058823529411741319e-04
7.077205882352919719e-04
7.275735294117623890e-04
6.819852941176448137e-04
6.834558823529391074e-04
7.213235294117624269e-04
7.044117647058800551e-04
7.308823529411741975e-04
7.238970588235270343e-04
7.305147058823506512e-04
6.992647058823507318e-04
6.775735294117625832e-04
7.202205882352917879e-04
7.106617647058800172e-04
7.238970588235271427e-04
7.106617647058800172e-04
7.187499999999977110e-04
7.187499999999977110e-04
7.455882352941152914e-04
7.036764705882331793e-04
6.922794117647036770e-04
7.080882352941155183e-04
7.220588235294094111e-04
6.996323529411741697e-04
6.930147058823506612e-04
7.499999999999975219e-04
7.069852941176447709e-04
7.404411764705858597e-04
7.154411764705859026e-04
7.139705882352918257e-04
6.955882352941154855e-04
7.297794117647035585e-04
7.187499999999977110e-04
7.636029411764681937e-04
7.095588235294095951e-04
7.143382352941153720e-04
7.091911764705860488e-04
7.529411764705858925e-04
7.044117647058800551e-04
7.117647058823506562e-04
7.150735294117623563e-04
7.374999999999977060e-04
7.069852941176447709e-04
6.996323529411741697e-04
7.621323529411741168e-04
7.323529411764682744e-04
7.047794117647036014e-04
7.481617647058800072e-04
7.452205882352917450e-04
7.676470588235268780e-04
7.242647058823505806e-04
7.562499999999974841e-04
7.124999999999976404e-04
7.066176470588212246e-04
7.444852941176446524e-04
7.455882352941151829e-04
7.378676470588212523e-04
7.264705882352918585e-04
7.389705882352916744e-04
7.455882352941151829e-04
7.169117647058799794e-04
6.996323529411741697e-04
7.374999999999977060e-04
7.437499999999975598e-04
7.360294117647035207e-04
7.481617647058798988e-04
7.338235294117623512e-04
7.088235294117623941e-04
7.319852941176448365e-04
7.224264705882329574e-04
7.555147058823504999e-04
7.761029411764681181e-04
7.249999999999976732e-04
7.312499999999977438e-04
7.286764705882330280e-04
7.636029411764680853e-04
7.606617647058799316e-04
7.165441176470566500e-04
7.525735294117623462e-04
7.422794117647034829e-04
7.316176470588212901e-04
7.448529411764681987e-04
7.345588235294093354e-04
7.202205882352917879e-04
7.400735294117623134e-04
7.522058823529386914e-04
7.889705882352915887e-04
7.547794117647034073e-04
7.216911764705858648e-04
7.448529411764683071e-04
7.367647058823505049e-04
7.323529411764682744e-04
7.580882352941153242e-04
7.400735294117624218e-04
7.768382352941152107e-04
8.176470588235266838e-04
7.643382352941151779e-04
7.727941176470564180e-04
7.698529411764681559e-04
7.558823529411741547e-04
7.691176470588210632e-04
7.672794117647033316e-04
7.709558823529386864e-04
7.687499999999975169e-04
7.661764705882329095e-04
7.735294117647035107e-04
7.941176470588210204e-04
7.749999999999974791e-04
7.569852941176445768e-04
7.577205882352916694e-04
7.562499999999974841e-04
7.794117647058799265e-04
7.602941176470564937e-04
7.812499999999974413e-04
7.849264705882327961e-04
7.860294117647033266e-04
7.672794117647034401e-04
8.176470588235266838e-04
7.562499999999974841e-04
7.823529411764681887e-04
7.481617647058798988e-04
7.852941176470562340e-04
7.558823529411741547e-04
7.580882352941152157e-04
7.683823529411740790e-04
7.540441176470565315e-04
7.816176470588210960e-04
7.577205882352917778e-04
7.665441176470564558e-04
7.654411764705858169e-04
7.816176470588209876e-04
7.327205882352917123e-04
7.841911764705857034e-04
7.863970588235268729e-04
7.643382352941152863e-04
7.816176470588209876e-04
7.882352941176444961e-04
7.669117647058800022e-04
7.599264705882328389e-04
7.786764705882328339e-04
8.029411764705856984e-04
7.911764705882327582e-04
7.819852941176445339e-04
7.930147058823503814e-04
7.731617647058799643e-04
8.110294117647032838e-04
7.488970588235270998e-04
8.220588235294091313e-04
7.779411764705857412e-04
7.808823529411738950e-04
7.610294117647034779e-04
7.996323529411738899e-04
8.022058823529386058e-04
7.783088235294091791e-04
7.926470588235269435e-04
7.819852941176446423e-04
7.871323529411738571e-04
7.856617647058797803e-04
7.996323529411738899e-04
7.897058823529385730e-04
7.878676470588209498e-04
7.827205882352916266e-04
8.051470588235268679e-04
7.922794117647032888e-04
7.882352941176446045e-04
7.930147058823503814e-04
8.113970588235268301e-04
7.981617647058798131e-04
8.044117647058797753e-04
8.176470588235267923e-04
7.794117647058799265e-04
8.091911764705855522e-04
8.158088235294091691e-04
8.047794117647033216e-04
8.128676470588210154e-04
7.639705882352916316e-04
8.091911764705856606e-04
7.827205882352916266e-04
7.992647058823504520e-04
7.908088235294093203e-04
8.216911764705856934e-04
7.731617647058799643e-04
8.040441176470562289e-04
8.011029411764680752e-04
7.992647058823503436e-04
8.227941176470562239e-04
7.705882352941152485e-04
7.838235294117622655e-04
8.099264705882326448e-04
7.977941176470563752e-04
7.768382352941152107e-04
7.941176470588209120e-04
8.073529411764680374e-04
8.018382352941151679e-04
7.779411764705858497e-04
8.437499999999973884e-04
7.937499999999974741e-04
8.312499999999973556e-04
7.919117647058798509e-04
8.238970588235268629e-04
8.294117647058797324e-04
8.216911764705856934e-04
8.132352941176443448e-04
7.948529411764680046e-04
8.029411764705856984e-04
8.117647058823503764e-04
8.378676470588207557e-04
7.952205882352916594e-04
8.378676470588207557e-04
8.205882352941149460e-04
7.952205882352915509e-04
8.367647058823503336e-04
8.198529411764678533e-04
8.297794117647032787e-04
7.981617647058798131e-04
7.948529411764681130e-04
8.047794117647033216e-04
8.444852941176443726e-04
8.283088235294090934e-04
8.176470588235267923e-04
8.128676470588210154e-04
8.327205882352914324e-04
8.202205882352915081e-04
8.191176470588209775e-04
7.933823529411739277e-04
8.246323529411737387e-04
8.297794117647032787e-04
8.062499999999975069e-04
7.952205882352916594e-04
8.220588235294091313e-04
8.058823529411739605e-04
8.025735294117620437e-04
8.121323529411738143e-04
8.319852941176443398e-04
8.117647058823503764e-04
8.257352941176443776e-04
7.944852941176445667e-04
8.161764705882326070e-04
8.216911764705855849e-04
8.356617647058796946e-04
8.389705882352915031e-04
8.286764705882325313e-04
8.323529411764679945e-04
7.959558823529385352e-04
8.466911764705855421e-04
8.202205882352913997e-04
8.301470588235268250e-04
8.132352941176443448e-04
8.507352941176443348e-04
8.169117647058798080e-04
8.551470588235266738e-04
8.341911764705856177e-04
8.371323529411738799e-04
8.459558823529385579e-04
8.139705882352915459e-04
8.419117647058796568e-04
8.242647058823503008e-04
8.433823529411737336e-04
8.433823529411738421e-04
8.639705882352913518e-04
8.128676470588209069e-04
8.279411764705856555e-04
8.691176470588206750e-04
8.382352941176444104e-04
8.360294117647032409e-04
8.301470588235267166e-04
8.312499999999973556e-04
8.665441176470560676e-04
8.426470588235266410e-04
8.448529411764679189e-04
8.415441176470562189e-04
8.294117647058797324e-04
8.397058823529384873e-04
8.242647058823503008e-04
8.187499999999974312e-04
8.264705882352914703e-04
8.499999999999973506e-04
8.709558823529384066e-04
8.382352941176443020e-04
8.606617647058796517e-04
8.312499999999973556e-04
8.286764705882326398e-04
8.349264705882327104e-04
8.683823529411735824e-04
8.488970588235266032e-04
8.448529411764679189e-04
8.441176470588207179e-04
8.496323529411738042e-04
8.088235294117621143e-04
8.474264705882326347e-04
8.562499999999973127e-04
8.647058823529384444e-04
8.577205882352913896e-04
8.474264705882326347e-04
8.632352941176443676e-04
8.408088235294090178e-04
8.301470588235268250e-04
8.466911764705855421e-04
8.672794117647031602e-04
8.617647058823500739e-04
8.470588235294090884e-04
8.371323529411738799e-04
8.272058823529384545e-04
8.183823529411738849e-04
8.731617647058795761e-04
8.422794117647032031e-04
8.268382352941150166e-04
8.419117647058796568e-04
8.639705882352913518e-04
8.455882352941150116e-04
8.547794117647031275e-04
8.477941176470561811e-04
8.374999999999973178e-04
8.113970588235268301e-04
8.511029411764678811e-04
8.790441176470559920e-04
8.595588235294090128e-04
8.319852941176444482e-04
8.411764705882326726e-04
8.455882352941150116e-04
8.621323529411736202e-04
8.551470588235266738e-04
8.805147058823501773e-04
8.764705882352913846e-04
8.735294117647031224e-04
8.702205882352913140e-04
8.926470588235265553e-04
8.911764705882324784e-04
8.602941176470561054e-04
8.705882352941148603e-04
8.529411764705855043e-04
8.330882352941149788e-04
8.761029411764678382e-04
8.731617647058795761e-04
8.819852941176442541e-04
8.764705882352913846e-04
8.716911764705854992e-04
8.621323529411737286e-04
8.713235294117619529e-04
8.477941176470561811e-04
8.742647058823502151e-04
8.742647058823501066e-04
8.639705882352912434e-04
8.900735294117618395e-04
8.841911764705854236e-04
8.297794117647032787e-04
8.727941176470559214e-04
8.323529411764679945e-04
8.213235294117620386e-04
8.352941176470561483e-04
8.569852941176442970e-04
8.816176470588205994e-04
8.882352941176442163e-04
8.386029411764679567e-04
8.746323529411736530e-04
8.709558823529384066e-04
8.757352941176442919e-04
8.687499999999972371e-04
8.499999999999973506e-04
8.702205882352913140e-04
8.705882352941148603e-04
8.827205882352913468e-04
8.977941176470559869e-04
8.779411764705854614e-04
8.731617647058795761e-04
8.584558823529384822e-04
8.908088235294088237e-04
8.650735294117619907e-04
8.812499999999971615e-04
8.867647058823501394e-04
9.095588235294088187e-04
8.636029411764678055e-04
8.856617647058795005e-04
8.536764705882325969e-04
8.867647058823501394e-04
8.716911764705854992e-04
8.676470588235267066e-04
8.867647058823501394e-04
8.827205882352913468e-04
8.988970588235264091e-04
8.830882352941148931e-04
8.536764705882324885e-04
