5.279411764705866034e-04
6.127450980392137262e-04
6.318627450980371591e-04
6.549019607843116443e-04
6.926470588235272233e-04
7.088235294117625025e-04
7.073529411764684256e-04
7.666666666666643046e-04
7.921568627450954400e-04
8.088235294117621143e-04
8.504901960784285288e-04
8.921568627450951602e-04
8.867647058823501394e-04
9.181372549019579075e-04
9.637254901960753744e-04
9.936274509803890657e-04
9.838235294117613806e-04
1.008823529411761663e-03
1.038725490196075246e-03
1.004901960784310502e-03
1.084313725490192604e-03
1.025490196078428229e-03
1.076470588235290717e-03
1.115196078431368977e-03
1.138235294117643463e-03
1.141176470588231616e-03
1.197549019607839233e-03
1.173039215686270779e-03
1.158823529411760972e-03
1.185784313725486401e-03
1.213235294117643226e-03
1.192647058823525716e-03
1.240196078431368655e-03
1.230392156862741187e-03
1.274019607843133181e-03
1.252941176470584277e-03
1.289215686274505562e-03
1.256372549019603825e-03
1.243137254901956808e-03
1.302941176470583974e-03
1.321078431372544725e-03
1.330392156862740798e-03
1.282843137254897859e-03
1.307352941176466313e-03
1.331372549019603588e-03
1.328921568627446613e-03
1.364705882352936720e-03
1.328921568627446613e-03
1.332843137254897774e-03
1.351470588235289703e-03
1.389215686274505391e-03
1.372058823529407430e-03
1.395098039215681698e-03
1.345098039215682001e-03
1.374999999999995583e-03
1.399019607843132642e-03
1.370588235294113244e-03
1.393627450980387730e-03
1.365196078431368115e-03
1.374509803921564188e-03
1.404901960784309166e-03
1.395098039215681698e-03
1.353921568627446679e-03
1.412745098039211054e-03
1.387254901960779810e-03
1.410784313725485691e-03
1.400490196078426827e-03
1.378431372549015132e-03
1.432352941176465990e-03
1.469117647058818671e-03
1.396078431372544488e-03
1.416666666666661998e-03
1.418627450980387578e-03
1.383823529411760261e-03
1.441176470588230668e-03
1.436764705882348329e-03
1.411764705882348264e-03
1.371568627450976035e-03
1.455882352941171654e-03
1.380392156862740713e-03
1.415686274509799425e-03
1.424999999999995281e-03
1.466176470588230517e-03
1.412254901960779659e-03
1.423529411764701312e-03
1.374509803921564188e-03
1.458333333333328629e-03
1.398039215686270069e-03
1.463725490196073975e-03
1.438235294117642298e-03
1.382843137254897471e-03
1.401960784313721013e-03
1.419117647058818973e-03
1.436764705882348546e-03
1.438725490196073693e-03
1.448039215686269766e-03
1.409313725490191505e-03
1.394607843137250303e-03
1.428921568627446442e-03
1.417647058823524788e-03
1.413235294117642449e-03
1.385294117647054447e-03
1.401960784313721013e-03
1.431372549019603200e-03
1.440686274509799273e-03
1.428431372549015047e-03
1.408823529411760110e-03
1.489705882352936397e-03
1.435784313725485539e-03
1.407843137254897320e-03
1.440196078431367878e-03
1.445098039215681612e-03
1.465686274509799122e-03
1.449509803921563951e-03
1.421078431372544337e-03
1.426960784313720861e-03
1.434313725490191354e-03
1.445588235294113007e-03
1.416666666666661998e-03
1.448529411764701161e-03
1.478921568627446139e-03
1.438725490196073693e-03
1.403921568627446593e-03
1.419607843137250369e-03
1.387254901960779810e-03
1.452941176470583500e-03
1.440686274509799273e-03
1.392647058823525156e-03
1.429901960784309015e-03
1.446078431372544403e-03
1.424509803921564103e-03
1.473039215686269615e-03
1.391176470588230754e-03
1.390196078431367964e-03
1.335294117647054532e-03
1.412745098039211054e-03
1.412745098039211054e-03
1.432843137254897386e-03
1.405392156862740561e-03
1.393627450980387730e-03
1.425980392156858071e-03
1.399019607843132642e-03
1.371568627450976035e-03
1.411764705882348264e-03
1.416666666666661998e-03
1.423039215686269917e-03
1.425490196078426676e-03
1.436764705882348329e-03
1.421078431372544554e-03
1.421078431372544337e-03
1.461274509803916783e-03
1.417156862745093610e-03
1.345588235294113396e-03
1.406862745098034747e-03
1.388235294117642600e-03
1.466176470588230517e-03
1.377941176470583737e-03
1.454901960784309081e-03
1.493627450980387341e-03
1.426470588235289466e-03
1.431372549019603200e-03
1.458823529411760024e-03
1.409803921568622900e-03
1.434313725490191354e-03
1.401470588235289617e-03
1.448039215686269766e-03
1.392156862745093544e-03
1.384803921568623052e-03
1.425490196078426676e-03
1.438235294117642298e-03
1.437254901960779725e-03
1.324509803921564274e-03
1.431862745098034595e-03
1.460784313725485388e-03
1.400490196078426827e-03
1.425490196078426676e-03
1.436764705882348329e-03
1.421568627450975732e-03
1.451960784313720710e-03
1.423529411764701312e-03
1.395098039215681698e-03
1.454901960784309081e-03
1.406372549019603352e-03
1.381862745098034681e-03
1.397549019607838673e-03
1.382352941176466076e-03
1.390686274509799359e-03
1.431862745098034595e-03
1.464705882352936332e-03
1.460294117647053993e-03
1.443627450980387427e-03
1.405392156862740561e-03
1.421568627450975732e-03
1.354411764705878074e-03
1.437254901960779725e-03
1.375980392156858374e-03
1.387745098039211205e-03
1.399019607843132642e-03
1.419117647058818973e-03
1.402941176470583803e-03
1.468627450980387276e-03
1.451960784313720710e-03
1.424999999999995281e-03
1.379901960784309317e-03
1.431862745098034595e-03
1.437254901960779725e-03
1.451470588235289315e-03
1.385784313725485625e-03
1.428431372549015047e-03
1.413235294117642449e-03
1.455392156862740476e-03
1.452450980392152105e-03
1.410784313725485691e-03
1.451960784313720710e-03
1.422058823529407127e-03
1.411764705882348264e-03
1.409803921568622900e-03
1.464215686274505154e-03
1.428431372549015047e-03
1.473529411764701010e-03
1.409803921568622900e-03
1.393137254901956334e-03
1.432352941176465990e-03
1.480882352941171719e-03
1.410294117647054295e-03
1.453431372549014895e-03
1.430882352941171805e-03
1.420098039215681764e-03
1.483823529411759873e-03
1.441176470588230668e-03
1.413235294117642449e-03
1.381372549019603286e-03
1.425980392156858071e-03
1.391176470588230754e-03
1.453431372549014895e-03
1.464215686274505154e-03
1.421568627450975732e-03
1.401960784313721013e-03
1.394117647058819125e-03
1.442647058823524637e-03
1.389705882352936786e-03
1.414215686274505239e-03
1.428431372549015047e-03
1.436764705882348329e-03
1.429411764705877620e-03
1.485784313725485454e-03
1.438725490196073693e-03
1.441666666666662064e-03
1.442647058823524637e-03
1.422549019607838522e-03
1.452941176470583500e-03
1.434313725490191354e-03
1.402941176470583803e-03
1.432352941176465990e-03
1.429411764705877620e-03
1.464705882352936332e-03
1.391666666666662149e-03
1.422058823529407127e-03
1.422058823529407127e-03
1.472058823529407041e-03
1.418137254901956183e-03
1.425980392156858071e-03
1.386274509803917020e-03
1.451470588235289315e-03
1.449019607843132556e-03
1.422058823529407127e-03
1.399999999999995432e-03
1.457352941176465839e-03
1.368627450980387664e-03
1.440686274509799273e-03
1.430882352941171805e-03
1.468627450980387276e-03
1.430882352941171805e-03
1.452941176470583500e-03
1.465196078431367944e-03
1.441176470588230668e-03
1.384313725490191656e-03
1.444117647058818822e-03
1.416176470588230603e-03
1.398529411764701464e-03
1.440196078431367878e-03
1.461764705882348178e-03
1.460784313725485388e-03
1.402941176470583803e-03
1.341666666666662452e-03
1.436764705882348329e-03
1.438235294117642298e-03
1.403431372549014981e-03
1.447058823529406976e-03
1.399999999999995432e-03
1.417156862745093393e-03
1.417647058823524788e-03
1.422549019607838522e-03
1.390196078431367964e-03
1.388725490196073995e-03
1.414705882352936634e-03
1.429411764705877620e-03
1.424019607843132708e-03
1.442647058823524637e-03
1.417156862745093393e-03
1.436274509803916934e-03
1.355392156862740647e-03
1.460294117647053993e-03
1.439215686274505088e-03
1.371078431372544639e-03
1.426470588235289466e-03
1.399509803921564037e-03
1.408333333333328715e-03
1.396568627450975883e-03
1.450490196078426742e-03
1.466666666666661912e-03
1.410294117647054295e-03
1.447549019607838371e-03
1.457843137254897234e-03
1.443627450980387427e-03
1.420098039215681764e-03
1.433823529411759959e-03
1.433823529411759959e-03
1.429411764705877620e-03
1.403431372549014981e-03
1.400490196078426827e-03
1.438725490196073693e-03
1.452941176470583500e-03
1.400490196078426827e-03
1.372549019607838608e-03
1.383823529411760261e-03
1.420098039215681764e-03
1.465686274509799122e-03
1.398529411764701464e-03
1.450490196078426742e-03
1.422058823529407127e-03
1.451960784313720710e-03
1.425980392156858071e-03
1.433333333333328781e-03
1.422058823529407127e-03
1.365686274509799510e-03
1.440686274509799273e-03
1.439705882352936483e-03
1.489705882352936397e-03
1.376470588235289769e-03
1.410294117647054295e-03
1.455392156862740476e-03
1.449509803921563951e-03
1.423039215686269917e-03
1.431372549019603200e-03
1.449999999999995346e-03
1.461764705882348178e-03
1.403921568627446376e-03
1.449999999999995346e-03
1.442156862745093459e-03
1.407352941176465925e-03
1.415196078431368030e-03
1.415686274509799425e-03
1.458823529411760024e-03
1.447549019607838371e-03
1.422549019607838522e-03
1.442156862745093459e-03
1.448039215686269766e-03
1.372549019607838608e-03
1.449999999999995346e-03
1.448039215686269766e-03
1.419117647058818973e-03
1.441666666666662064e-03
1.386274509803917020e-03
1.429411764705877620e-03
1.418627450980387578e-03
1.417156862745093393e-03
1.422058823529407127e-03
1.446078431372544403e-03
1.445588235294113007e-03
1.449999999999995346e-03
1.384803921568623052e-03
1.423039215686269917e-03
1.422058823529407127e-03
1.424019607843132708e-03
1.381862745098034681e-03
1.449019607843132556e-03
1.351470588235289703e-03
1.394117647058819125e-03
1.431862745098034595e-03
1.428431372549015047e-03
1.446078431372544403e-03
1.437254901960779725e-03
1.408823529411760110e-03
1.427941176470583651e-03
1.385294117647054447e-03
1.366176470588230905e-03
1.458823529411760024e-03
1.424999999999995281e-03
1.406862745098034747e-03
1.409313725490191505e-03
1.454411764705877685e-03
1.446078431372544403e-03
1.410784313725485691e-03
1.407843137254897320e-03
1.435784313725485539e-03
1.414705882352936634e-03
1.447058823529406976e-03
1.424509803921564103e-03
1.378921568627446527e-03
1.421078431372544337e-03
1.425980392156858071e-03
1.406372549019603352e-03
1.470098039215681461e-03
1.444117647058818822e-03
1.449019607843132556e-03
1.422549019607838522e-03
1.388725490196073995e-03
1.423529411764701312e-03
1.448529411764701161e-03
1.444607843137250217e-03
1.435294117647054144e-03
1.486274509803916632e-03
1.481862745098034293e-03
1.413235294117642449e-03
1.462254901960779573e-03
1.376470588235289769e-03
1.414215686274505239e-03
1.412254901960779659e-03
1.428921568627446442e-03
1.452450980392152105e-03
1.370588235294113244e-03
1.416666666666661998e-03
1.396078431372544488e-03
1.419607843137250369e-03
1.418137254901956183e-03
1.378921568627446527e-03
1.391666666666662149e-03
1.423529411764701312e-03
1.413235294117642449e-03
1.402941176470583803e-03
1.436274509803916934e-03
1.427450980392152256e-03
1.459313725490191420e-03
1.409313725490191505e-03
1.390686274509799359e-03
1.423529411764701312e-03
1.461274509803916783e-03
1.464705882352936332e-03
1.416176470588230603e-03
1.425980392156858071e-03
1.402450980392152408e-03
1.430392156862740410e-03
1.457352941176465839e-03
1.429901960784309015e-03
1.431862745098034595e-03
1.442156862745093459e-03
1.414215686274505239e-03
1.413235294117642449e-03
1.405882352941171956e-03
1.440196078431367878e-03
1.406372549019603352e-03
1.432352941176465990e-03
1.439215686274505088e-03
1.412745098039211054e-03
1.422549019607838522e-03
1.415196078431368030e-03
1.413725490196073844e-03
1.439705882352936483e-03
1.382843137254897471e-03
1.425490196078426676e-03
1.419117647058818973e-03
1.416176470588230603e-03
1.386274509803917020e-03
1.427450980392152256e-03
1.432352941176465990e-03
1.441666666666662064e-03
1.426470588235289466e-03
1.402450980392152408e-03
1.442156862745093459e-03
1.437254901960779725e-03
1.435784313725485539e-03
1.433333333333328781e-03
1.419117647058818973e-03
1.488725490196073607e-03
1.426470588235289466e-03
1.427941176470583651e-03
1.430882352941171805e-03
1.401960784313721013e-03
1.441176470588230668e-03
1.421078431372544337e-03
1.440686274509799273e-03
1.428921568627446442e-03
1.419117647058818973e-03
1.449999999999995346e-03
1.393137254901956334e-03
1.477450980392151954e-03
1.412254901960779659e-03
1.449509803921563951e-03
1.451470588235289315e-03
1.411274509803917086e-03
1.436764705882348329e-03
1.415196078431368030e-03
1.421568627450975732e-03
1.464705882352936332e-03
1.411274509803917086e-03
1.411764705882348264e-03
1.440196078431367878e-03
1.412745098039211054e-03
1.401470588235289617e-03
1.426470588235289466e-03
1.407843137254897320e-03
1.435784313725485539e-03
1.380392156862740713e-03
1.445588235294113007e-03
1.412745098039211054e-03
1.373039215686270003e-03
1.432352941176465990e-03
1.416176470588230603e-03
1.469607843137250066e-03
1.382352941176466076e-03
1.441176470588230668e-03
1.424999999999995281e-03
1.414705882352936634e-03
1.396078431372544488e-03
1.448529411764701161e-03
1.392647058823524939e-03
1.376470588235289769e-03
1.440196078431367878e-03
1.412254901960779659e-03
1.434313725490191354e-03
1.406862745098034747e-03
1.442156862745093459e-03
1.448529411764701161e-03
1.419117647058818973e-03
1.435784313725485539e-03
1.419607843137250369e-03
1.456862745098034444e-03
1.436764705882348329e-03
1.407843137254897320e-03
1.424999999999995281e-03
1.447549019607838371e-03
1.452450980392152105e-03
1.395588235294113093e-03
1.403431372549014981e-03
1.391176470588230754e-03
1.441666666666662064e-03
1.400980392156858222e-03
1.428431372549015047e-03
1.415196078431368030e-03
1.417647058823524788e-03
1.454411764705877685e-03
1.400490196078426827e-03
1.375490196078426978e-03
1.409803921568622900e-03
1.416666666666661998e-03
1.430882352941172022e-03
1.401960784313721229e-03
1.430882352941171805e-03
1.392647058823524939e-03
1.458333333333328629e-03
1.421568627450975732e-03
1.464705882352936332e-03
1.418627450980387578e-03
1.425980392156858071e-03
1.465686274509799122e-03
1.429901960784309015e-03
1.437745098039211120e-03
1.429901960784309015e-03
1.440196078431367878e-03
1.485784313725485454e-03
1.439705882352936483e-03
1.429901960784309015e-03
1.452941176470583500e-03
1.464215686274505154e-03
1.416176470588230603e-03
1.413725490196073844e-03
1.456862745098034444e-03
1.470588235294112856e-03
1.438725490196073693e-03
1.481372549019603115e-03
1.390196078431367964e-03
1.431372549019603200e-03
1.372058823529407430e-03
1.419607843137250369e-03
1.366666666666662300e-03
1.407843137254897320e-03
1.405392156862740561e-03
1.404901960784309166e-03
1.425490196078426676e-03
1.446568627450975798e-03
1.417647058823524788e-03
1.458823529411760024e-03
1.394607843137250303e-03
1.443137254901956032e-03
1.415196078431368030e-03
1.459803921568622815e-03
1.415686274509799425e-03
1.441176470588230668e-03
1.427450980392152256e-03
1.465686274509799122e-03
1.440196078431367878e-03
1.471078431372544251e-03
1.458823529411760024e-03
1.420098039215681764e-03
1.454411764705877685e-03
1.447058823529406976e-03
1.475490196078426590e-03
1.468627450980387276e-03
1.426960784313720861e-03
1.387745098039211205e-03
1.454901960784309081e-03
1.411764705882348264e-03
1.420098039215681764e-03
1.410294117647054295e-03
1.422549019607838522e-03
1.439215686274505088e-03
1.404411764705877771e-03
1.390196078431367964e-03
1.389215686274505391e-03
1.414705882352936634e-03
1.397549019607838673e-03
1.413235294117642449e-03
1.424019607843132708e-03
1.449019607843132556e-03
1.403921568627446376e-03
1.431862745098034595e-03
1.365196078431368115e-03
1.401470588235289617e-03
1.449019607843132556e-03
1.434803921568622749e-03
1.429901960784309015e-03
1.434803921568622749e-03
1.417156862745093393e-03
1.450490196078426742e-03
1.446078431372544403e-03
1.411764705882348264e-03
1.469607843137250066e-03
1.406372549019603352e-03
1.424999999999995281e-03
1.396568627450975883e-03
1.437254901960779725e-03
1.432843137254897386e-03
1.420588235294112942e-03
1.421568627450975732e-03
1.457843137254897234e-03
1.473529411764701010e-03
1.420588235294112942e-03
1.402941176470583803e-03
1.370098039215681849e-03
1.410294117647054295e-03
1.435294117647054144e-03
1.428431372549015047e-03
1.393627450980387730e-03
1.406862745098034747e-03
1.448039215686269766e-03
1.458333333333328629e-03
1.424999999999995281e-03
1.431862745098034595e-03
1.457843137254897234e-03
1.375980392156858374e-03
1.461274509803916783e-03
1.397058823529407278e-03
1.415196078431368030e-03
1.426470588235289466e-03
1.400490196078426827e-03
1.432352941176465990e-03
1.399509803921564037e-03
1.438725490196073693e-03
1.424999999999995281e-03
1.440196078431367878e-03
1.444117647058818822e-03
1.402450980392152408e-03
1.403431372549014981e-03
1.445098039215681612e-03
1.431372549019603200e-03
1.427941176470583651e-03
1.457352941176465839e-03
1.422549019607838522e-03
1.418627450980387578e-03
1.404901960784309166e-03
1.456862745098034444e-03
1.419117647058818973e-03
1.416666666666661998e-03
1.431372549019603200e-03
1.462745098039210968e-03
1.426470588235289466e-03
1.422058823529407127e-03
1.431862745098034595e-03
1.407843137254897320e-03
1.422549019607838522e-03
1.441666666666662064e-03
1.435294117647054144e-03
1.410784313725485691e-03
1.434313725490191354e-03
1.434803921568622749e-03
1.398529411764701464e-03
1.425490196078426676e-03
1.416666666666661998e-03
1.434313725490191354e-03
1.411274509803917086e-03
1.413235294117642449e-03
1.403921568627446376e-03
1.412254901960779659e-03
1.406372549019603352e-03
1.406862745098034747e-03
1.390686274509799359e-03
1.452941176470583500e-03
1.427450980392152256e-03
1.410784313725485691e-03
1.400980392156858222e-03
1.429901960784309015e-03
1.450490196078426742e-03
1.389215686274505391e-03
1.390686274509799359e-03
1.431372549019603200e-03
1.396078431372544488e-03
1.441666666666662064e-03
1.484313725490191268e-03
1.449019607843132556e-03
1.412745098039211054e-03
1.477941176470583566e-03
1.456372549019603049e-03
1.430392156862740410e-03
1.437745098039211120e-03
1.472549019607838437e-03
1.451470588235289315e-03
1.381372549019603286e-03
1.394117647058819125e-03
1.449019607843132556e-03
1.409313725490191505e-03
1.455392156862740476e-03
1.467647058823524702e-03
1.441176470588230668e-03
1.376960784313720947e-03
1.412254901960779659e-03
1.424509803921564103e-03
1.394607843137250303e-03
1.409803921568622900e-03
1.406862745098034747e-03
1.408823529411760110e-03
1.416666666666661998e-03
1.403431372549014981e-03
1.387745098039211205e-03
1.403921568627446376e-03
1.420588235294112942e-03
1.397549019607838673e-03
1.461274509803916783e-03
1.462254901960779573e-03
1.449509803921563951e-03
1.432352941176465990e-03
1.449019607843132556e-03
1.428921568627446442e-03
1.441176470588230668e-03
1.433823529411759959e-03
1.434313725490191354e-03
1.446078431372544403e-03
1.476470588235289380e-03
1.430392156862740410e-03
1.491666666666661761e-03
1.449019607843132556e-03
1.421078431372544337e-03
1.406862745098034747e-03
1.406862745098034747e-03
1.448529411764701161e-03
1.428921568627446442e-03
1.451470588235289315e-03
1.408823529411760110e-03
1.434313725490191354e-03
1.467647058823524702e-03
1.468627450980387276e-03
1.426470588235289466e-03
1.395098039215681698e-03
1.415196078431368030e-03
1.406372549019603352e-03
1.435784313725485539e-03
1.385294117647054447e-03
1.408333333333328715e-03
1.441666666666662064e-03
1.410294117647054295e-03
1.410294117647054295e-03
1.391666666666662149e-03
1.460294117647053993e-03
1.451470588235289315e-03
1.426470588235289466e-03
1.455882352941171654e-03
1.423529411764701312e-03
1.407843137254897320e-03
1.429901960784309015e-03
1.416666666666661998e-03
1.393627450980387730e-03
1.431862745098034595e-03
1.432843137254897386e-03
1.425980392156858071e-03
1.410294117647054295e-03
1.437745098039211120e-03
1.430392156862740410e-03
1.436274509803916934e-03
1.453921568627446290e-03
1.408333333333328715e-03
1.390196078431367964e-03
1.438235294117642298e-03
1.437254901960779725e-03
1.401960784313721013e-03
1.383823529411760261e-03
1.413725490196073844e-03
1.464215686274505154e-03
1.443627450980387427e-03
1.437745098039211120e-03
1.437254901960779725e-03
1.435784313725485539e-03
1.377941176470583737e-03
1.425490196078426676e-03
1.429901960784309015e-03
1.452450980392152105e-03
1.446568627450975798e-03
1.471078431372544251e-03
1.400980392156858222e-03
1.375980392156858374e-03
1.445588235294113007e-03
1.400980392156858222e-03
1.356372549019603437e-03
1.393137254901956334e-03
1.460784313725485388e-03
1.436764705882348329e-03
1.414215686274505239e-03
1.407843137254897320e-03
1.395098039215681698e-03
1.421078431372544337e-03
1.471568627450975646e-03
1.387254901960779810e-03
1.432843137254897386e-03
1.422058823529407127e-03
1.414705882352936634e-03
1.423039215686269917e-03
1.456862745098034444e-03
1.452941176470583500e-03
1.428431372549015047e-03
1.434313725490191354e-03
1.439705882352936483e-03
1.461764705882348178e-03
1.465686274509799122e-03
1.474019607843132405e-03
1.430392156862740410e-03
1.459803921568622815e-03
1.472058823529407041e-03
1.416666666666661998e-03
1.453431372549014895e-03
1.421078431372544337e-03
1.426470588235289466e-03
1.462254901960779573e-03
1.442647058823524637e-03
1.426470588235289466e-03
1.430392156862740410e-03
1.399019607843132642e-03
1.399019607843132642e-03
1.456862745098034444e-03
1.468627450980387276e-03
1.397549019607838673e-03
1.436274509803916934e-03
1.437745098039211120e-03
1.456372549019603049e-03
1.398039215686270069e-03
1.446568627450975798e-03
1.425980392156858071e-03
1.416666666666661998e-03
1.440686274509799273e-03
1.423529411764701312e-03
1.426470588235289466e-03
1.462745098039210968e-03
1.480882352941171719e-03
1.452941176470583500e-03
1.424019607843132708e-03
1.409313725490191505e-03
1.408333333333328715e-03
1.421568627450975732e-03
1.400980392156858222e-03
1.437254901960779725e-03
1.391176470588230754e-03
1.462745098039210968e-03
1.423039215686269917e-03
1.392647058823524939e-03
1.439215686274505088e-03
1.409313725490191505e-03
1.450490196078426742e-03
1.443627450980387427e-03
1.445588235294113007e-03
1.416666666666661998e-03
1.396568627450975883e-03
1.389705882352936786e-03
1.424509803921564103e-03
1.445588235294113007e-03
1.474999999999995195e-03
1.429411764705877620e-03
1.426470588235289466e-03
1.428431372549015047e-03
1.472549019607838437e-03
1.451470588235289315e-03
1.411274509803917086e-03
1.477450980392151954e-03
1.451960784313720710e-03
1.448039215686269766e-03
1.399509803921564037e-03
1.444117647058818822e-03
1.431372549019603200e-03
1.392647058823524939e-03
1.428921568627446442e-03
1.478921568627446356e-03
1.444117647058818822e-03
1.431372549019603200e-03
1.485294117647054058e-03
1.445588235294113007e-03
1.408823529411760110e-03
1.384803921568623052e-03
1.403921568627446376e-03
1.400980392156858222e-03
1.398039215686270069e-03
1.421078431372544337e-03
1.466176470588230517e-03
1.428921568627446442e-03
1.426470588235289466e-03
1.416666666666661998e-03
1.399509803921564037e-03
1.462745098039210968e-03
1.495098039215681310e-03
1.438235294117642298e-03
1.425980392156858071e-03
1.454411764705877685e-03
1.487745098039210817e-03
1.403921568627446376e-03
1.423529411764701312e-03
1.420098039215681764e-03
1.445098039215681612e-03
1.411274509803917086e-03
1.409313725490191505e-03
1.428431372549015047e-03
1.412745098039211054e-03
1.449019607843132556e-03
1.452450980392152105e-03
1.411274509803917086e-03
1.468137254901956098e-03
1.463725490196073759e-03
1.440196078431367878e-03
1.469117647058818671e-03
1.408823529411760110e-03
1.395098039215681698e-03
1.411764705882348264e-03
1.437254901960779725e-03
1.410294117647054295e-03
1.449019607843132556e-03
1.435784313725485539e-03
1.421078431372544337e-03
1.375980392156858374e-03
1.384313725490191656e-03
1.424509803921564103e-03
1.428431372549015047e-03
1.415196078431368030e-03
1.426470588235289466e-03
1.458823529411760024e-03
1.435294117647054144e-03
1.456372549019603049e-03
1.471568627450975646e-03
1.450490196078426742e-03
1.406862745098034747e-03
1.476470588235289380e-03
1.445098039215681612e-03
1.393627450980387730e-03
1.405392156862740561e-03
1.410294117647054295e-03
1.424509803921564103e-03
1.424999999999995281e-03
1.411274509803917086e-03
1.391176470588230754e-03
1.456862745098034444e-03
1.428921568627446442e-03
1.429901960784309015e-03
1.446078431372544403e-03
1.425490196078426676e-03
1.397549019607838673e-03
1.441666666666662064e-03
1.405882352941171956e-03
1.464705882352936332e-03
1.447058823529406976e-03
1.414215686274505239e-03
1.416176470588230603e-03
1.442156862745093459e-03
1.432352941176465990e-03
1.427941176470583651e-03
1.418627450980387578e-03
1.377941176470583737e-03
1.431372549019603200e-03
1.430882352941171805e-03
1.427450980392152256e-03
1.435784313725485539e-03
1.416176470588230603e-03
1.404411764705877771e-03
1.432843137254897386e-03
1.393137254901956334e-03
1.445098039215681612e-03
1.346078431372544574e-03
1.409313725490191505e-03
1.437254901960779725e-03
1.383333333333328866e-03
1.410784313725485691e-03
1.399509803921564037e-03
1.426470588235289466e-03
1.419607843137250369e-03
1.440686274509799273e-03
1.399999999999995432e-03
1.403921568627446376e-03
1.523529411764700924e-03
1.610294117647053519e-03
1.703921568627445428e-03
1.848039215686268430e-03
1.913725490196072337e-03
1.938235294117640790e-03
2.094117647058817058e-03
2.178431372549012677e-03
2.211274509803914413e-03
2.287745098039208579e-03
2.363235294117639520e-03
2.408823529411757095e-03
2.487745098039207802e-03
2.568137254901952694e-03
2.593137254901952543e-03
2.672549019607834645e-03
2.747549019607834191e-03
2.765686274509794942e-03
2.794117647058814557e-03
2.891176470588226015e-03
2.893627450980382557e-03
2.988235294117637473e-03
2.917647058823520049e-03
3.037745098039205775e-03
3.039215686274499961e-03
3.089705882352931053e-03
3.119117647058813458e-03
3.116666666666656482e-03
3.117647058823519272e-03
3.166176470588224785e-03
3.202941176470577682e-03
3.227450980392146136e-03
3.176960784313715043e-03
3.234313725490185667e-03
3.169117647058813155e-03
3.282843137254891179e-03
3.288725490196067486e-03
3.292647058823518647e-03
3.313235294117636374e-03
3.256372549019597145e-03
3.325490196078420384e-03
3.332352941176459481e-03
3.288725490196067486e-03
3.265196078431361823e-03
3.297058823529400769e-03
3.266176470588224613e-03
3.371568627450969354e-03
3.355882352941165579e-03
3.359803921568616306e-03
3.349509803921557442e-03
3.341176470588224159e-03
3.340196078431361369e-03
3.299999999999989140e-03
3.339705882352930408e-03
3.361764705882341886e-03
3.329411764705871545e-03
3.324999999999988989e-03
3.323039215686263408e-03
3.343137254901949740e-03
3.334803921568616457e-03
3.324509803921557594e-03
3.240196078431361974e-03
3.371078431372537959e-03
3.341176470588224159e-03
3.400490196078420364e-03
3.356372549019596974e-03
3.393627450980381266e-03
3.372058823529400749e-03
3.365686274509793047e-03
3.379901960784302637e-03
3.299999999999989140e-03
3.343137254901949740e-03
3.334313725490185062e-03
3.294607843137244228e-03
3.334803921568616457e-03
3.328921568627440149e-03
3.296078431372538413e-03
3.324019607843126198e-03
3.326470588235283174e-03
3.274509803921557896e-03
3.318627450980381286e-03
3.234803921568617062e-03
3.258333333333322725e-03
3.229411764705871716e-03
3.264215686274499033e-03
3.252941176470577379e-03
3.257843137254891330e-03
3.296078431372538413e-03
3.217647058823518667e-03
3.224509803921558199e-03
3.260784313725479701e-03
3.272549019607832316e-03
3.225980392156852384e-03
3.293137254901950042e-03
3.206862745098028843e-03
3.202941176470577682e-03
3.246568627450969677e-03
3.210784313725479570e-03
3.205392156862734657e-03
3.129901960784303282e-03
3.231372549019597296e-03
3.148039215686264033e-03
3.168627450980381760e-03
3.170588235294107340e-03
3.163235294117636848e-03
3.217156862745087706e-03
3.108823529411754594e-03
3.170588235294107340e-03
3.231372549019597296e-03
3.165196078431361994e-03
3.164705882352931033e-03
3.164705882352931033e-03
3.194607843137244399e-03
3.140196078431362146e-03
3.179411764705872018e-03
3.162745098039205453e-03
3.141176470588224936e-03
3.111274509803911570e-03
3.193627450980381609e-03
3.165686274509793389e-03
3.162745098039205453e-03
3.227450980392146136e-03
3.186764705882342511e-03
3.056372549019597921e-03
3.129411764705872321e-03
3.194607843137244399e-03
3.077450980392146609e-03
3.082352941176460560e-03
3.067647058823519575e-03
3.086274509803911287e-03
3.113725490196068112e-03
3.120588235294107643e-03
3.089705882352931053e-03
3.064215686274499809e-03
3.076960784313715648e-03
3.062745098039205624e-03
2.998039215686264941e-03
3.085294117647048931e-03
3.024019607843127580e-03
3.059313725490186292e-03
3.056862745098029317e-03
3.071568627450970302e-03
2.950980392156853181e-03
3.022549019607833395e-03
3.084313725490186141e-03
3.016176470588225259e-03
3.007843137254891976e-03
3.014705882352931507e-03
3.035784313725480195e-03
2.998529411764695903e-03
3.114705882352930902e-03
2.988235294117637473e-03
2.963725490196068586e-03
3.007843137254891976e-03
3.004901960784304039e-03
2.922549019607833566e-03
3.004901960784304039e-03
2.959803921568617859e-03
3.046568627450970453e-03
3.021568627450970605e-03
2.898039215686265112e-03
3.007843137254891976e-03
2.961764705882343439e-03
3.002450980392147063e-03
2.980392156862735585e-03
2.880882352941167152e-03
2.939705882352931527e-03
2.928921568627441269e-03
2.950980392156853181e-03
2.942647058823519898e-03
2.925490196078421937e-03
2.917647058823520049e-03
2.914705882352931678e-03
2.914215686274500283e-03
2.905882352941167000e-03
2.938235294117637342e-03
2.979901960784304190e-03
2.881862745098029942e-03
2.921568627450970776e-03
2.886274509803912064e-03
2.871568627450971078e-03
2.903921568627441420e-03
2.862254901960775005e-03
2.891176470588226015e-03
2.895098039215676742e-03
2.882843137254892732e-03
2.874019607843128054e-03
2.831372549019598849e-03
2.895098039215676742e-03
2.878431372549010176e-03
2.771568627450971250e-03
2.797058823529402927e-03
2.839705882352932132e-03
2.817647058823520220e-03
2.775980392156853806e-03
2.824019607843127923e-03
2.846078431372539835e-03
2.775980392156853806e-03
2.874999999999990844e-03
2.803921568627442025e-03
2.765196078431363547e-03
2.791176470588226186e-03
2.807843137254892752e-03
2.903921568627441420e-03
2.789705882352932001e-03
2.788235294117638249e-03
2.808823529411755542e-03
2.834803921568618181e-03
2.766666666666657733e-03
2.759313725490187240e-03
2.731862745098030416e-03
2.787254901960775459e-03
2.805882352941167605e-03
2.748039215686265586e-03
2.778431372549010781e-03
2.749019607843128377e-03
2.710784313725481294e-03
2.775980392156853806e-03
2.728921568627442045e-03
2.761274509803912820e-03
2.759313725490187240e-03
2.716666666666658035e-03
2.748529411764696982e-03
2.782352941176461508e-03
2.729411764705873440e-03
2.755392156862736079e-03
2.726960784313716898e-03
2.731862745098030416e-03
2.746078431372540006e-03
2.712745098039206874e-03
2.727450980392147860e-03
2.749509803921559772e-03
2.716666666666658035e-03
2.739705882352932304e-03
2.789705882352932001e-03
2.698039215686265889e-03
2.707843137254893357e-03
2.601960784313717221e-03
2.665196078431364152e-03
2.619607843137246577e-03
2.709803921568618504e-03
2.691666666666658186e-03
2.677450980392148162e-03
2.630392156862736835e-03
2.698529411764697284e-03
2.633333333333324772e-03
2.672549019607834645e-03
2.674509803921560225e-03
2.583823529411756470e-03
2.677941176470579557e-03
2.652941176470579709e-03
2.640196078431363436e-03
2.627450980392148465e-03
2.633823529411756167e-03
2.639705882352932475e-03
2.622549019607834514e-03
2.656372549019599474e-03
2.648039215686266191e-03
2.613725490196069836e-03
2.637745098039207328e-03
2.728431372549010650e-03
2.638725490196070118e-03
2.670588235294109065e-03
2.621078431372540762e-03
2.617647058823520997e-03
2.551960784313717524e-03
2.586764705882344841e-03
2.586274509803913445e-03
2.570098039215677841e-03
2.536274509803913314e-03
2.579901960784305309e-03
2.596568627450971875e-03
2.532843137254893982e-03
2.603921568627442801e-03
2.610294117647050504e-03
2.581372549019599495e-03
2.559803921568619411e-03
2.613235294117638875e-03
2.581372549019599495e-03
2.563725490196070139e-03
2.560784313725482202e-03
2.581372549019599495e-03
2.509803921568619280e-03
2.594607843137246728e-03
2.573039215686266212e-03
2.528921568627442822e-03
2.605392156862736553e-03
2.540196078431364475e-03
2.647058823529403401e-03
2.483823529411756641e-03
2.556862745098031041e-03
2.495098039215678295e-03
2.562745098039207348e-03
2.503431372549011578e-03
2.563235294117638743e-03
2.548529411764697758e-03
2.508823529411756490e-03
2.514705882352933231e-03
2.502941176470580183e-03
2.534313725490188168e-03
2.468627450980384261e-03
2.503921568627442973e-03
2.518137254901952563e-03
2.472549019607835422e-03
2.559803921568619411e-03
2.497058823529403875e-03
2.466176470588227285e-03
2.492647058823521319e-03
2.492647058823521319e-03
2.514705882352933231e-03
2.493627450980384110e-03
2.507843137254894134e-03
2.534803921568619129e-03
2.495588235294109690e-03
2.462254901960776558e-03
2.440686274509796042e-03
2.470098039215678446e-03
2.515196078431364626e-03
2.491666666666658529e-03
2.424999999999992266e-03
2.445098039215678597e-03
2.464705882352933100e-03
2.459313725490188188e-03
2.449509803921560720e-03
2.441666666666658832e-03
2.453921568627443275e-03
2.434313725490188339e-03
2.488725490196070592e-03
2.401470588235286602e-03
2.444117647058815807e-03
2.498529411764698061e-03
2.474019607843129173e-03
2.449999999999992115e-03
2.422549019607835290e-03
2.436274509803913919e-03
2.465196078431364495e-03
2.416176470588227588e-03
2.442647058823521622e-03
2.428921568627443427e-03
2.427941176470580636e-03
2.417156862745090378e-03
2.442647058823521622e-03
2.429411764705874822e-03
2.424999999999992266e-03
2.438235294117639500e-03
2.386274509803913788e-03
2.432843137254894154e-03
2.482352941176462456e-03
2.393137254901953320e-03
2.450490196078423510e-03
2.344607843137247374e-03
2.441176470588227437e-03
2.422058823529403895e-03
2.387745098039207974e-03
2.391666666666659134e-03
2.412745098039207822e-03
2.369117647058815827e-03
2.394117647058816110e-03
2.351960784313717866e-03
2.341176470588228042e-03
2.388725490196070764e-03
2.435784313725482524e-03
2.324509803921561042e-03
2.330392156862737783e-03
2.299019607843129798e-03
2.405392156862736896e-03
2.340686274509796647e-03
2.345588235294110164e-03
2.433333333333325549e-03
2.406862745098031515e-03
2.350980392156855076e-03
2.351960784313717866e-03
2.288235294117639974e-03
2.395588235294109861e-03
2.305882352941169330e-03
2.302450980392149564e-03
2.380882352941168876e-03
2.246568627450973125e-03
2.371078431372541408e-03
2.315196078431365403e-03
2.334313725490188510e-03
2.341666666666659437e-03
2.397549019607835442e-03
2.274509803921561345e-03
2.382843137254894456e-03
2.375980392156855359e-03
2.295098039215679071e-03
2.335784313725482696e-03
2.333333333333325720e-03
2.293137254901953491e-03
2.312254901960777032e-03
2.295588235294110466e-03
2.350490196078424115e-03
2.306372549019600725e-03
2.351960784313717866e-03
2.262254901960777335e-03
2.253921568627444052e-03
2.287745098039208579e-03
2.338725490196071066e-03
2.296078431372541861e-03
2.299509803921560760e-03
2.262254901960777335e-03
2.295588235294110466e-03
2.221078431372541882e-03
2.288235294117639974e-03
2.259803921568619926e-03
2.288725490196070935e-03
2.258333333333326174e-03
2.317647058823521945e-03
2.236274509803914696e-03
2.281372549019600442e-03
2.251470588235287076e-03
2.274509803921561345e-03
2.199999999999993194e-03
2.243137254901953793e-03
2.260784313725483149e-03
2.337254901960776881e-03
2.246568627450973125e-03
2.260784313725483149e-03
2.190196078431365725e-03
2.256862745098031989e-03
2.255392156862737803e-03
2.288235294117639974e-03
2.263725490196071086e-03
2.234803921568620511e-03
2.227450980392150018e-03
2.260294117647051321e-03
2.228921568627443769e-03
2.230882352941168916e-03
2.216666666666659759e-03
2.195098039215679243e-03
2.296078431372541861e-03
2.256862745098031989e-03
2.229411764705874731e-03
2.198039215686267613e-03
2.190686274509796687e-03
2.170098039215679394e-03
2.193137254901954096e-03
2.185294117647051775e-03
2.248529411764698706e-03
2.201470588235287379e-03
2.243137254901953793e-03
2.223529411764698857e-03
2.240686274509796818e-03
2.189215686274502502e-03
2.202941176470581131e-03
2.180392156862738257e-03
2.180392156862738257e-03
2.139705882352934633e-03
2.227941176470581413e-03
2.217156862745091155e-03
2.238235294117639843e-03
2.132352941176463706e-03
2.169607843137247565e-03
2.231372549019600745e-03
2.181372549019601047e-03
2.279901960784306691e-03
2.209803921568620228e-03
2.213725490196070955e-03
2.170098039215679394e-03
2.208333333333326477e-03
2.223529411764698857e-03
2.209313725490189267e-03
2.208823529411757872e-03
2.167647058823522419e-03
2.232352941176463535e-03
2.138235294117640448e-03
2.095588235294110809e-03
2.233333333333326325e-03
2.145588235294110940e-03
2.209313725490189267e-03
2.214215686274502784e-03
2.173039215686267765e-03
2.160294117647051926e-03
2.181862745098032443e-03
2.154411764705875185e-03
2.163235294117640296e-03
2.131372549019601350e-03
2.124509803921561819e-03
2.129901960784307165e-03
2.176960784313718492e-03
2.110784313725483623e-03
2.123529411764699028e-03
2.171568627450973579e-03
2.152941176470580999e-03
2.122549019607836672e-03
2.167156862745091023e-03
2.122058823529405277e-03
2.085294117647052380e-03
2.110784313725483623e-03
2.153431372549012828e-03
2.107843137254895253e-03
2.140196078431366028e-03
2.141666666666659780e-03
2.149019607843130706e-03
2.090686274509796858e-03
2.165686274509797272e-03
2.159313725490188702e-03
2.137254901960777657e-03
2.129901960784307165e-03
