5.274509803921552083e-04
6.147058823529393066e-04
6.328431372548999493e-04
6.799019607843116014e-04
7.147058823529388099e-04
7.102941176470564709e-04
7.700980392156837450e-04
7.460784313725465780e-04
8.539215686274482945e-04
8.225490196078405264e-04
8.357843137254874349e-04
8.936274509803893455e-04
9.014705882352912333e-04
9.602941176470557172e-04
9.514705882352910392e-04
9.931372549019576706e-04
1.007843137254898873e-03
1.017647058823526124e-03
1.035294117647055697e-03
1.048529411764702497e-03
1.082843137254898419e-03
1.108823529411761275e-03
1.119117647058819921e-03
1.132843137254898333e-03
1.146568627450976745e-03
1.190686274509800135e-03
1.199509803921564813e-03
1.232352941176466550e-03
1.207843137254898096e-03
1.233333333333329340e-03
1.257843137254898011e-03
1.269117647058819447e-03
1.285784313725486013e-03
1.311274509803917257e-03
1.328921568627446613e-03
1.299509803921564425e-03
1.305392156862740950e-03
1.328921568627446613e-03
1.315686274509799596e-03
1.367647058823525091e-03
1.345588235294113396e-03
1.399019607843132642e-03
1.383333333333328866e-03
1.396568627450975883e-03
1.378921568627446527e-03
1.364705882352936720e-03
1.424509803921564103e-03
1.417156862745093393e-03
1.420098039215681764e-03
1.418137254901956183e-03
1.431862745098034595e-03
1.415686274509799425e-03
1.436274509803916934e-03
1.379411764705877922e-03
1.412745098039211054e-03
1.424019607843132708e-03
1.391666666666662149e-03
1.472549019607838437e-03
1.453921568627446290e-03
1.445098039215681612e-03
1.456372549019603049e-03
1.468627450980387276e-03
1.447549019607838371e-03
1.483333333333328478e-03
1.415686274509799425e-03
1.485784313725485454e-03
1.425980392156858071e-03
1.457352941176465839e-03
1.439705882352936483e-03
1.507352941176465753e-03
1.466666666666661912e-03
1.436764705882348329e-03
1.447549019607838371e-03
1.478921568627446356e-03
1.480392156862740324e-03
1.465196078431367944e-03
1.477450980392151954e-03
1.510294117647053907e-03
1.505882352941171568e-03
1.412254901960779659e-03
1.468627450980387276e-03
1.469117647058818671e-03
1.470098039215681461e-03
1.562254901960779185e-03
1.474509803921563800e-03
1.509803921568622512e-03
1.498529411764701075e-03
1.470098039215681461e-03
1.495588235294112922e-03
1.493627450980387341e-03
1.478431372549014744e-03
1.513725490196073673e-03
1.470098039215681461e-03
1.443627450980387427e-03
1.471078431372544251e-03
1.513235294117642061e-03
1.465196078431367727e-03
1.470588235294112856e-03
1.441666666666662064e-03
1.479411764705877534e-03
1.469607843137250066e-03
1.470098039215681461e-03
1.537254901960779336e-03
1.496078431372544100e-03
1.469607843137250066e-03
1.468137254901956098e-03
1.506372549019602963e-03
1.561764705882347790e-03
1.461274509803916783e-03
1.478921568627446139e-03
1.507352941176465753e-03
1.475490196078426590e-03
1.479901960784308929e-03
1.461764705882348178e-03
1.511274509803916697e-03
1.424509803921564103e-03
1.498039215686269680e-03
1.476470588235289380e-03
1.486764705882348244e-03
1.470098039215681461e-03
1.515196078431367641e-03
1.490196078431367793e-03
1.500490196078426439e-03
1.486274509803916632e-03
1.488235294117642212e-03
1.454411764705877685e-03
1.473529411764701010e-03
1.474999999999995195e-03
1.467156862745093307e-03
1.494117647058818736e-03
1.562254901960779185e-03
1.447058823529406976e-03
1.442156862745093459e-03
1.486764705882348027e-03
1.470588235294112856e-03
1.530392156862740239e-03
1.502941176470583414e-03
1.479411764705877534e-03
1.480392156862740324e-03
1.486274509803916632e-03
1.450490196078426742e-03
1.454411764705877685e-03
1.489215686274505002e-03
1.517156862745093005e-03
1.515686274509799036e-03
1.466666666666661912e-03
1.429901960784309015e-03
1.472549019607838437e-03
1.454411764705877685e-03
1.480882352941171719e-03
1.487745098039210817e-03
1.511274509803916697e-03
1.514215686274504851e-03
1.516666666666661827e-03
1.492647058823524551e-03
1.483333333333328478e-03
1.451470588235289315e-03
1.487745098039210817e-03
1.495588235294112705e-03
1.509803921568622512e-03
1.472549019607838437e-03
1.488725490196073607e-03
1.466666666666661912e-03
1.514215686274504851e-03
1.485784313725485454e-03
1.493137254901955946e-03
1.499999999999995044e-03
1.490686274509798971e-03
1.460294117647053993e-03
1.486764705882348027e-03
1.467156862745093307e-03
1.527450980392151868e-03
1.492647058823524551e-03
1.464705882352936332e-03
1.495588235294112705e-03
1.452450980392152105e-03
1.538235294117642343e-03
1.510294117647053907e-03
1.476470588235289380e-03
1.515196078431367641e-03
1.468627450980387276e-03
1.473529411764701010e-03
1.488725490196073607e-03
1.473529411764701010e-03
1.517647058823524400e-03
1.533823529411759787e-03
1.499019607843132471e-03
1.492647058823524551e-03
1.509803921568622512e-03
1.437254901960779725e-03
1.492647058823524551e-03
1.509313725490191117e-03
1.477450980392151954e-03
1.482352941176465688e-03
1.490196078431367793e-03
1.468627450980387276e-03
1.489215686274505002e-03
1.476470588235289380e-03
1.502941176470583414e-03
1.503921568627445988e-03
1.468137254901956098e-03
1.508823529411759722e-03
1.497058823529406890e-03
1.497058823529406890e-03
1.537745098039210731e-03
1.498529411764701075e-03
1.538235294117642126e-03
1.499019607843132471e-03
1.528921568627446053e-03
1.493627450980387341e-03
1.476960784313720776e-03
1.477941176470583566e-03
1.438235294117642298e-03
1.528921568627446053e-03
1.502450980392152019e-03
1.491666666666661761e-03
1.524019607843132319e-03
1.461764705882348178e-03
1.486764705882348027e-03
1.503431372549014810e-03
1.485294117647054058e-03
1.529411764705877448e-03
1.517647058823524400e-03
1.470588235294112856e-03
1.468627450980387276e-03
1.504411764705877383e-03
1.508823529411759722e-03
1.496568627450975495e-03
1.434313725490191354e-03
1.544117647058818434e-03
1.499509803921563649e-03
1.507843137254897149e-03
1.477450980392151954e-03
1.489215686274505002e-03
1.477941176470583349e-03
1.522058823529406739e-03
1.522549019607838134e-03
1.517647058823524400e-03
1.479411764705877534e-03
1.550490196078426353e-03
1.427941176470583651e-03
1.503921568627445988e-03
1.469117647058818671e-03
1.467647058823524702e-03
1.511764705882348092e-03
1.483333333333328478e-03
1.509803921568622512e-03
1.419117647058818973e-03
1.480882352941171719e-03
1.473529411764701010e-03
1.537254901960779336e-03
1.468627450980387276e-03
1.474509803921563800e-03
1.483823529411759873e-03
1.466176470588230517e-03
1.510294117647053907e-03
1.503431372549014810e-03
1.500490196078426439e-03
1.450490196078426742e-03
1.483333333333328478e-03
1.522058823529406739e-03
1.487254901960779422e-03
1.456372549019603049e-03
1.489705882352936397e-03
1.537745098039210731e-03
1.533823529411759787e-03
1.483333333333328478e-03
1.535784313725485151e-03
1.528921568627446053e-03
1.469117647058818671e-03
1.512254901960779488e-03
1.489215686274505002e-03
1.480392156862740324e-03
1.484803921568622663e-03
1.494607843137250132e-03
1.490686274509798971e-03
1.493627450980387341e-03
1.514705882352936246e-03
1.471568627450975646e-03
1.467156862745093307e-03
1.504901960784308778e-03
1.468627450980387276e-03
1.481862745098034293e-03
1.495098039215681310e-03
1.425980392156858071e-03
1.456862745098034444e-03
1.484313725490191268e-03
1.457352941176465839e-03
1.495588235294112705e-03
1.447058823529406976e-03
1.489215686274505002e-03
1.469117647058818671e-03
1.522058823529406956e-03
1.452941176470583500e-03
1.448529411764701161e-03
1.441666666666662064e-03
1.490686274509798971e-03
1.520098039215681375e-03
1.463235294117642363e-03
1.525490196078426505e-03
1.552450980392151717e-03
1.446078431372544403e-03
1.434803921568622749e-03
1.466176470588230517e-03
1.477450980392151954e-03
1.467647058823524702e-03
1.486274509803916632e-03
1.491666666666661761e-03
1.509313725490191117e-03
1.476470588235289380e-03
1.497058823529406890e-03
1.460784313725485388e-03
1.528431372549014658e-03
1.524019607843132319e-03
1.479901960784308929e-03
1.494117647058818736e-03
1.492647058823524551e-03
1.535784313725485151e-03
1.486764705882348027e-03
1.499999999999995044e-03
1.472549019607838437e-03
1.477941176470583349e-03
1.417647058823524788e-03
1.471568627450975646e-03
1.482352941176465688e-03
1.462745098039210968e-03
1.501960784313720624e-03
1.517156862745093005e-03
1.416176470588230603e-03
1.488235294117642212e-03
1.479411764705877534e-03
1.432352941176465990e-03
1.481862745098034293e-03
1.447549019607838371e-03
1.502450980392152019e-03
1.464215686274505154e-03
1.480392156862740324e-03
1.558333333333328241e-03
1.418137254901956183e-03
1.530882352941171417e-03
1.471078431372544251e-03
1.496568627450975495e-03
1.513235294117642061e-03
1.508333333333328327e-03
1.501960784313720624e-03
1.522549019607838134e-03
1.509803921568622512e-03
1.509803921568622512e-03
1.517156862745093005e-03
1.510294117647053907e-03
1.512254901960779488e-03
1.491176470588230366e-03
1.468627450980387276e-03
1.452450980392152105e-03
1.484803921568622663e-03
1.468627450980387276e-03
1.437254901960779725e-03
1.484313725490191268e-03
1.468137254901956098e-03
1.521568627450975344e-03
1.509313725490191117e-03
1.486274509803916632e-03
1.491176470588230366e-03
1.542156862745093070e-03
1.485294117647054058e-03
1.469607843137250066e-03
1.465686274509799122e-03
1.466666666666661912e-03
1.500980392156857834e-03
1.492647058823524551e-03
1.474019607843132622e-03
1.482352941176465688e-03
1.541666666666661675e-03
1.508333333333328327e-03
1.444607843137250217e-03
1.480882352941171719e-03
1.481372549019603115e-03
1.460294117647053993e-03
1.495588235294112705e-03
1.442156862745093459e-03
1.432843137254897386e-03
1.447549019607838371e-03
1.492647058823524551e-03
1.436274509803916934e-03
1.432352941176465990e-03
1.514215686274505068e-03
1.498529411764701075e-03
1.511764705882348092e-03
1.468137254901956098e-03
1.493627450980387341e-03
1.507843137254897149e-03
1.496078431372544100e-03
1.466176470588230517e-03
1.529411764705877448e-03
1.510784313725485302e-03
1.501960784313720624e-03
1.456862745098034444e-03
1.479901960784308929e-03
1.479901960784308929e-03
1.535294117647053756e-03
1.495588235294112705e-03
1.504411764705877383e-03
1.474509803921563800e-03
1.472549019607838437e-03
1.509313725490191117e-03
1.482843137254897083e-03
1.487745098039210817e-03
1.490196078431367793e-03
1.459313725490191420e-03
1.483333333333328695e-03
1.494117647058818736e-03
1.514215686274504851e-03
1.487745098039210817e-03
1.501960784313720624e-03
1.503921568627445988e-03
1.514705882352936246e-03
1.437745098039211120e-03
1.480392156862740541e-03
1.486274509803916632e-03
1.495588235294112705e-03
1.436764705882348329e-03
1.507352941176465753e-03
1.453921568627446290e-03
1.526960784313720473e-03
1.462254901960779573e-03
1.532352941176465602e-03
1.473039215686269615e-03
1.467647058823524702e-03
1.447058823529406976e-03
1.453431372549014895e-03
1.508823529411759722e-03
1.518627450980387190e-03
1.491176470588230366e-03
1.479901960784308929e-03
1.498529411764701075e-03
1.542156862745093070e-03
1.465686274509799122e-03
1.487254901960779422e-03
1.513725490196073456e-03
1.470588235294112856e-03
1.479411764705877534e-03
1.524019607843132319e-03
1.459803921568622815e-03
1.525490196078426505e-03
1.442156862745093459e-03
1.512254901960779488e-03
1.499019607843132471e-03
1.516176470588230431e-03
1.462254901960779573e-03
1.446078431372544403e-03
1.499509803921563649e-03
1.467156862745093307e-03
1.465686274509799122e-03
1.483823529411759873e-03
1.503921568627445988e-03
1.498039215686269680e-03
1.456862745098034444e-03
1.497549019607838285e-03
1.428921568627446442e-03
1.499019607843132471e-03
1.479411764705877534e-03
1.422058823529407127e-03
1.456862745098034444e-03
1.509803921568622512e-03
1.499999999999995044e-03
1.465686274509799122e-03
1.514215686274504851e-03
1.476470588235289380e-03
1.544117647058818434e-03
1.504901960784308778e-03
1.538725490196073305e-03
1.488725490196073607e-03
1.497549019607838285e-03
1.477450980392151954e-03
1.489705882352936397e-03
1.496078431372544100e-03
1.558333333333328241e-03
1.463725490196073759e-03
1.485784313725485454e-03
1.515196078431367641e-03
1.510784313725485302e-03
1.492156862745093156e-03
1.474999999999995195e-03
1.482352941176465688e-03
1.516666666666661827e-03
1.476960784313720776e-03
1.490686274509798971e-03
1.482843137254897083e-03
1.527941176470583263e-03
1.493137254901955946e-03
1.500490196078426439e-03
1.442156862745093459e-03
1.498529411764701075e-03
1.481372549019603115e-03
1.479411764705877534e-03
1.495588235294112705e-03
1.508333333333328327e-03
1.497058823529406890e-03
1.427450980392152256e-03
1.512254901960779488e-03
1.461764705882348178e-03
1.490686274509798971e-03
1.502450980392152019e-03
1.499019607843132471e-03
1.483823529411759873e-03
1.442156862745093459e-03
1.489215686274505002e-03
1.455882352941171654e-03
1.508333333333328327e-03
1.486274509803916632e-03
1.480882352941171719e-03
1.515196078431367858e-03
1.503431372549014810e-03
1.479411764705877534e-03
1.437254901960779725e-03
1.472549019607838437e-03
1.503921568627445988e-03
1.474019607843132405e-03
1.473039215686269615e-03
1.475490196078426590e-03
1.487254901960779422e-03
1.511764705882348092e-03
1.490196078431367793e-03
1.484803921568622663e-03
1.503431372549014810e-03
1.496568627450975495e-03
1.448529411764701161e-03
1.490196078431367793e-03
1.517156862745093005e-03
1.452941176470583500e-03
1.481862745098034293e-03
1.509313725490191117e-03
1.492156862745093156e-03
1.482843137254897083e-03
1.518627450980387190e-03
1.488725490196073607e-03
1.481862745098034293e-03
1.465686274509799122e-03
1.474999999999995195e-03
1.498529411764701075e-03
1.464215686274505154e-03
1.533823529411759787e-03
1.493137254901955946e-03
1.545098039215681224e-03
1.472549019607838437e-03
1.488725490196073607e-03
1.449509803921563951e-03
1.458333333333328629e-03
1.508823529411759722e-03
1.499019607843132471e-03
1.462745098039210968e-03
1.472549019607838437e-03
1.531372549019602812e-03
1.486274509803916632e-03
1.493137254901955946e-03
1.489215686274505002e-03
1.512745098039210666e-03
1.481862745098034293e-03
1.496568627450975495e-03
1.524999999999995109e-03
1.520098039215681375e-03
1.536274509803916546e-03
1.451960784313720710e-03
1.514705882352936246e-03
1.482843137254897083e-03
1.553431372549014507e-03
1.470588235294112856e-03
1.492647058823524551e-03
1.499019607843132471e-03
1.485784313725485454e-03
1.488725490196073607e-03
1.489215686274505002e-03
1.470098039215681461e-03
1.514215686274504851e-03
1.493137254901955946e-03
1.468627450980387276e-03
1.499019607843132471e-03
1.493137254901955946e-03
1.486764705882348027e-03
1.444607843137250217e-03
1.511274509803916697e-03
1.467156862745093307e-03
1.496078431372544100e-03
1.505882352941171568e-03
1.481372549019603115e-03
1.456862745098034444e-03
1.530882352941171417e-03
1.523039215686269529e-03
1.501960784313720624e-03
1.492156862745093156e-03
1.519117647058818585e-03
1.496568627450975495e-03
1.518137254901955795e-03
1.476470588235289380e-03
1.491176470588230366e-03
1.498529411764701075e-03
1.552941176470583112e-03
1.487745098039210817e-03
1.486274509803916632e-03
1.515686274509799036e-03
1.495098039215681310e-03
1.488235294117642212e-03
1.528921568627446053e-03
1.501470588235289229e-03
1.473529411764701010e-03
1.506862745098034358e-03
1.460784313725485388e-03
1.524509803921563714e-03
1.499509803921563649e-03
1.495098039215681310e-03
1.506372549019602963e-03
1.482352941176465688e-03
1.429411764705877620e-03
1.502450980392152019e-03
1.517156862745093005e-03
1.491666666666661761e-03
1.480392156862740324e-03
1.466176470588230517e-03
1.471568627450975646e-03
1.461274509803916783e-03
1.502450980392152019e-03
1.486764705882348027e-03
1.509803921568622512e-03
1.503431372549014810e-03
1.447058823529406976e-03
1.477941176470583349e-03
1.497058823529406890e-03
1.449019607843132556e-03
1.531862745098034207e-03
1.438235294117642298e-03
1.454901960784309081e-03
1.450980392156858137e-03
1.505392156862740173e-03
1.488725490196073607e-03
1.560294117647053821e-03
1.457843137254897234e-03
1.468137254901956098e-03
1.510294117647053907e-03
1.473529411764701010e-03
1.557352941176465451e-03
1.510294117647053907e-03
1.508333333333328327e-03
1.469607843137250066e-03
1.483333333333328478e-03
1.488725490196073607e-03
1.570588235294112468e-03
1.448039215686269766e-03
1.478921568627446139e-03
1.500980392156857834e-03
1.481372549019603115e-03
1.474019607843132405e-03
1.450490196078426742e-03
1.494607843137250132e-03
1.524019607843132319e-03
1.509803921568622512e-03
1.495098039215681310e-03
1.495588235294112922e-03
1.464215686274505154e-03
1.484803921568622663e-03
1.471078431372544251e-03
1.471078431372544251e-03
1.501470588235289229e-03
1.480882352941171719e-03
1.514705882352936246e-03
1.513725490196073456e-03
1.465196078431367727e-03
1.468627450980387276e-03
1.523039215686269529e-03
1.495588235294112705e-03
1.518627450980387190e-03
1.521078431372544166e-03
1.472058823529407041e-03
1.514705882352936246e-03
1.501960784313720624e-03
1.483823529411759873e-03
1.484313725490191268e-03
1.446078431372544403e-03
1.480392156862740324e-03
1.456372549019603049e-03
1.474509803921563800e-03
1.495098039215681310e-03
1.470098039215681461e-03
1.494117647058818736e-03
1.501960784313720624e-03
1.515196078431367641e-03
1.496078431372544100e-03
1.512254901960779488e-03
1.485294117647054058e-03
1.498039215686269680e-03
1.521078431372544166e-03
1.502450980392152019e-03
1.487745098039210817e-03
1.489215686274505002e-03
1.494607843137250132e-03
1.498039215686269680e-03
1.496568627450975495e-03
1.483333333333328478e-03
1.479901960784308929e-03
1.494117647058818736e-03
1.471568627450975646e-03
1.465686274509799122e-03
1.418137254901956183e-03
1.478431372549014744e-03
1.473529411764701010e-03
1.444607843137250217e-03
1.483823529411759873e-03
1.511764705882348092e-03
1.461764705882348178e-03
1.479411764705877534e-03
1.516176470588230431e-03
1.456372549019603049e-03
1.521078431372544166e-03
1.523039215686269529e-03
1.446078431372544403e-03
1.453431372549014895e-03
1.475980392156857985e-03
1.504411764705877383e-03
1.517156862745093005e-03
1.499509803921563649e-03
1.515196078431367641e-03
1.529901960784308627e-03
1.536274509803916546e-03
1.465686274509799122e-03
1.508823529411759722e-03
1.554411764705877297e-03
1.438725490196073693e-03
1.463235294117642363e-03
1.514215686274504851e-03
1.456372549019603049e-03
1.474509803921563800e-03
1.539215686274504700e-03
1.498529411764701075e-03
1.505882352941171785e-03
1.486764705882348027e-03
1.471568627450975646e-03
1.526960784313720473e-03
1.504901960784308778e-03
1.533823529411759787e-03
1.475980392156857985e-03
1.483823529411759873e-03
1.474509803921563800e-03
1.500980392156857834e-03
1.498529411764701075e-03
1.475980392156857985e-03
1.541176470588230280e-03
1.474019607843132405e-03
1.468137254901956098e-03
1.510784313725485302e-03
1.507352941176465753e-03
1.489215686274505002e-03
1.465686274509799122e-03
1.501470588235289229e-03
1.456862745098034444e-03
1.495588235294112705e-03
1.487254901960779422e-03
1.473039215686269615e-03
1.561764705882347790e-03
1.494117647058818736e-03
1.445098039215681612e-03
1.423039215686269917e-03
1.474509803921563800e-03
1.451960784313720710e-03
1.467647058823524702e-03
1.450490196078426742e-03
1.487254901960779422e-03
1.496078431372544100e-03
1.451470588235289315e-03
1.463725490196073759e-03
1.439705882352936483e-03
1.434313725490191354e-03
1.463235294117642363e-03
1.464215686274505154e-03
1.474019607843132405e-03
1.473529411764701010e-03
1.493137254901955946e-03
1.531372549019602812e-03
1.495098039215681310e-03
1.460784313725485388e-03
1.466176470588230517e-03
1.526470588235289078e-03
1.472549019607838437e-03
1.430392156862740410e-03
1.473529411764701010e-03
1.497549019607838285e-03
1.477941176470583349e-03
1.486274509803916632e-03
1.486764705882348027e-03
1.465686274509799122e-03
1.429901960784309015e-03
1.444607843137250217e-03
1.538235294117642126e-03
1.483333333333328478e-03
1.508333333333328327e-03
1.562745098039210580e-03
1.470098039215681461e-03
1.530392156862740022e-03
1.456372549019603049e-03
1.502450980392152019e-03
1.454411764705877685e-03
1.448039215686269766e-03
1.527450980392151868e-03
1.500490196078426439e-03
1.468627450980387276e-03
1.519607843137249980e-03
1.516176470588230431e-03
1.455392156862740476e-03
1.483333333333328478e-03
1.481862745098034293e-03
1.479901960784308929e-03
1.510784313725485302e-03
1.517156862745093005e-03
1.442156862745093459e-03
1.485294117647054058e-03
1.515686274509799036e-03
1.471568627450975646e-03
1.500980392156857834e-03
1.460294117647053993e-03
1.464705882352936332e-03
1.501960784313720624e-03
1.498529411764701075e-03
1.453431372549014895e-03
1.434313725490191354e-03
1.488235294117642212e-03
1.481372549019603115e-03
1.443137254901956032e-03
1.447058823529406976e-03
1.529411764705877448e-03
1.524999999999995109e-03
1.526960784313720473e-03
1.459803921568622815e-03
1.516176470588230431e-03
1.441666666666662064e-03
1.469607843137250066e-03
1.490686274509798971e-03
1.481372549019603115e-03
1.471078431372544251e-03
1.503431372549014810e-03
1.477941176470583349e-03
1.485784313725485454e-03
1.525980392156857683e-03
1.451470588235289315e-03
1.478431372549014744e-03
1.507352941176465753e-03
1.490686274509798971e-03
1.522549019607838134e-03
1.496568627450975495e-03
1.496568627450975495e-03
1.536764705882347941e-03
1.471078431372544251e-03
1.566666666666661524e-03
1.548529411764700773e-03
1.492647058823524551e-03
1.443627450980387427e-03
1.473039215686269615e-03
1.495098039215681310e-03
1.469117647058818671e-03
1.526470588235289078e-03
1.515196078431367641e-03
1.511764705882348092e-03
1.469117647058818671e-03
1.477450980392151954e-03
1.515686274509799036e-03
1.536274509803916546e-03
1.457843137254897234e-03
1.534803921568622361e-03
1.521078431372544166e-03
1.510294117647053907e-03
1.475980392156858202e-03
1.487745098039210817e-03
1.515686274509799036e-03
1.507843137254897149e-03
1.466666666666661912e-03
1.501470588235289229e-03
1.492156862745093156e-03
1.471568627450975646e-03
1.488235294117642212e-03
1.515686274509799036e-03
1.472058823529407041e-03
1.461274509803916783e-03
1.496078431372544100e-03
1.480882352941171719e-03
1.459803921568622815e-03
1.473039215686269615e-03
1.519607843137249980e-03
1.457352941176465839e-03
1.488725490196073607e-03
1.487745098039210817e-03
1.449999999999995346e-03
1.492156862745093156e-03
1.442647058823524637e-03
1.552450980392151717e-03
1.507352941176465753e-03
1.496078431372544100e-03
1.456372549019603049e-03
1.513725490196073456e-03
1.485784313725485454e-03
1.494607843137250132e-03
1.524999999999995109e-03
1.478431372549014744e-03
1.473039215686269615e-03
1.547058823529406804e-03
1.488725490196073607e-03
1.483823529411759873e-03
1.518627450980387407e-03
1.483333333333328478e-03
1.465196078431367727e-03
1.482843137254897083e-03
1.440196078431367878e-03
1.549019607843132168e-03
1.465686274509799122e-03
1.464705882352936332e-03
1.485294117647054058e-03
1.518627450980387190e-03
1.460784313725485388e-03
1.538725490196073305e-03
1.549999999999994958e-03
1.531372549019602812e-03
1.481372549019603115e-03
1.489215686274505002e-03
1.518627450980387190e-03
1.501960784313720624e-03
1.486764705882348027e-03
1.527941176470583263e-03
1.471568627450975646e-03
1.474019607843132405e-03
1.502450980392152019e-03
1.453431372549014895e-03
1.463235294117642580e-03
1.476960784313720776e-03
1.491176470588230583e-03
1.486764705882348027e-03
1.519117647058818802e-03
1.481862745098034293e-03
1.503921568627445988e-03
1.496568627450975495e-03
1.509803921568622512e-03
1.466176470588230517e-03
1.484313725490191268e-03
1.539705882352936095e-03
1.516176470588230431e-03
1.496568627450975495e-03
1.494117647058818736e-03
1.496568627450975495e-03
1.468137254901956098e-03
1.444117647058818822e-03
1.483333333333328478e-03
1.494607843137250132e-03
1.491666666666661761e-03
1.473039215686269615e-03
1.501960784313720624e-03
1.464705882352936332e-03
1.475490196078426590e-03
1.508333333333328327e-03
1.499999999999995044e-03
1.467647058823524702e-03
1.460784313725485388e-03
1.473529411764701010e-03
1.504411764705877383e-03
1.443137254901956032e-03
1.508333333333328327e-03
1.501470588235289229e-03
1.493137254901955946e-03
1.491176470588230366e-03
1.474509803921563800e-03
1.490196078431367793e-03
1.520588235294112770e-03
1.502941176470583414e-03
1.492647058823524551e-03
1.545588235294112619e-03
1.470098039215681461e-03
1.478431372549014744e-03
1.508823529411759722e-03
1.477941176470583349e-03
1.453431372549014895e-03
1.512254901960779488e-03
1.449509803921563951e-03
1.461764705882348178e-03
1.512745098039210666e-03
1.467647058823524702e-03
1.473039215686269615e-03
1.498039215686269680e-03
1.515686274509799036e-03
1.500980392156857834e-03
1.484803921568622663e-03
1.505392156862740173e-03
1.465686274509799122e-03
1.494607843137250132e-03
1.489705882352936397e-03
1.477450980392151954e-03
1.476960784313720776e-03
1.526470588235289078e-03
1.475490196078426590e-03
1.446078431372544619e-03
1.472549019607838437e-03
1.486764705882348027e-03
1.477450980392151954e-03
1.504411764705877383e-03
1.472549019607838437e-03
1.473529411764701010e-03
1.462745098039210968e-03
1.515686274509799036e-03
1.590686274509798799e-03
1.737745098039210172e-03
1.792156862745092425e-03
1.876960784313719223e-03
1.964215686274503429e-03
2.004411764705876092e-03
2.107352941176463858e-03
2.091666666666660082e-03
2.247058823529404521e-03
2.229411764705874731e-03
2.327450980392149413e-03
2.353921568627443447e-03
2.431862745098031364e-03
2.451960784313717695e-03
2.470098039215678446e-03
2.585294117647050655e-03
2.532352941176462587e-03
2.620098039215677972e-03
2.610294117647050504e-03
2.641666666666658055e-03
2.617647058823520997e-03
2.635294117647050353e-03
2.661274509803912992e-03
2.681862745098030718e-03
2.706862745098030567e-03
2.714705882352932455e-03
2.734313725490187391e-03
2.745588235294108611e-03
2.740196078431363699e-03
2.826960784313716293e-03
2.892647058823520200e-03
2.876470588235284596e-03
2.846078431372539835e-03
2.798039215686265284e-03
2.926470588235284727e-03
2.919117647058814234e-03
2.902941176470578630e-03
2.849509803921559600e-03
2.829901960784304664e-03
2.832352941176461206e-03
2.865196078431363376e-03
2.883823529411755522e-03
2.905392156862735605e-03
2.899509803921559298e-03
2.951960784313715971e-03
2.933823529411755220e-03
2.895588235294108137e-03
2.925490196078421937e-03
2.902941176470578630e-03
2.940686274509794317e-03
2.917156862745088654e-03
2.936274509803912195e-03
2.924999999999990542e-03
2.917156862745088654e-03
2.859803921568618030e-03
2.803431372549010630e-03
2.930882352941166849e-03
2.850980392156853352e-03
2.894607843137245347e-03
2.867156862745088956e-03
2.862254901960775005e-03
2.858333333333324278e-03
2.835294117647049576e-03
2.867156862745088956e-03
2.882352941176461337e-03
2.963725490196068586e-03
2.963725490196068586e-03
2.878431372549010176e-03
2.877450980392147386e-03
2.867156862745088956e-03
2.881372549019598547e-03
2.904901960784304210e-03
2.818627450980383010e-03
2.895588235294108137e-03
2.868627450980382708e-03
2.830882352941167454e-03
2.783823529411755694e-03
2.784313725490187089e-03
2.893137254901951595e-03
2.776470588235285201e-03
2.868137254901951313e-03
2.837745098039206552e-03
2.835294117647049576e-03
2.770588235294108893e-03
2.865196078431363376e-03
2.792647058823520372e-03
2.798039215686265284e-03
2.821078431372539986e-03
2.787745098039206854e-03
2.849019607843128205e-03
2.785784313725481274e-03
2.862254901960775005e-03
2.771078431372539855e-03
2.779411764705873571e-03
2.750490196078422562e-03
2.747058823529402796e-03
2.738235294117638118e-03
2.794607843137245952e-03
2.788235294117638249e-03
2.806862745098029962e-03
2.877941176470578781e-03
2.779411764705873571e-03
2.793137254901951767e-03
2.766666666666657733e-03
2.724999999999991318e-03
2.776960784313716596e-03
2.746078431372540006e-03
2.826470588235284898e-03
2.824999999999990713e-03
2.830882352941167454e-03
2.731862745098030416e-03
2.758823529411755845e-03
2.734313725490187391e-03
2.724509803921559923e-03
2.768137254901951918e-03
2.791176470588226186e-03
2.729411764705873440e-03
2.744117647058814859e-03
2.803921568627442025e-03
2.712745098039206874e-03
2.760784313725481425e-03
2.704411764705873591e-03
2.736274509803912538e-03
2.727450980392147860e-03
2.765196078431363547e-03
2.748529411764696982e-03
2.709803921568618504e-03
2.767156862745089128e-03
2.691176470588226791e-03
2.741176470588226489e-03
2.752941176470579537e-03
2.709313725490187542e-03
2.676470588235285372e-03
2.715196078431363850e-03
2.680882352941167928e-03
2.659803921568618806e-03
2.721568627450971552e-03
2.696078431372540309e-03
2.673039215686266040e-03
2.704411764705873591e-03
2.692647058823520543e-03
2.714705882352932455e-03
2.670588235294109065e-03
2.600980392156854431e-03
2.640686274509795265e-03
2.644607843137246426e-03
2.662745098039207177e-03
2.665686274509795547e-03
2.591176470588226963e-03
2.600980392156854431e-03
2.631862745098030587e-03
2.650490196078422733e-03
2.632843137254893377e-03
2.610294117647050504e-03
2.687745098039207026e-03
2.614215686274501231e-03
2.622549019607834514e-03
2.630392156862736835e-03
2.647058823529403401e-03
2.656372549019599474e-03
2.605882352941167948e-03
2.607843137254893529e-03
2.595098039215678123e-03
2.595588235294109519e-03
2.598529411764697455e-03
2.623039215686265909e-03
2.612745098039207479e-03
2.644117647058815031e-03
2.587745098039207197e-03
2.647549019607834796e-03
2.592156862745089753e-03
2.547549019607834968e-03
2.542647058823521451e-03
2.589705882352932777e-03
2.544117647058815202e-03
2.598039215686266060e-03
2.561764705882344558e-03
2.615686274509795416e-03
2.637745098039207328e-03
2.590196078431364173e-03
2.565196078431364324e-03
2.602941176470580011e-03
2.574509803921560397e-03
2.587254901960775802e-03
2.615196078431364021e-03
2.557352941176462436e-03
2.560784313725482202e-03
2.515196078431364626e-03
2.541666666666658660e-03
2.604901960784305158e-03
2.544117647058815202e-03
2.553921568627442670e-03
2.533333333333325377e-03
2.552450980392148485e-03
2.497058823529403875e-03
2.587254901960775802e-03
2.529411764705874217e-03
2.539705882352933080e-03
2.525490196078423056e-03
2.541666666666658660e-03
2.562745098039207348e-03
2.415686274509796193e-03
2.514215686274501836e-03
2.566176470588227114e-03
2.518627450980383958e-03
2.595588235294109519e-03
2.448039215686266534e-03
2.526470588235285846e-03
2.579901960784305309e-03
2.526470588235285846e-03
2.520588235294109539e-03
2.541176470588227265e-03
2.526960784313717241e-03
2.449509803921560720e-03
2.484803921568619432e-03
2.526960784313717241e-03
2.438725490196070461e-03
2.487254901960776407e-03
2.428921568627443427e-03
2.372058823529404198e-03
2.446078431372541388e-03
2.465196078431364495e-03
2.483823529411756641e-03
2.500980392156854602e-03
2.428431372549012032e-03
2.474509803921560568e-03
2.461274509803913768e-03
2.513725490196070441e-03
2.515686274509796021e-03
2.464705882352933100e-03
2.495588235294109690e-03
2.497058823529403875e-03
2.423039215686266686e-03
2.502450980392148788e-03
2.418137254901953168e-03
2.507352941176462739e-03
2.404901960784305934e-03
2.502450980392148788e-03
2.419117647058815958e-03
2.460784313725482373e-03
2.440196078431364646e-03
2.472549019607835422e-03
2.418137254901953168e-03
2.486274509803913617e-03
2.405392156862737330e-03
2.459313725490188188e-03
2.427450980392149241e-03
2.440196078431364646e-03
2.401960784313717998e-03
2.457843137254894002e-03
2.399019607843129627e-03
2.386274509803913788e-03
2.442156862745090227e-03
2.377941176470580505e-03
2.435784313725482524e-03
2.437745098039208105e-03
2.339705882352933856e-03
2.431372549019599968e-03
2.444607843137247202e-03
2.416666666666658983e-03
2.408823529411757095e-03
2.384803921568620037e-03
2.419117647058815958e-03
2.398529411764698232e-03
2.405392156862737330e-03
2.403921568627443144e-03
2.418137254901953168e-03
2.411274509803914071e-03
2.386274509803913788e-03
2.336274509803914091e-03
2.362745098039208125e-03
2.434803921568619300e-03
2.328921568627443598e-03
2.419117647058815958e-03
2.362254901960776296e-03
2.380882352941168876e-03
2.409313725490188490e-03
2.355392156862737632e-03
2.340196078431365252e-03
2.357352941176463212e-03
2.387254901960776578e-03
2.386764705882345183e-03
2.343627450980384583e-03
2.376960784313718149e-03
2.362745098039208125e-03
2.331372549019600574e-03
2.374509803921561173e-03
2.309313725490188662e-03
2.325980392156855227e-03
2.346078431372541559e-03
2.357843137254894608e-03
2.345098039215678769e-03
2.343627450980384583e-03
2.360294117647051149e-03
2.286274509803914393e-03
2.365686274509796495e-03
2.335294117647051301e-03
2.364215686274502310e-03
2.342156862745090398e-03
2.351470588235286471e-03
2.300490196078423984e-03
2.382352941176463061e-03
2.300490196078423984e-03
2.299509803921561193e-03
2.331862745098031969e-03
2.343627450980384583e-03
2.336764705882345486e-03
2.316666666666659154e-03
2.258333333333326174e-03
2.297549019607836047e-03
2.276960784313718320e-03
2.330392156862737350e-03
2.339215686274502461e-03
2.307843137254894476e-03
2.299509803921560760e-03
2.288235294117639540e-03
2.319607843137247525e-03
2.377941176470580505e-03
2.254901960784306408e-03
2.311274509803914242e-03
2.312745098039208427e-03
2.285784313725482998e-03
2.242647058823522398e-03
2.275490196078424135e-03
2.323529411764698686e-03
2.257843137254894779e-03
2.286764705882345788e-03
2.259313725490188964e-03
2.293627450980384886e-03
2.213725490196071389e-03
2.282843137254894628e-03
2.232352941176463535e-03
2.264705882352933877e-03
2.270588235294110618e-03
2.265196078431365272e-03
2.279901960784306691e-03
2.272058823529404369e-03
2.255392156862737803e-03
2.280882352941169047e-03
2.285784313725482998e-03
2.188725490196071540e-03
2.312745098039208427e-03
2.263235294117639258e-03
2.232843137254894930e-03
2.235784313725483301e-03
2.281862745098031837e-03
2.228921568627443769e-03
2.208333333333326477e-03
2.256862745098031989e-03
2.261274509803914545e-03
2.206862745098031858e-03
2.233823529411757720e-03
2.324019607843130081e-03
2.285784313725482998e-03
2.170588235294110355e-03
2.228921568627443769e-03
2.271078431372541579e-03
2.232352941176463535e-03
2.184803921568620379e-03
2.201470588235287379e-03
2.263725490196071086e-03
2.226960784313718623e-03
2.192647058823522701e-03
2.228431372549012374e-03
2.208333333333326043e-03
2.195098039215679243e-03
2.153921568627444223e-03
2.233333333333326325e-03
2.235294117647051472e-03
2.204901960784306711e-03
2.203921568627443921e-03
2.225980392156855833e-03
2.217156862745091155e-03
2.184313725490189418e-03
2.221078431372541882e-03
2.163725490196071691e-03
2.213235294117639994e-03
2.206372549019600896e-03
2.217156862745091155e-03
2.249509803921561496e-03
2.208333333333326043e-03
2.149019607843130706e-03
2.217156862745091155e-03
2.248039215686267311e-03
2.177941176470580848e-03
2.166666666666660062e-03
2.186764705882345960e-03
2.164705882352934048e-03
2.212745098039208599e-03
2.191666666666659911e-03
2.146568627450973731e-03
2.172549019607836369e-03
2.200980392156855550e-03
2.220588235294110053e-03
2.199999999999993194e-03
2.167156862745091023e-03
2.163235294117640296e-03
2.179901960784306862e-03
2.210784313725483018e-03
2.132843137254894668e-03
2.238235294117639843e-03
2.095098039215679414e-03
2.147549019607836521e-03
2.159313725490189136e-03
2.148529411764699311e-03
2.173529411764698726e-03
2.144117647058816321e-03
2.103921568627444092e-03
2.146078431372541902e-03
2.173529411764699160e-03
2.158823529411757740e-03
2.128431372549012979e-03
2.108823529411758043e-03
2.169607843137247999e-03
2.097058823529404561e-03
2.185294117647051775e-03
2.150490196078424458e-03
2.154411764705875618e-03
2.125980392156856004e-03
2.197549019607836218e-03
2.130392156862738560e-03
2.144117647058816755e-03
2.123039215686267200e-03
2.065686274509797010e-03
2.081862745098032180e-03
2.121078431372542487e-03
2.150980392156855853e-03
2.130392156862738560e-03
2.210784313725483018e-03
2.157843137254895384e-03
2.166176470588228233e-03
2.074019607843130726e-03
2.163725490196071691e-03
2.088235294117640316e-03
2.201960784313718340e-03
2.067156862745091195e-03
2.103921568627444526e-03
2.114705882352934350e-03
2.129411764705875770e-03
2.136274509803914867e-03
2.071078431372541922e-03
2.077941176470581887e-03
2.091666666666659648e-03
2.108333333333326648e-03
2.081862745098032614e-03
2.146568627450973731e-03
2.070588235294111394e-03
2.100980392156855722e-03
2.034803921568621287e-03
2.108333333333326648e-03
2.122058823529405277e-03
2.122058823529405277e-03
2.099019607843130575e-03
2.132352941176463706e-03
2.056372549019601370e-03
2.117647058823522721e-03
2.131372549019601350e-03
2.072058823529405146e-03
2.018627450980385683e-03
2.103921568627444092e-03
2.050980392156856458e-03
2.132352941176463706e-03
2.069117647058817209e-03
2.064215686274503258e-03
2.074999999999993516e-03
2.049509803921562272e-03
2.087745098039209355e-03
2.113725490196071994e-03
2.081372549019600785e-03
2.090686274509797292e-03
2.081372549019601219e-03
2.081862745098032614e-03
2.090196078431365897e-03
2.043627450980385965e-03
2.079411764705875205e-03
2.057843137254895555e-03
2.067156862745091628e-03
2.048039215686267654e-03
2.021078431372542658e-03
2.086274509803915170e-03
2.070098039215679999e-03
2.073039215686267936e-03
2.089215686274503107e-03
2.052941176470582038e-03
2.065686274509797443e-03
2.078431372549013282e-03
2.012254901960777546e-03
2.069607843137248604e-03
2.093627450980385662e-03
2.056862745098032765e-03
2.079411764705875638e-03
2.023529411764699200e-03
2.076470588235287268e-03
2.059313725490189741e-03
2.025490196078424780e-03
1.987254901960778131e-03
2.047058823529404863e-03
1.982843137254895576e-03
1.984803921568621156e-03
