5.312499999999989540e-04
6.520833333333318814e-04
6.937499999999982960e-04
6.749999999999984094e-04
7.333333333333314982e-04
8.458333333333311428e-04
8.916666666666641988e-04
9.124999999999976229e-04
9.374999999999975801e-04
8.812499999999974867e-04
1.016666666666664201e-03
9.791666666666639946e-04
1.193750000000002535e-03
1.139583333333334678e-03
1.054166666666665276e-03
1.125000000000000782e-03
1.108333333333335084e-03
1.183333333333336582e-03
1.197916666666669393e-03
1.212500000000003939e-03
1.222916666666669459e-03
1.164583333333336261e-03
1.252083333333338334e-03
1.114583333333332878e-03
1.241666666666671514e-03
1.237500000000002921e-03
1.204166666666669138e-03
1.227083333333336317e-03
1.166666666666669799e-03
1.158333333333335432e-03
1.158333333333335432e-03
1.193750000000002318e-03
1.212500000000002855e-03
1.312500000000005936e-03
1.120833333333334358e-03
1.191666666666668130e-03
1.239583333333337326e-03
1.264583333333338909e-03
1.172916666666669328e-03
1.268750000000004033e-03
1.220833333333335704e-03
1.322916666666672106e-03
1.243750000000004834e-03
1.239583333333336892e-03
1.243750000000004834e-03
1.245833333333337071e-03
1.187500000000002139e-03
1.208333333333336430e-03
1.295833333333338937e-03
1.218750000000002817e-03
1.256250000000004108e-03
1.283333333333337928e-03
1.250000000000004146e-03
1.322916666666672757e-03
1.281250000000003957e-03
1.331250000000005823e-03
1.300000000000005578e-03
1.362500000000007152e-03
1.293750000000005182e-03
1.277083333333338183e-03
1.229166666666670939e-03
1.289583333333337890e-03
1.335416666666672464e-03
1.343750000000005747e-03
1.264583333333337825e-03
1.389583333333339671e-03
1.252083333333337900e-03
1.320833333333340954e-03
1.412500000000007500e-03
1.225000000000004731e-03
1.308333333333340162e-03
1.277083333333337966e-03
1.354166666666672568e-03
1.356250000000006105e-03
1.381250000000006821e-03
1.289583333333339625e-03
1.260416666666671834e-03
1.195833333333336506e-03
1.183333333333337015e-03
1.264583333333338475e-03
1.266666666666671145e-03
1.243750000000003533e-03
1.333333333333340011e-03
1.189583333333335893e-03
1.341666666666673077e-03
1.350000000000006360e-03
1.258333333333338947e-03
1.287500000000004786e-03
1.314583333333338173e-03
1.285416666666671249e-03
1.264583333333338042e-03
1.279166666666671504e-03
1.350000000000007444e-03
1.310416666666672615e-03
1.289583333333338758e-03
1.229166666666668770e-03
1.316666666666673228e-03
1.287500000000005220e-03
1.312500000000005286e-03
1.306250000000006191e-03
1.275000000000006380e-03
1.385416666666674113e-03
1.295833333333339370e-03
1.329166666666673369e-03
1.331250000000006256e-03
1.220833333333337222e-03
1.229166666666670288e-03
1.254166666666672088e-03
1.404166666666675301e-03
1.318750000000004381e-03
1.272916666666670891e-03
1.243750000000005702e-03
1.395833333333340934e-03
1.287500000000005654e-03
1.295833333333338069e-03
1.327083333333340049e-03
1.302083333333338682e-03
1.279166666666671937e-03
1.252083333333337033e-03
1.262500000000004938e-03
1.331250000000005172e-03
1.297916666666670956e-03
1.287500000000005220e-03
1.318750000000005898e-03
1.320833333333339436e-03
1.347916666666673256e-03
1.270833333333338654e-03
1.308333333333338861e-03
1.327083333333340266e-03
1.356250000000006322e-03
1.289583333333340059e-03
1.268750000000005984e-03
1.277083333333337749e-03
1.304166666666672653e-03
1.289583333333339625e-03
1.331250000000006690e-03
1.258333333333337646e-03
1.289583333333338107e-03
1.375000000000006425e-03
1.366666666666673143e-03
1.291666666666670344e-03
1.270833333333338654e-03
1.397916666666674254e-03
1.320833333333338785e-03
1.277083333333337532e-03
1.208333333333336647e-03
1.354166666666673001e-03
1.320833333333339436e-03
1.352083333333339897e-03
1.260416666666671834e-03
1.358333333333340293e-03
1.306250000000007058e-03
1.356250000000005888e-03
1.352083333333340331e-03
1.231250000000004476e-03
1.341666666666672643e-03
1.329166666666671852e-03
1.362500000000006935e-03
1.262500000000004938e-03
1.410416666666675263e-03
1.272916666666671541e-03
1.220833333333336138e-03
1.375000000000006859e-03
1.339583333333338889e-03
1.287500000000005003e-03
1.329166666666671852e-03
1.185416666666669469e-03
1.345833333333341019e-03
1.310416666666672182e-03
1.381250000000007689e-03
1.254166666666669486e-03
1.300000000000006662e-03
1.366666666666673793e-03
1.300000000000005361e-03
1.337500000000007737e-03
1.395833333333340066e-03
1.285416666666671032e-03
1.402083333333341763e-03
1.366666666666674660e-03
1.333333333333341095e-03
1.318750000000004814e-03
1.272916666666671325e-03
1.331250000000007124e-03
1.375000000000006859e-03
1.366666666666674227e-03
1.343750000000007916e-03
1.397916666666671869e-03
1.293750000000006050e-03
1.347916666666673256e-03
1.429166666666675800e-03
1.325000000000007162e-03
1.260416666666672268e-03
1.285416666666671466e-03
1.327083333333338748e-03
1.341666666666673077e-03
1.279166666666671504e-03
1.233333333333337146e-03
1.279166666666671720e-03
1.270833333333338004e-03
1.314583333333340124e-03
1.283333333333337278e-03
1.295833333333338503e-03
1.345833333333341236e-03
1.293750000000005833e-03
1.297916666666673558e-03
1.354166666666673218e-03
1.300000000000004928e-03
1.333333333333338059e-03
1.325000000000005427e-03
1.316666666666671277e-03
1.320833333333340086e-03
1.245833333333337721e-03
1.345833333333339068e-03
1.264583333333338042e-03
1.235416666666670250e-03
1.264583333333338475e-03
1.304166666666671135e-03
1.327083333333339398e-03
1.320833333333339002e-03
1.222916666666670326e-03
1.306250000000004673e-03
1.206250000000003977e-03
1.268750000000004683e-03
1.318750000000005031e-03
1.270833333333337787e-03
1.310416666666672399e-03
1.400000000000008443e-03
1.352083333333339247e-03
1.204166666666670223e-03
1.364583333333338954e-03
1.285416666666671683e-03
1.354166666666673652e-03
1.270833333333337787e-03
1.289583333333338324e-03
1.272916666666671108e-03
1.329166666666674670e-03
1.293750000000006267e-03
1.252083333333338551e-03
1.347916666666674340e-03
1.347916666666673256e-03
1.264583333333338258e-03
1.304166666666673087e-03
1.277083333333336448e-03
1.270833333333337787e-03
1.268750000000005334e-03
1.247916666666671909e-03
1.339583333333338889e-03
1.354166666666673869e-03
1.275000000000005513e-03
1.431250000000008470e-03
1.297916666666672908e-03
1.285416666666669948e-03
1.266666666666669628e-03
1.312500000000003768e-03
1.289583333333338107e-03
1.289583333333337457e-03
1.270833333333339088e-03
1.218750000000003468e-03
1.233333333333337580e-03
1.337500000000006435e-03
1.310416666666673049e-03
1.333333333333341529e-03
1.362500000000006718e-03
1.320833333333338785e-03
1.297916666666670956e-03
1.439583333333342621e-03
1.250000000000004146e-03
1.304166666666672003e-03
1.287500000000005220e-03
1.279166666666671070e-03
1.335416666666671814e-03
1.325000000000005427e-03
1.366666666666674010e-03
1.331250000000004955e-03
1.352083333333338596e-03
1.287500000000004353e-03
1.412500000000007716e-03
1.391666666666671473e-03
1.291666666666673379e-03
1.310416666666670230e-03
1.360416666666673614e-03
1.352083333333340331e-03
1.350000000000007661e-03
1.358333333333341594e-03
1.300000000000005795e-03
1.335416666666673332e-03
1.320833333333338135e-03
1.268750000000004033e-03
1.222916666666671193e-03
1.279166666666670853e-03
1.262500000000004070e-03
1.316666666666671927e-03
1.262500000000004721e-03
1.322916666666672540e-03
1.268750000000003165e-03
1.289583333333339842e-03
1.422916666666674754e-03
1.329166666666672285e-03
1.197916666666670044e-03
1.254166666666670571e-03
1.308333333333337126e-03
1.325000000000007595e-03
1.352083333333339897e-03
1.370833333333339784e-03
1.250000000000006098e-03
1.337500000000006219e-03
1.354166666666673001e-03
1.327083333333339181e-03
1.254166666666671221e-03
1.320833333333339002e-03
1.200000000000004449e-03
1.235416666666671118e-03
1.327083333333338531e-03
1.289583333333337673e-03
1.337500000000006869e-03
1.370833333333339133e-03
1.237500000000004222e-03
1.277083333333339267e-03
1.222916666666669242e-03
1.260416666666670099e-03
1.335416666666672898e-03
1.245833333333338155e-03
1.225000000000002996e-03
1.275000000000003344e-03
1.333333333333340011e-03
1.245833333333337288e-03
1.320833333333339219e-03
1.264583333333336741e-03
1.487500000000010082e-03
1.302083333333338248e-03
1.283333333333338796e-03
1.306250000000006191e-03
1.366666666666674444e-03
1.304166666666670919e-03
1.247916666666672343e-03
1.347916666666673256e-03
1.300000000000004928e-03
1.312500000000005936e-03
1.372916666666672888e-03
1.275000000000005513e-03
1.200000000000002280e-03
1.270833333333336920e-03
1.256250000000005192e-03
1.285416666666672333e-03
1.354166666666673435e-03
1.289583333333339191e-03
1.320833333333339219e-03
1.335416666666672247e-03
1.381250000000007038e-03
1.229166666666670722e-03
1.343750000000006615e-03
1.252083333333337684e-03
1.254166666666671438e-03
1.381250000000008339e-03
1.375000000000005558e-03
1.233333333333337797e-03
1.325000000000007378e-03
1.312500000000005719e-03
1.352083333333339681e-03
1.352083333333338380e-03
1.270833333333337353e-03
1.383333333333340359e-03
1.268750000000005550e-03
1.300000000000005361e-03
1.254166666666671004e-03
1.302083333333339116e-03
1.250000000000002845e-03
1.195833333333336723e-03
1.266666666666672447e-03
1.279166666666673455e-03
1.220833333333337222e-03
1.389583333333340755e-03
1.285416666666671466e-03
1.258333333333336562e-03
1.275000000000004428e-03
1.372916666666674839e-03
1.370833333333340001e-03
1.245833333333337288e-03
1.277083333333339267e-03
1.314583333333338606e-03
1.279166666666671070e-03
1.327083333333339398e-03
1.335416666666673332e-03
1.347916666666673906e-03
1.425000000000007424e-03
1.322916666666674491e-03
1.343750000000005964e-03
1.312500000000004635e-03
1.227083333333336534e-03
1.285416666666672116e-03
1.247916666666671909e-03
1.260416666666670750e-03
1.260416666666671400e-03
1.358333333333341161e-03
1.277083333333339267e-03
1.314583333333338606e-03
1.427083333333342046e-03
1.268750000000004249e-03
1.325000000000007162e-03
1.352083333333340765e-03
1.295833333333339370e-03
1.393750000000009348e-03
1.350000000000006794e-03
1.264583333333337608e-03
1.266666666666670061e-03
1.291666666666670994e-03
1.291666666666672729e-03
1.266666666666670278e-03
1.300000000000005361e-03
1.337500000000008821e-03
1.341666666666674378e-03
1.275000000000004428e-03
1.260416666666671183e-03
1.406250000000009489e-03
1.256250000000002373e-03
1.391666666666674292e-03
1.283333333333338579e-03
1.293750000000004965e-03
1.277083333333338183e-03
1.277083333333338833e-03
1.283333333333338796e-03
1.377083333333341264e-03
1.295833333333338503e-03
1.272916666666671541e-03
1.245833333333338155e-03
1.364583333333339822e-03
1.297916666666673342e-03
1.214583333333335092e-03
1.297916666666671390e-03
1.345833333333341236e-03
1.300000000000005578e-03
1.318750000000004814e-03
1.266666666666672013e-03
1.329166666666673153e-03
1.312500000000005286e-03
1.302083333333339333e-03
1.268750000000002298e-03
1.285416666666671899e-03
1.287500000000007389e-03
1.320833333333339653e-03
1.322916666666673407e-03
1.252083333333338985e-03
1.300000000000007096e-03
1.287500000000004786e-03
1.366666666666672926e-03
1.360416666666672313e-03
1.287500000000005654e-03
1.358333333333339643e-03
1.372916666666674406e-03
1.320833333333338785e-03
1.308333333333339295e-03
1.360416666666673397e-03
1.339583333333339539e-03
1.210416666666669534e-03
1.285416666666671249e-03
1.264583333333336957e-03
1.200000000000004449e-03
1.277083333333338183e-03
1.352083333333340548e-03
1.293750000000004965e-03
1.329166666666671635e-03
1.260416666666671183e-03
1.218750000000002167e-03
1.335416666666673765e-03
1.285416666666671032e-03
1.320833333333339870e-03
1.352083333333338596e-03
1.270833333333337353e-03
1.329166666666673369e-03
1.427083333333340094e-03
1.252083333333338334e-03
1.264583333333338909e-03
1.310416666666672182e-03
1.389583333333340538e-03
1.293750000000005833e-03
1.233333333333336713e-03
1.250000000000005013e-03
1.337500000000004918e-03
1.258333333333339380e-03
1.395833333333340717e-03
1.291666666666672946e-03
1.275000000000004428e-03
1.322916666666672757e-03
1.247916666666670825e-03
1.247916666666670825e-03
1.285416666666671899e-03
1.320833333333338785e-03
1.356250000000006539e-03
1.402083333333341330e-03
1.320833333333340086e-03
1.308333333333338427e-03
1.254166666666671221e-03
1.302083333333338465e-03
1.354166666666673652e-03
1.366666666666674227e-03
1.402083333333341763e-03
1.279166666666671504e-03
1.270833333333338654e-03
1.279166666666672154e-03
1.347916666666672605e-03
1.289583333333338107e-03
1.175000000000002215e-03
1.354166666666672568e-03
1.268750000000003165e-03
1.279166666666671720e-03
1.300000000000005144e-03
1.295833333333338503e-03
1.312500000000006153e-03
1.252083333333337684e-03
1.329166666666671852e-03
1.295833333333338069e-03
1.366666666666674010e-03
1.352083333333340982e-03
1.231250000000004259e-03
1.260416666666670533e-03
1.304166666666672870e-03
1.291666666666671211e-03
1.235416666666671768e-03
1.356250000000008274e-03
1.379166666666672850e-03
1.297916666666672041e-03
1.306250000000005974e-03
1.200000000000004232e-03
1.289583333333337023e-03
1.325000000000005427e-03
1.264583333333338258e-03
1.347916666666673256e-03
1.318750000000006549e-03
1.322916666666671889e-03
1.256250000000004976e-03
1.272916666666671108e-03
1.183333333333335064e-03
1.264583333333339126e-03
1.300000000000004494e-03
1.200000000000003581e-03
1.214583333333336393e-03
1.275000000000004645e-03
1.452083333333341678e-03
1.358333333333340510e-03
1.227083333333335450e-03
1.289583333333337457e-03
1.245833333333337721e-03
1.218750000000004118e-03
1.335416666666671814e-03
1.268750000000003382e-03
1.310416666666671748e-03
1.247916666666672343e-03
1.231250000000003392e-03
1.252083333333338117e-03
1.339583333333339539e-03
1.375000000000006859e-03
1.245833333333337505e-03
1.210416666666669317e-03
1.360416666666673831e-03
1.283333333333337928e-03
1.287500000000006521e-03
1.260416666666670966e-03
1.227083333333337618e-03
1.341666666666672426e-03
1.383333333333340142e-03
1.154166666666668357e-03
1.256250000000002807e-03
1.377083333333340397e-03
1.277083333333338833e-03
1.387500000000005916e-03
1.445833333333340414e-03
1.272916666666670023e-03
1.272916666666671541e-03
1.335416666666672898e-03
1.300000000000004711e-03
1.466666666666676657e-03
1.404166666666674867e-03
1.308333333333340379e-03
1.272916666666671758e-03
1.231250000000004259e-03
1.250000000000003062e-03
1.245833333333337721e-03
1.202083333333336902e-03
1.308333333333338211e-03
1.268750000000004466e-03
1.285416666666671032e-03
1.329166666666673803e-03
1.329166666666672719e-03
1.281250000000004391e-03
1.291666666666672512e-03
1.302083333333338465e-03
1.275000000000004428e-03
1.300000000000006662e-03
1.300000000000004494e-03
1.256250000000004325e-03
1.347916666666671955e-03
1.306250000000005757e-03
1.241666666666669128e-03
1.352083333333339897e-03
1.339583333333339756e-03
1.297916666666672257e-03
1.339583333333339756e-03
1.347916666666674340e-03
1.262500000000003854e-03
1.318750000000005682e-03
1.360416666666674265e-03
1.289583333333337890e-03
1.202083333333336468e-03
1.281250000000005908e-03
1.287500000000004570e-03
1.283333333333337061e-03
1.318750000000005682e-03
1.347916666666673906e-03
1.320833333333339002e-03
1.250000000000004580e-03
1.302083333333340417e-03
1.277083333333337749e-03
1.325000000000005644e-03
1.341666666666673727e-03
1.352083333333339897e-03
1.358333333333340293e-03
1.283333333333338362e-03
1.304166666666673087e-03
1.325000000000005644e-03
1.260416666666670316e-03
1.360416666666671879e-03
1.291666666666672295e-03
1.370833333333339567e-03
1.266666666666671145e-03
1.281250000000004607e-03
1.335416666666672681e-03
1.316666666666673011e-03
1.358333333333339209e-03
1.395833333333341151e-03
1.345833333333340369e-03
1.381250000000008122e-03
1.304166666666671569e-03
1.197916666666669176e-03
1.395833333333340717e-03
1.266666666666671145e-03
1.327083333333339398e-03
1.264583333333337608e-03
1.250000000000004363e-03
1.310416666666672615e-03
1.350000000000005709e-03
1.375000000000008377e-03
1.204166666666670223e-03
1.337500000000006435e-03
1.218750000000001733e-03
1.272916666666670023e-03
1.287500000000004570e-03
1.381250000000007472e-03
1.325000000000006077e-03
1.366666666666674660e-03
1.220833333333337222e-03
1.372916666666674623e-03
1.289583333333338107e-03
1.322916666666673190e-03
1.270833333333338437e-03
1.368750000000007114e-03
1.316666666666672144e-03
1.333333333333339360e-03
1.281250000000004174e-03
1.275000000000005079e-03
1.258333333333337212e-03
1.172916666666668026e-03
1.302083333333339549e-03
1.356250000000007189e-03
1.377083333333340614e-03
1.310416666666671965e-03
1.231250000000003609e-03
1.429166666666674282e-03
1.239583333333337326e-03
1.306250000000006408e-03
1.387500000000007217e-03
1.275000000000004212e-03
1.364583333333340039e-03
1.297916666666672474e-03
1.325000000000005644e-03
1.266666666666672013e-03
1.193750000000003185e-03
1.289583333333337890e-03
1.293750000000005182e-03
1.293750000000005399e-03
1.254166666666671438e-03
1.233333333333337363e-03
1.227083333333335883e-03
1.204166666666669355e-03
1.272916666666670891e-03
1.318750000000006549e-03
1.460416666666676262e-03
1.337500000000006869e-03
1.322916666666673407e-03
1.277083333333336882e-03
1.227083333333338052e-03
1.393750000000006962e-03
1.262500000000005588e-03
1.360416666666674698e-03
1.306250000000005757e-03
1.327083333333339615e-03
1.364583333333339388e-03
1.320833333333341604e-03
1.360416666666673831e-03
1.270833333333339739e-03
1.366666666666673576e-03
1.320833333333338785e-03
1.300000000000005578e-03
1.214583333333336393e-03
1.250000000000005230e-03
1.254166666666672305e-03
1.289583333333336806e-03
1.322916666666672540e-03
1.295833333333338720e-03
1.204166666666670439e-03
1.272916666666672842e-03
1.220833333333335704e-03
1.387500000000007868e-03
1.235416666666671118e-03
1.314583333333339691e-03
1.268750000000005550e-03
1.316666666666672578e-03
1.314583333333337739e-03
1.229166666666669855e-03
1.397916666666673387e-03
1.310416666666673049e-03
1.360416666666673397e-03
1.300000000000004928e-03
1.358333333333338992e-03
1.350000000000007010e-03
1.343750000000007482e-03
1.297916666666671607e-03
1.252083333333337684e-03
1.285416666666671683e-03
1.289583333333339191e-03
1.339583333333339539e-03
1.293750000000005399e-03
1.333333333333338276e-03
1.275000000000004645e-03
1.345833333333341019e-03
1.293750000000005399e-03
1.343750000000005530e-03
1.310416666666673266e-03
1.277083333333338616e-03
1.364583333333340689e-03
1.356250000000006539e-03
1.354166666666673218e-03
1.310416666666673700e-03
1.279166666666671287e-03
1.245833333333337505e-03
1.275000000000003995e-03
1.333333333333340011e-03
1.310416666666673049e-03
1.287500000000004570e-03
1.308333333333338427e-03
1.312500000000005936e-03
1.452083333333341461e-03
1.345833333333339718e-03
1.300000000000004494e-03
1.262500000000003854e-03
1.304166666666672436e-03
1.331250000000006040e-03
1.341666666666673511e-03
1.368750000000006246e-03
1.337500000000007086e-03
1.283333333333337278e-03
1.264583333333337825e-03
1.325000000000006294e-03
1.293750000000006050e-03
1.427083333333342479e-03
1.277083333333338183e-03
1.354166666666674953e-03
1.268750000000005117e-03
1.331250000000006473e-03
1.302083333333339766e-03
1.372916666666674189e-03
1.277083333333337099e-03
1.347916666666673690e-03
1.300000000000004494e-03
1.310416666666672615e-03
1.291666666666672512e-03
1.329166666666673369e-03
1.293750000000004749e-03
1.197916666666669827e-03
1.258333333333336995e-03
1.360416666666675782e-03
1.275000000000003561e-03
1.216666666666668412e-03
1.308333333333339078e-03
1.256250000000004325e-03
1.260416666666672484e-03
1.318750000000005898e-03
1.356250000000006105e-03
1.356250000000006539e-03
1.345833333333339718e-03
1.189583333333336110e-03
1.247916666666671693e-03
1.433333333333343743e-03
1.183333333333336148e-03
1.233333333333336279e-03
1.289583333333340059e-03
1.239583333333337542e-03
1.389583333333340755e-03
1.343750000000006398e-03
1.316666666666671710e-03
1.285416666666671466e-03
1.260416666666671617e-03
1.308333333333338861e-03
1.370833333333339567e-03
1.422916666666675404e-03
1.293750000000003881e-03
1.185416666666669686e-03
1.320833333333339870e-03
1.339583333333338672e-03
1.252083333333338334e-03
1.347916666666674991e-03
1.327083333333338314e-03
1.345833333333339068e-03
1.354166666666671700e-03
1.331250000000007557e-03
1.289583333333338975e-03
1.214583333333336826e-03
1.300000000000005361e-03
1.279166666666672588e-03
1.356250000000008274e-03
1.216666666666669713e-03
1.360416666666675132e-03
1.297916666666672691e-03
1.289583333333338541e-03
1.254166666666670571e-03
1.293750000000005182e-03
1.325000000000005644e-03
1.295833333333337853e-03
1.310416666666673483e-03
1.239583333333336892e-03
1.225000000000004731e-03
1.285416666666670815e-03
1.331250000000006040e-03
1.214583333333336826e-03
1.275000000000005079e-03
1.216666666666670147e-03
1.352083333333339681e-03
1.397916666666675122e-03
1.231250000000004259e-03
1.241666666666670213e-03
1.250000000000003279e-03
1.270833333333337570e-03
1.389583333333342273e-03
1.275000000000003995e-03
1.308333333333338861e-03
1.450000000000009441e-03
1.316666666666672144e-03
1.306250000000005540e-03
1.356250000000007623e-03
1.379166666666674802e-03
1.258333333333338296e-03
1.252083333333337467e-03
1.318750000000004814e-03
1.331250000000005823e-03
1.337500000000007303e-03
1.345833333333338634e-03
1.320833333333339653e-03
1.312500000000006153e-03
1.270833333333339305e-03
1.252083333333337467e-03
1.333333333333339577e-03
1.318750000000006115e-03
1.252083333333337467e-03
1.420833333333342951e-03
1.272916666666672409e-03
1.314583333333338606e-03
1.316666666666671927e-03
1.281250000000004824e-03
1.391666666666674726e-03
1.350000000000007010e-03
1.285416666666670598e-03
1.391666666666673425e-03
1.281250000000004824e-03
1.420833333333340999e-03
1.306250000000004673e-03
1.312500000000004852e-03
1.250000000000003929e-03
1.333333333333340011e-03
1.197916666666670694e-03
1.402083333333341980e-03
1.270833333333338004e-03
1.287500000000005437e-03
1.241666666666670646e-03
1.329166666666671635e-03
1.325000000000005644e-03
1.368750000000007764e-03
1.379166666666673284e-03
1.275000000000003344e-03
1.329166666666671635e-03
1.281250000000006125e-03
1.314583333333340124e-03
1.318750000000004597e-03
1.441666666666675074e-03
1.420833333333341650e-03
1.343750000000006181e-03
1.310416666666672615e-03
1.229166666666670722e-03
1.285416666666671466e-03
1.302083333333338682e-03
1.325000000000006511e-03
1.297916666666672908e-03
1.258333333333336562e-03
1.360416666666674481e-03
1.327083333333340049e-03
1.385416666666674113e-03
1.356250000000006105e-03
1.281250000000005258e-03
1.312500000000005069e-03
1.256250000000004542e-03
1.202083333333335818e-03
1.302083333333338682e-03
1.237500000000003788e-03
1.204166666666669572e-03
1.252083333333338117e-03
1.362500000000006501e-03
1.308333333333337560e-03
1.389583333333341405e-03
1.408333333333340424e-03
1.331250000000007124e-03
1.343750000000008566e-03
1.310416666666672182e-03
1.302083333333339116e-03
1.289583333333340276e-03
1.445833333333343450e-03
1.302083333333339116e-03
1.318750000000004597e-03
1.318750000000005898e-03
1.393750000000007179e-03
1.258333333333337429e-03
1.345833333333340152e-03
1.364583333333342207e-03
1.379166666666673284e-03
1.262500000000004504e-03
1.277083333333339050e-03
1.420833333333342084e-03
1.262500000000004938e-03
1.347916666666673256e-03
1.293750000000005399e-03
1.335416666666673332e-03
1.350000000000007661e-03
1.414583333333342338e-03
1.287500000000005220e-03
1.252083333333337250e-03
1.333333333333339360e-03
1.235416666666671985e-03
1.343750000000005747e-03
1.345833333333339718e-03
1.206250000000002893e-03
1.347916666666673039e-03
1.268750000000004900e-03
1.220833333333337439e-03
1.252083333333337900e-03
1.327083333333340266e-03
1.272916666666671758e-03
1.293750000000004965e-03
1.320833333333339219e-03
1.335416666666672898e-03
1.327083333333340482e-03
1.302083333333339333e-03
1.260416666666671183e-03
1.250000000000004363e-03
1.377083333333340830e-03
1.266666666666672663e-03
1.316666666666673228e-03
1.414583333333340820e-03
1.254166666666670354e-03
1.262500000000003420e-03
1.281250000000005908e-03
1.291666666666672295e-03
1.337500000000006652e-03
1.343750000000005313e-03
1.283333333333337711e-03
1.422916666666675838e-03
1.408333333333342376e-03
1.308333333333337994e-03
1.302083333333339116e-03
1.304166666666672220e-03
1.252083333333337033e-03
1.247916666666670392e-03
1.339583333333339973e-03
1.333333333333339794e-03
1.291666666666672512e-03
1.283333333333337278e-03
1.318750000000005465e-03
1.397916666666672953e-03
1.322916666666671889e-03
1.289583333333340059e-03
1.220833333333336138e-03
1.325000000000006077e-03
1.350000000000008528e-03
1.260416666666671400e-03
1.383333333333340142e-03
1.316666666666672144e-03
1.270833333333337570e-03
1.318750000000007633e-03
1.256250000000005192e-03
1.295833333333338286e-03
1.220833333333336788e-03
1.337500000000006435e-03
1.341666666666673727e-03
1.310416666666672182e-03
1.327083333333338748e-03
1.354166666666672784e-03
1.275000000000006380e-03
1.247916666666671909e-03
1.222916666666668808e-03
1.281250000000003957e-03
1.247916666666669958e-03
1.222916666666670109e-03
1.256250000000004325e-03
1.143750000000001319e-03
1.135416666666667603e-03
1.218750000000003468e-03
1.112500000000000207e-03
1.118750000000000820e-03
1.120833333333333707e-03
1.031249999999998531e-03
1.104166666666667358e-03
1.006249999999997381e-03
1.016666666666664635e-03
9.833333333333306361e-04
1.062500000000000076e-03
9.958333333333307773e-04
1.049999999999999068e-03
1.020833333333331277e-03
9.895833333333305983e-04
1.002083333333330739e-03
9.416666666666642215e-04
9.895833333333305983e-04
1.045833333333331993e-03
1.024999999999998135e-03
1.014583333333331098e-03
1.043749999999999106e-03
9.958333333333305604e-04
1.027083333333331889e-03
9.145833333333309436e-04
9.541666666666641459e-04
1.039583333333332247e-03
9.874999999999972775e-04
9.187499999999975851e-04
9.833333333333306361e-04
1.091666666666667434e-03
1.002083333333330739e-03
9.874999999999972775e-04
9.666666666666640702e-04
9.770833333333306739e-04
9.583333333333308958e-04
9.999999999999974187e-04
1.004166666666664060e-03
9.499999999999976128e-04
1.002083333333330739e-03
9.333333333333309386e-04
9.854166666666641736e-04
1.054166666666665492e-03
1.008333333333330918e-03
1.066666666666666718e-03
1.081250000000000397e-03
9.833333333333306361e-04
9.708333333333308201e-04
1.054166666666665059e-03
1.068749999999999388e-03
9.812499999999973153e-04
9.770833333333308907e-04
9.770833333333306739e-04
1.064583333333333397e-03
1.070833333333333359e-03
1.024999999999997918e-03
1.029166666666664343e-03
1.070833333333332926e-03
1.014583333333330881e-03
1.039583333333331814e-03
1.008333333333331135e-03
1.060416666666665888e-03
1.064583333333333180e-03
1.029166666666664343e-03
1.024999999999998135e-03
1.058333333333332784e-03
1.018749999999998173e-03
9.687499999999976078e-04
1.027083333333331889e-03
1.035416666666665172e-03
1.033333333333331851e-03
1.008333333333330918e-03
1.102083333333334254e-03
1.100000000000000283e-03
1.020833333333331060e-03
9.624999999999974288e-04
1.066666666666666067e-03
1.074999999999999133e-03
1.022916666666664597e-03
1.077083333333332671e-03
1.039583333333331814e-03
1.010416666666664456e-03
1.041666666666665568e-03
1.008333333333330918e-03
9.729166666666641409e-04
1.029166666666664993e-03
1.058333333333332784e-03
9.937499999999974565e-04
1.041666666666664701e-03
1.064583333333332096e-03
1.085416666666666171e-03
9.749999999999974616e-04
1.012499999999997777e-03
1.062499999999999209e-03
9.999999999999974187e-04
1.035416666666664738e-03
1.045833333333332426e-03
9.958333333333307773e-04
9.958333333333307773e-04
1.008333333333331135e-03
9.874999999999974944e-04
1.002083333333330956e-03
1.049999999999998851e-03
9.958333333333305604e-04
1.062499999999999426e-03
1.020833333333331493e-03
1.122916666666667895e-03
1.097916666666666962e-03
1.020833333333331493e-03
1.027083333333331456e-03
1.060416666666665238e-03
1.012499999999997777e-03
1.083333333333333284e-03
1.133333333333335800e-03
1.060416666666665671e-03
1.018749999999997956e-03
1.027083333333331672e-03
1.110416666666666670e-03
1.041666666666665351e-03
1.052083333333332605e-03
1.035416666666665389e-03
1.041666666666665134e-03
1.029166666666664993e-03
1.049999999999998417e-03
9.833333333333308529e-04
1.075000000000000001e-03
1.062499999999999859e-03
1.014583333333330664e-03
1.035416666666665389e-03
1.020833333333331493e-03
1.008333333333330702e-03
1.100000000000000500e-03
1.083333333333333067e-03
1.141666666666667565e-03
1.064583333333332530e-03
1.008333333333330918e-03
9.687499999999974994e-04
1.012499999999997777e-03
1.045833333333332426e-03
1.045833333333332209e-03
1.154166666666668140e-03
1.010416666666664456e-03
1.077083333333332454e-03
1.072916666666666029e-03
9.541666666666642543e-04
1.116666666666667933e-03
1.074999999999999784e-03
9.562499999999973582e-04
1.127083333333333669e-03
1.097916666666667396e-03
1.068749999999998954e-03
9.958333333333305604e-04
1.068749999999999605e-03
1.068749999999998954e-03
1.077083333333332888e-03
1.089583333333333896e-03
9.979166666666638812e-04
1.033333333333331635e-03
1.022916666666664814e-03
1.095833333333333642e-03
1.054166666666665709e-03
1.029166666666664776e-03
9.979166666666640980e-04
1.056249999999999680e-03
1.027083333333331672e-03
1.081250000000000180e-03
1.089583333333332595e-03
1.070833333333334010e-03
9.958333333333307773e-04
1.083333333333333067e-03
9.937499999999974565e-04
1.172916666666668894e-03
1.066666666666666284e-03
1.056249999999999247e-03
1.056249999999999464e-03
1.095833333333333208e-03
1.087499999999999925e-03
1.139583333333334461e-03
1.237500000000004872e-03
1.131250000000002479e-03
1.081249999999999746e-03
1.066666666666665200e-03
1.074999999999999133e-03
1.214583333333336176e-03
1.145833333333335074e-03
1.129166666666667424e-03
1.125000000000002083e-03
1.160416666666668102e-03
1.116666666666667283e-03
1.029166666666664993e-03
1.079166666666666859e-03
1.020833333333331277e-03
1.089583333333333246e-03
1.187500000000002573e-03
1.081249999999998879e-03
1.108333333333334000e-03
1.097916666666666962e-03
1.116666666666666849e-03
1.072916666666666246e-03
1.070833333333333142e-03
1.185416666666670770e-03
1.060416666666665455e-03
1.072916666666666246e-03
1.114583333333333528e-03
1.162500000000001857e-03
1.168750000000002252e-03
1.137500000000001357e-03
1.066666666666665850e-03
9.958333333333307773e-04
1.162500000000002290e-03
1.108333333333333783e-03
1.114583333333333095e-03
1.095833333333333425e-03
1.110416666666667971e-03
1.085416666666666604e-03
1.095833333333334075e-03
1.083333333333332850e-03
1.041666666666665351e-03
1.108333333333335084e-03
1.237500000000002921e-03
1.106250000000000245e-03
1.106250000000000462e-03
1.129166666666667641e-03
1.122916666666667028e-03
1.085416666666666387e-03
1.120833333333334141e-03
1.106250000000000896e-03
1.041666666666664917e-03
1.135416666666668037e-03
1.068749999999998954e-03
1.047916666666665530e-03
1.127083333333333669e-03
1.152083333333335470e-03
1.143750000000001103e-03
1.114583333333334179e-03
1.102083333333333387e-03
1.085416666666667038e-03
1.085416666666666387e-03
1.060416666666666756e-03
1.091666666666666783e-03
1.087500000000000142e-03
1.089583333333333029e-03
1.122916666666667028e-03
1.079166666666666642e-03
1.210416666666670835e-03
1.116666666666667716e-03
1.093750000000000104e-03
1.112499999999999991e-03
1.095833333333332991e-03
1.133333333333335366e-03
1.125000000000000349e-03
1.087500000000000576e-03
1.093749999999999454e-03
1.127083333333333886e-03
1.081249999999998662e-03
1.125000000000000349e-03
1.112499999999999991e-03
1.072916666666665813e-03
1.185416666666669902e-03
1.135416666666668470e-03
1.068749999999998954e-03
1.143750000000002620e-03
1.097916666666666962e-03
1.137499999999999839e-03
1.137500000000001791e-03
1.081249999999999312e-03
1.074999999999999350e-03
1.135416666666668687e-03
1.152083333333336337e-03
1.066666666666666501e-03
1.114583333333335046e-03
1.104166666666666708e-03
1.164583333333336478e-03
1.218750000000003251e-03
1.110416666666666887e-03
1.102083333333333387e-03
1.150000000000001065e-03
1.147916666666667961e-03
1.104166666666666491e-03
1.212500000000004590e-03
1.225000000000003430e-03
1.104166666666667141e-03
1.087499999999999925e-03
1.122916666666667028e-03
1.206250000000004194e-03
1.074999999999999567e-03
1.035416666666664955e-03
1.089583333333333029e-03
1.160416666666668102e-03
1.066666666666666067e-03
1.141666666666668216e-03
1.106250000000000028e-03
1.108333333333334650e-03
1.085416666666666387e-03
1.127083333333334103e-03
1.129166666666666990e-03
1.137500000000001140e-03
1.131250000000001829e-03
1.093750000000000538e-03
1.108333333333334000e-03
1.108333333333333566e-03
1.197916666666670260e-03
1.108333333333334867e-03
1.154166666666667706e-03
1.116666666666667283e-03
1.116666666666666632e-03
1.116666666666667283e-03
1.170833333333335139e-03
1.125000000000000782e-03
1.191666666666668997e-03
1.125000000000000782e-03
1.114583333333334179e-03
1.212500000000002638e-03
1.077083333333332671e-03
1.093750000000000538e-03
9.708333333333308201e-04
1.116666666666666198e-03
1.152083333333336337e-03
1.129166666666666990e-03
1.095833333333333858e-03
1.118750000000001037e-03
1.112500000000000424e-03
1.156250000000001677e-03
1.125000000000000782e-03
1.097916666666667179e-03
1.225000000000004297e-03
1.164583333333335828e-03
1.185416666666669686e-03
1.122916666666667245e-03
1.179166666666669290e-03
1.183333333333335497e-03
1.231250000000004693e-03
1.177083333333335969e-03
1.110416666666668405e-03
1.137500000000000056e-03
1.070833333333332709e-03
1.139583333333334461e-03
1.181250000000003044e-03
1.191666666666670081e-03
1.164583333333335828e-03
1.108333333333333783e-03
1.141666666666666915e-03
1.093749999999999670e-03
1.064583333333332963e-03
1.127083333333334970e-03
1.141666666666668216e-03
1.191666666666668780e-03
1.104166666666666925e-03
1.087499999999999925e-03
1.158333333333335649e-03
1.143750000000000669e-03
1.216666666666669063e-03
1.193750000000002968e-03
1.187500000000002139e-03
1.110416666666667537e-03
1.154166666666667056e-03
1.235416666666671335e-03
1.187500000000004307e-03
1.049999999999998634e-03
1.106250000000000245e-03
1.212500000000003506e-03
1.158333333333335649e-03
1.068749999999999822e-03
1.237500000000004222e-03
1.154166666666668790e-03
1.231250000000003609e-03
1.095833333333334075e-03
1.206250000000003543e-03
1.208333333333336647e-03
1.195833333333336072e-03
1.093749999999999670e-03
1.166666666666668715e-03
1.122916666666667462e-03
1.175000000000002431e-03
1.168750000000002686e-03
1.127083333333333886e-03
1.145833333333334423e-03
1.179166666666668639e-03
1.214583333333337043e-03
1.166666666666668715e-03
1.118750000000000603e-03
1.133333333333333848e-03
1.204166666666670223e-03
1.216666666666670364e-03
1.172916666666668460e-03
1.195833333333336723e-03
1.137500000000001140e-03
1.133333333333334716e-03
1.083333333333332850e-03
1.239583333333337759e-03
1.193750000000002968e-03
1.218750000000003901e-03
1.179166666666669507e-03
1.250000000000005230e-03
1.108333333333333566e-03
1.208333333333336647e-03
1.141666666666669300e-03
1.237500000000002487e-03
1.127083333333334970e-03
1.158333333333335432e-03
1.247916666666671042e-03
1.160416666666667885e-03
1.193750000000002535e-03
1.154166666666668574e-03
1.187500000000003006e-03
1.147916666666668611e-03
1.243750000000004834e-03
1.158333333333335215e-03
1.104166666666666274e-03
1.206250000000001375e-03
1.120833333333335008e-03
1.131250000000000094e-03
1.177083333333335318e-03
1.218750000000002384e-03
1.052083333333332172e-03
1.220833333333337005e-03
1.181250000000002394e-03
1.125000000000000782e-03
1.241666666666670429e-03
1.200000000000003581e-03
1.177083333333335969e-03
1.193750000000004053e-03
1.241666666666671080e-03
1.135416666666668037e-03
1.079166666666666208e-03
1.195833333333336506e-03
1.043749999999998672e-03
1.281250000000005692e-03
1.108333333333334217e-03
1.083333333333332633e-03
1.077083333333332671e-03
1.193750000000002535e-03
1.156250000000001461e-03
1.233333333333338014e-03
1.179166666666668205e-03
1.181250000000001526e-03
1.150000000000001282e-03
1.158333333333336299e-03
1.127083333333334103e-03
1.189583333333335676e-03
1.166666666666666763e-03
1.043749999999999106e-03
1.250000000000003712e-03
1.137500000000001574e-03
1.268750000000004466e-03
1.085416666666666387e-03
1.266666666666670061e-03
1.258333333333340031e-03
1.204166666666669572e-03
1.200000000000001413e-03
1.116666666666667716e-03
1.222916666666669242e-03
1.233333333333336930e-03
1.295833333333338937e-03
1.160416666666668102e-03
1.166666666666669582e-03
1.158333333333334565e-03
1.179166666666668639e-03
1.197916666666669176e-03
1.162500000000000989e-03
1.189583333333335676e-03
1.239583333333336892e-03
1.208333333333337081e-03
1.250000000000005013e-03
1.206250000000003327e-03
1.233333333333337363e-03
1.122916666666667678e-03
1.091666666666665916e-03
1.208333333333337081e-03
1.212500000000003722e-03
1.179166666666668422e-03
1.164583333333336045e-03
1.231250000000004259e-03
1.256250000000003674e-03
1.204166666666670873e-03
1.237500000000003571e-03
1.200000000000001846e-03
1.227083333333336317e-03
1.287500000000004570e-03
1.168750000000002686e-03
1.252083333333337250e-03
1.218750000000004335e-03
1.227083333333337618e-03
1.233333333333336713e-03
1.160416666666668753e-03
1.181250000000002177e-03
1.277083333333339267e-03
1.143750000000001753e-03
1.214583333333336826e-03
1.197916666666669393e-03
