4.833333333333323062e-04
7.166666666666648240e-04
7.361111111111090424e-04
8.194444444444423051e-04
8.583333333333309587e-04
9.583333333333306789e-04
1.002777777777775180e-03
1.130555555555552401e-03
1.205555555555552164e-03
1.222222222222218730e-03
1.305555555555551776e-03
1.199999999999996425e-03
1.527777777777773304e-03
1.422222222222217954e-03
1.424999999999995931e-03
1.508333333333328977e-03
1.513888888888884499e-03
1.544444444444439870e-03
1.499999999999995478e-03
1.577777777777773218e-03
1.605555555555550828e-03
1.674999999999995069e-03
1.552777777777773153e-03
1.672222222222217308e-03
1.741666666666661549e-03
1.641666666666661938e-03
1.716666666666661701e-03
1.758333333333328115e-03
1.649999999999994787e-03
1.658333333333328503e-03
1.797222222222216769e-03
1.766666666666661398e-03
1.763888888888883637e-03
1.711111111111105962e-03
1.752777777777772593e-03
1.674999999999994852e-03
1.830555555555549900e-03
1.658333333333328503e-03
1.799999999999994747e-03
1.774999999999995115e-03
1.672222222222217308e-03
1.849999999999994444e-03
1.747222222222216854e-03
1.824999999999994378e-03
1.758333333333328332e-03
1.888888888888883531e-03
1.866666666666661227e-03
1.936111111111105251e-03
1.805555555555550052e-03
1.830555555555550117e-03
1.833333333333327661e-03
1.772222222222216920e-03
1.719444444444439245e-03
1.983333333333327404e-03
1.744444444444439093e-03
1.947222222222216295e-03
1.858333333333327944e-03
1.866666666666661010e-03
1.738888888888883788e-03
1.805555555555550269e-03
1.838888888888883400e-03
1.844444444444438922e-03
1.752777777777772376e-03
1.863888888888883466e-03
1.863888888888883683e-03
1.752777777777772376e-03
1.797222222222216769e-03
1.866666666666661227e-03
1.880555555555549815e-03
1.891666666666661075e-03
1.819444444444438857e-03
1.791666666666661247e-03
1.863888888888883466e-03
1.799999999999994530e-03
1.786111111111105942e-03
1.866666666666661010e-03
1.911111111111105402e-03
1.899999999999994358e-03
1.941666666666661207e-03
1.788888888888883703e-03
1.816666666666661312e-03
1.869444444444438771e-03
1.769444444444439376e-03
1.922222222222216446e-03
1.755555555555550137e-03
1.886111111111105553e-03
1.938888888888883012e-03
1.824999999999994378e-03
1.927777777777771968e-03
1.766666666666661181e-03
1.858333333333327944e-03
1.891666666666661075e-03
1.819444444444439073e-03
1.858333333333327944e-03
1.791666666666661464e-03
1.824999999999994378e-03
1.822222222222216834e-03
1.922222222222216229e-03
1.905555555555549880e-03
1.891666666666661075e-03
1.966666666666660838e-03
1.933333333333327707e-03
1.791666666666661247e-03
1.797222222222216986e-03
1.799999999999994530e-03
1.780555555555550420e-03
1.769444444444439376e-03
1.930555555555549512e-03
1.838888888888883400e-03
1.824999999999994812e-03
1.747222222222217288e-03
1.816666666666661096e-03
1.891666666666660859e-03
1.938888888888883012e-03
1.913888888888883163e-03
1.819444444444439073e-03
1.788888888888883703e-03
1.933333333333327490e-03
1.808333333333327813e-03
1.947222222222216729e-03
1.791666666666661247e-03
1.958333333333327556e-03
1.855555555555549749e-03
1.816666666666661096e-03
1.774999999999994681e-03
1.849999999999994227e-03
1.791666666666661247e-03
1.774999999999994681e-03
1.847222222222216466e-03
1.924999999999994207e-03
1.816666666666661096e-03
1.963888888888882644e-03
1.905555555555549880e-03
1.827777777777772356e-03
2.052777777777771862e-03
1.705555555555550440e-03
1.869444444444438771e-03
1.838888888888883183e-03
1.811111111111106007e-03
1.686111111111106113e-03
1.908333333333327424e-03
1.799999999999994530e-03
1.727777777777772528e-03
1.877777777777772271e-03
1.924999999999993990e-03
1.869444444444438988e-03
1.847222222222216683e-03
1.752777777777772593e-03
1.894444444444438836e-03
1.916666666666660924e-03
1.755555555555550354e-03
1.847222222222216683e-03
1.749999999999994832e-03
1.805555555555550052e-03
1.933333333333327490e-03
1.805555555555550052e-03
1.836111111111105422e-03
1.947222222222216512e-03
1.958333333333327556e-03
1.902777777777772119e-03
1.980555555555549643e-03
1.988888888888882926e-03
1.852777777777771988e-03
1.852777777777771988e-03
1.791666666666661247e-03
1.819444444444439073e-03
1.883333333333328009e-03
1.877777777777772054e-03
1.913888888888883163e-03
1.911111111111105402e-03
1.863888888888883466e-03
1.788888888888883486e-03
1.797222222222216769e-03
1.811111111111105790e-03
1.738888888888883572e-03
1.872222222222216749e-03
1.799999999999994747e-03
1.966666666666660838e-03
1.808333333333328029e-03
1.780555555555550420e-03
1.797222222222216769e-03
1.752777777777772593e-03
1.777777777777772659e-03
1.788888888888883703e-03
1.824999999999994595e-03
1.783333333333328181e-03
1.919444444444438685e-03
1.805555555555550269e-03
1.872222222222216749e-03
1.905555555555549880e-03
1.816666666666661312e-03
1.816666666666661312e-03
1.841666666666661161e-03
1.808333333333328029e-03
1.933333333333327273e-03
1.902777777777771902e-03
1.702777777777772896e-03
1.877777777777772271e-03
1.761111111111105659e-03
1.933333333333327273e-03
1.722222222222217223e-03
1.816666666666661096e-03
1.722222222222217006e-03
1.930555555555549729e-03
1.741666666666661549e-03
1.816666666666661312e-03
1.719444444444439462e-03
1.844444444444438705e-03
1.649999999999995004e-03
1.949999999999994273e-03
1.861111111111105488e-03
1.849999999999994444e-03
1.774999999999995115e-03
1.836111111111105639e-03
1.938888888888883229e-03
1.847222222222216466e-03
1.863888888888883466e-03
1.902777777777771902e-03
1.986111111111104732e-03
1.919444444444438468e-03
1.905555555555549663e-03
1.919444444444438685e-03
1.869444444444438988e-03
1.794444444444439008e-03
1.763888888888883637e-03
1.899999999999994358e-03
1.938888888888883229e-03
1.880555555555549815e-03
1.780555555555550203e-03
1.908333333333327424e-03
1.774999999999994898e-03
1.691666666666661852e-03
2.041666666666660818e-03
1.822222222222216834e-03
1.869444444444438988e-03
1.891666666666660859e-03
1.824999999999994595e-03
1.788888888888883486e-03
1.841666666666661161e-03
1.888888888888883314e-03
1.688888888888884091e-03
1.897222222222216597e-03
1.855555555555549749e-03
1.886111111111105553e-03
1.902777777777771902e-03
1.899999999999994141e-03
1.855555555555549966e-03
1.819444444444439073e-03
1.688888888888883657e-03
1.888888888888883098e-03
1.838888888888883183e-03
1.836111111111105422e-03
1.836111111111105856e-03
1.836111111111105422e-03
1.869444444444438988e-03
1.808333333333328029e-03
1.908333333333327424e-03
1.816666666666661312e-03
1.899999999999994358e-03
1.852777777777772205e-03
1.827777777777772356e-03
1.941666666666660773e-03
1.899999999999994141e-03
1.827777777777772356e-03
1.852777777777772205e-03
1.694444444444439613e-03
1.938888888888883012e-03
1.863888888888883249e-03
1.830555555555550117e-03
1.766666666666661398e-03
1.791666666666661680e-03
1.866666666666661010e-03
1.874999999999994510e-03
1.883333333333327576e-03
1.966666666666660838e-03
1.761111111111105876e-03
1.749999999999994832e-03
1.897222222222216597e-03
1.813888888888883335e-03
1.805555555555550052e-03
1.749999999999994832e-03
1.866666666666661227e-03
1.999999999999993970e-03
1.716666666666661701e-03
1.797222222222216986e-03
1.861111111111105705e-03
1.874999999999994293e-03
1.852777777777772205e-03
1.794444444444439225e-03
1.811111111111105790e-03
1.897222222222216164e-03
1.819444444444439073e-03
1.824999999999994378e-03
1.874999999999994293e-03
1.805555555555550052e-03
1.861111111111105922e-03
1.811111111111105790e-03
1.799999999999994747e-03
1.933333333333327490e-03
1.824999999999994812e-03
1.808333333333327813e-03
1.824999999999994378e-03
1.874999999999994726e-03
1.816666666666661096e-03
1.852777777777771988e-03
1.849999999999994227e-03
1.766666666666661398e-03
1.877777777777772271e-03
1.841666666666660944e-03
1.830555555555550117e-03
1.877777777777772271e-03
1.880555555555550032e-03
1.755555555555550137e-03
1.844444444444438705e-03
1.866666666666661227e-03
1.805555555555550269e-03
1.908333333333327424e-03
1.919444444444438685e-03
1.824999999999994595e-03
1.869444444444438988e-03
1.661111111111106048e-03
1.827777777777772139e-03
1.702777777777772679e-03
1.822222222222216834e-03
1.736111111111106027e-03
1.813888888888883551e-03
1.880555555555550032e-03
1.913888888888883163e-03
1.736111111111105811e-03
1.888888888888883098e-03
1.822222222222217051e-03
1.874999999999994510e-03
1.830555555555549900e-03
1.836111111111105422e-03
1.841666666666660944e-03
1.791666666666661464e-03
1.716666666666661701e-03
1.924999999999993990e-03
1.691666666666661635e-03
1.819444444444438857e-03
1.797222222222216986e-03
1.827777777777772573e-03
1.891666666666661075e-03
1.844444444444438922e-03
1.961111111111105317e-03
1.866666666666661010e-03
1.777777777777772442e-03
1.811111111111105790e-03
1.749999999999994832e-03
1.863888888888883683e-03
1.819444444444438857e-03
1.844444444444438922e-03
1.791666666666661247e-03
1.827777777777772139e-03
1.783333333333328181e-03
1.880555555555550032e-03
1.883333333333327793e-03
1.908333333333327641e-03
1.819444444444439073e-03
1.730555555555550289e-03
1.866666666666661444e-03
1.897222222222216597e-03
2.055555555555549623e-03
1.880555555555550032e-03
1.816666666666661312e-03
1.983333333333327404e-03
1.874999999999994726e-03
1.844444444444438705e-03
1.838888888888883400e-03
1.847222222222216683e-03
1.930555555555549512e-03
1.794444444444439008e-03
1.844444444444438705e-03
1.863888888888883249e-03
1.761111111111105876e-03
1.874999999999994293e-03
1.819444444444439073e-03
1.838888888888883183e-03
1.827777777777772573e-03
1.811111111111105574e-03
1.827777777777772356e-03
1.899999999999994141e-03
1.802777777777772291e-03
1.838888888888883183e-03
1.866666666666661227e-03
1.877777777777772271e-03
2.052777777777771862e-03
1.758333333333328115e-03
1.747222222222217071e-03
1.891666666666660642e-03
1.699999999999995135e-03
1.863888888888883466e-03
1.877777777777772271e-03
1.827777777777772139e-03
1.797222222222216769e-03
1.783333333333327964e-03
1.816666666666661096e-03
1.766666666666661181e-03
1.936111111111104817e-03
1.855555555555549966e-03
1.902777777777772119e-03
1.888888888888883531e-03
1.824999999999994595e-03
1.719444444444439245e-03
1.836111111111105639e-03
1.924999999999994207e-03
1.652777777777772765e-03
1.827777777777772139e-03
1.727777777777772961e-03
1.802777777777772508e-03
1.763888888888883420e-03
1.913888888888883163e-03
1.838888888888883183e-03
1.947222222222216512e-03
1.886111111111105337e-03
1.911111111111105185e-03
1.908333333333327424e-03
1.916666666666660924e-03
1.805555555555550485e-03
1.791666666666661247e-03
1.911111111111105402e-03
1.749999999999994832e-03
1.908333333333327641e-03
1.813888888888883551e-03
1.824999999999994595e-03
1.797222222222216769e-03
1.813888888888883551e-03
1.772222222222216920e-03
1.847222222222216683e-03
1.894444444444438620e-03
1.958333333333327556e-03
1.752777777777772593e-03
1.886111111111105337e-03
1.880555555555550032e-03
1.711111111111106179e-03
1.719444444444439462e-03
1.894444444444438836e-03
1.847222222222216683e-03
1.944444444444438751e-03
1.866666666666661227e-03
1.911111111111105402e-03
1.830555555555550117e-03
1.858333333333328161e-03
1.749999999999994615e-03
1.752777777777772593e-03
1.899999999999994141e-03
1.705555555555550440e-03
1.933333333333327490e-03
1.905555555555549663e-03
1.902777777777771902e-03
1.899999999999994358e-03
1.747222222222217071e-03
1.783333333333327964e-03
1.930555555555549729e-03
1.797222222222216986e-03
1.719444444444439245e-03
1.722222222222217006e-03
1.822222222222216617e-03
1.952777777777771817e-03
1.844444444444438705e-03
1.783333333333327964e-03
1.908333333333327641e-03
1.841666666666661161e-03
1.886111111111105553e-03
1.936111111111105251e-03
1.844444444444438922e-03
1.836111111111105639e-03
1.769444444444439376e-03
1.849999999999994227e-03
1.772222222222216920e-03
1.763888888888883420e-03
1.866666666666661227e-03
1.922222222222216446e-03
1.622222222222217394e-03
1.858333333333327944e-03
1.908333333333327641e-03
1.899999999999994141e-03
1.808333333333328029e-03
1.899999999999994358e-03
1.747222222222217071e-03
1.874999999999994510e-03
1.930555555555549729e-03
1.911111111111105185e-03
1.713888888888883723e-03
1.847222222222216683e-03
1.799999999999994747e-03
1.761111111111105876e-03
1.805555555555550485e-03
1.961111111111105317e-03
1.930555555555549946e-03
1.749999999999994832e-03
1.866666666666661227e-03
1.822222222222216834e-03
1.980555555555549643e-03
1.852777777777771988e-03
1.824999999999994595e-03
1.791666666666661464e-03
1.880555555555550248e-03
1.941666666666661207e-03
1.772222222222217137e-03
1.813888888888883551e-03
1.747222222222216854e-03
1.847222222222216900e-03
1.858333333333327727e-03
1.930555555555549512e-03
1.911111111111105185e-03
1.811111111111106007e-03
1.724999999999994984e-03
1.797222222222216986e-03
1.849999999999994227e-03
1.872222222222216749e-03
1.772222222222217137e-03
1.830555555555549900e-03
1.952777777777772034e-03
1.752777777777772376e-03
1.836111111111105639e-03
1.758333333333328115e-03
1.788888888888883703e-03
1.930555555555549729e-03
1.955555555555549795e-03
1.966666666666660405e-03
1.772222222222216920e-03
1.774999999999994464e-03
1.677777777777772830e-03
1.866666666666661227e-03
1.661111111111106264e-03
1.783333333333328181e-03
1.872222222222216532e-03
1.894444444444438836e-03
1.813888888888883551e-03
1.830555555555550117e-03
1.811111111111106007e-03
1.819444444444439073e-03
1.911111111111105402e-03
1.974999999999994121e-03
1.877777777777772487e-03
1.852777777777771988e-03
1.877777777777772271e-03
1.844444444444438922e-03
1.891666666666660859e-03
1.913888888888883163e-03
1.858333333333328161e-03
1.780555555555550203e-03
1.944444444444438751e-03
1.836111111111105639e-03
1.877777777777772271e-03
1.816666666666661312e-03
1.805555555555550269e-03
1.974999999999994121e-03
2.047222222222216340e-03
1.827777777777772356e-03
1.983333333333327404e-03
1.888888888888883314e-03
1.788888888888883703e-03
1.891666666666661075e-03
1.966666666666660838e-03
1.858333333333327727e-03
1.847222222222216683e-03
1.794444444444439008e-03
1.897222222222216597e-03
1.763888888888883203e-03
1.866666666666661227e-03
1.822222222222216834e-03
1.741666666666661549e-03
1.755555555555550354e-03
1.913888888888883163e-03
1.836111111111105639e-03
1.833333333333327878e-03
1.927777777777771968e-03
1.799999999999994747e-03
1.922222222222216446e-03
1.847222222222216683e-03
1.783333333333327964e-03
1.758333333333327898e-03
1.836111111111105856e-03
1.680555555555550591e-03
1.844444444444438922e-03
1.838888888888883183e-03
1.980555555555549643e-03
1.899999999999994358e-03
1.899999999999994358e-03
1.872222222222216749e-03
1.788888888888883486e-03
1.752777777777772376e-03
1.836111111111105422e-03
1.922222222222216446e-03
1.747222222222217071e-03
1.899999999999994358e-03
1.908333333333327424e-03
1.855555555555549749e-03
1.888888888888883314e-03
1.816666666666661096e-03
1.908333333333327858e-03
1.841666666666661161e-03
1.991666666666660687e-03
1.880555555555550032e-03
1.913888888888882946e-03
1.788888888888883703e-03
1.974999999999994121e-03
1.777777777777772659e-03
1.777777777777772442e-03
1.830555555555550117e-03
1.744444444444439310e-03
1.966666666666660838e-03
1.874999999999994510e-03
1.805555555555550269e-03
1.783333333333328181e-03
1.747222222222216854e-03
2.033333333333327535e-03
1.783333333333328181e-03
1.786111111111105942e-03
1.916666666666660924e-03
1.833333333333327878e-03
1.838888888888883400e-03
1.802777777777772508e-03
1.955555555555549795e-03
1.847222222222216683e-03
1.830555555555550117e-03
1.827777777777772139e-03
1.786111111111105942e-03
1.916666666666660924e-03
1.822222222222217051e-03
1.936111111111105034e-03
1.769444444444438942e-03
1.761111111111105659e-03
1.894444444444438836e-03
1.788888888888883703e-03
1.922222222222216446e-03
1.794444444444439225e-03
1.733333333333328266e-03
1.799999999999994530e-03
1.872222222222216532e-03
1.791666666666661247e-03
1.708333333333328201e-03
1.761111111111105876e-03
1.866666666666661010e-03
1.827777777777772139e-03
1.722222222222217223e-03
1.852777777777771988e-03
1.855555555555549966e-03
1.947222222222216295e-03
1.730555555555550505e-03
1.902777777777771902e-03
1.922222222222216446e-03
1.705555555555550440e-03
1.849999999999994227e-03
1.730555555555550505e-03
1.813888888888883768e-03
1.813888888888883335e-03
1.980555555555549643e-03
1.838888888888883183e-03
1.811111111111105790e-03
1.952777777777772034e-03
1.830555555555550117e-03
1.847222222222216683e-03
1.944444444444438751e-03
1.888888888888883098e-03
1.769444444444438942e-03
1.802777777777772291e-03
1.686111111111106113e-03
1.819444444444438857e-03
1.863888888888883683e-03
1.830555555555549900e-03
1.824999999999994595e-03
1.724999999999994767e-03
1.869444444444438771e-03
1.874999999999994293e-03
1.736111111111106027e-03
1.824999999999994378e-03
1.894444444444438836e-03
1.897222222222216814e-03
1.911111111111105402e-03
1.961111111111105317e-03
1.949999999999994273e-03
1.824999999999994595e-03
1.847222222222216683e-03
1.847222222222216683e-03
1.886111111111105553e-03
1.811111111111105790e-03
1.869444444444439205e-03
1.888888888888883314e-03
1.683333333333328569e-03
1.963888888888883077e-03
1.855555555555549966e-03
1.883333333333327793e-03
1.866666666666661010e-03
1.847222222222216466e-03
1.916666666666660707e-03
1.961111111111105317e-03
1.794444444444439225e-03
1.924999999999993990e-03
1.816666666666661312e-03
1.922222222222216446e-03
1.947222222222216512e-03
1.727777777777772744e-03
1.822222222222216617e-03
1.794444444444439008e-03
1.708333333333328418e-03
1.913888888888883163e-03
1.816666666666661312e-03
1.958333333333327122e-03
1.927777777777771751e-03
1.869444444444439205e-03
1.777777777777772442e-03
1.813888888888883335e-03
1.808333333333328029e-03
1.855555555555549749e-03
1.833333333333328095e-03
1.999999999999993970e-03
1.766666666666661398e-03
1.719444444444439462e-03
1.866666666666661010e-03
1.824999999999994595e-03
1.772222222222217137e-03
1.794444444444439225e-03
1.813888888888883335e-03
1.891666666666660859e-03
1.883333333333327576e-03
1.894444444444438836e-03
1.763888888888883420e-03
1.838888888888883400e-03
1.797222222222216769e-03
1.936111111111105251e-03
1.927777777777771968e-03
1.897222222222216597e-03
1.883333333333327576e-03
1.863888888888883466e-03
1.916666666666660924e-03
1.786111111111105942e-03
1.883333333333327576e-03
1.674999999999994852e-03
1.855555555555549749e-03
1.783333333333327964e-03
1.961111111111105317e-03
1.897222222222216381e-03
1.952777777777772034e-03
1.733333333333328050e-03
1.866666666666661227e-03
1.847222222222216683e-03
1.783333333333328181e-03
1.738888888888883788e-03
1.919444444444438685e-03
1.788888888888883703e-03
1.824999999999994378e-03
1.788888888888883703e-03
1.936111111111105251e-03
1.874999999999994510e-03
1.788888888888883486e-03
1.777777777777772659e-03
1.741666666666661766e-03
1.888888888888883314e-03
1.774999999999994681e-03
1.858333333333327727e-03
1.999999999999993970e-03
1.886111111111105553e-03
1.780555555555550203e-03
1.811111111111105574e-03
1.797222222222216986e-03
1.861111111111105705e-03
1.883333333333327793e-03
1.808333333333328246e-03
1.802777777777772291e-03
1.924999999999993990e-03
2.019444444444438731e-03
2.088888888888882755e-03
1.841666666666661161e-03
1.761111111111105659e-03
1.897222222222216597e-03
1.886111111111105553e-03
1.774999999999994898e-03
1.788888888888883920e-03
1.763888888888883637e-03
1.744444444444439093e-03
1.827777777777772139e-03
1.727777777777772744e-03
1.736111111111106027e-03
2.016666666666660970e-03
1.777777777777772659e-03
1.769444444444438942e-03
1.786111111111105942e-03
1.719444444444439245e-03
1.877777777777772271e-03
1.902777777777771902e-03
1.852777777777772205e-03
1.869444444444438988e-03
1.908333333333327641e-03
1.805555555555550269e-03
1.858333333333327944e-03
1.838888888888883183e-03
1.927777777777771968e-03
1.844444444444438705e-03
1.827777777777772573e-03
1.841666666666660944e-03
1.805555555555550052e-03
1.749999999999994832e-03
1.883333333333327793e-03
1.777777777777772442e-03
1.783333333333327964e-03
1.863888888888883466e-03
1.833333333333327661e-03
1.847222222222216683e-03
1.944444444444438751e-03
1.963888888888883077e-03
1.783333333333328181e-03
1.811111111111105790e-03
1.766666666666661398e-03
1.794444444444439225e-03
1.858333333333327727e-03
1.930555555555549512e-03
1.824999999999994378e-03
1.974999999999993688e-03
1.758333333333328115e-03
1.891666666666661075e-03
1.991666666666660687e-03
1.788888888888883703e-03
1.761111111111105876e-03
1.697222222222217157e-03
1.805555555555550269e-03
1.899999999999994141e-03
1.913888888888883163e-03
1.669444444444439547e-03
1.933333333333327490e-03
1.902777777777772119e-03
1.833333333333327878e-03
1.863888888888883466e-03
1.733333333333328266e-03
1.702777777777772679e-03
1.844444444444438922e-03
1.799999999999994747e-03
1.869444444444438771e-03
1.941666666666660773e-03
1.788888888888883486e-03
1.872222222222216749e-03
1.944444444444438751e-03
1.869444444444438988e-03
1.788888888888883486e-03
1.802777777777772291e-03
1.819444444444438857e-03
1.844444444444438922e-03
1.799999999999994530e-03
1.702777777777772896e-03
1.752777777777772593e-03
1.933333333333327490e-03
1.855555555555549749e-03
1.819444444444439073e-03
1.869444444444438988e-03
1.880555555555550032e-03
1.863888888888883466e-03
1.883333333333327793e-03
1.791666666666661464e-03
1.727777777777772528e-03
1.877777777777772054e-03
1.822222222222217051e-03
1.966666666666660838e-03
1.841666666666661161e-03
1.827777777777772139e-03
1.955555555555549361e-03
1.766666666666661181e-03
1.983333333333327404e-03
1.872222222222216749e-03
1.874999999999994510e-03
1.886111111111105553e-03
1.813888888888883551e-03
1.741666666666661333e-03
1.847222222222216466e-03
1.936111111111105251e-03
1.788888888888883486e-03
1.738888888888883788e-03
1.924999999999994207e-03
1.922222222222216229e-03
1.858333333333327944e-03
1.924999999999994207e-03
1.822222222222216834e-03
1.819444444444439073e-03
1.816666666666661312e-03
1.847222222222216466e-03
1.824999999999994595e-03
1.813888888888883768e-03
1.741666666666661333e-03
1.927777777777771751e-03
1.733333333333328266e-03
1.941666666666660556e-03
1.833333333333328095e-03
1.858333333333327944e-03
1.877777777777772271e-03
1.838888888888883183e-03
1.852777777777772205e-03
1.786111111111105942e-03
1.836111111111105639e-03
1.866666666666661227e-03
1.774999999999994681e-03
1.649999999999995220e-03
1.794444444444439225e-03
1.869444444444438988e-03
1.813888888888883551e-03
2.008333333333327687e-03
1.802777777777772508e-03
1.874999999999994510e-03
1.877777777777772054e-03
1.888888888888883314e-03
1.802777777777772508e-03
1.722222222222217223e-03
1.886111111111105553e-03
1.833333333333327661e-03
1.908333333333327641e-03
1.774999999999994898e-03
1.897222222222216381e-03
1.902777777777772119e-03
1.877777777777772487e-03
1.788888888888883703e-03
1.969444444444438599e-03
1.683333333333328569e-03
1.736111111111105811e-03
1.847222222222216683e-03
1.819444444444438857e-03
1.894444444444438836e-03
2.038888888888882624e-03
1.763888888888883420e-03
1.880555555555550032e-03
1.791666666666661680e-03
1.941666666666660773e-03
1.833333333333327661e-03
1.791666666666661464e-03
1.758333333333327898e-03
1.802777777777772508e-03
1.852777777777771771e-03
1.969444444444438599e-03
1.766666666666661398e-03
1.816666666666661312e-03
1.847222222222216466e-03
1.774999999999994898e-03
1.894444444444438836e-03
1.822222222222216834e-03
1.794444444444439225e-03
1.749999999999994832e-03
1.758333333333328115e-03
1.877777777777772054e-03
1.797222222222216986e-03
1.786111111111105725e-03
1.799999999999994747e-03
1.824999999999994378e-03
1.905555555555549880e-03
1.894444444444439053e-03
1.847222222222216683e-03
1.897222222222216381e-03
2.005555555555549926e-03
1.686111111111106113e-03
1.855555555555549966e-03
1.813888888888883551e-03
1.888888888888883314e-03
1.741666666666661333e-03
1.958333333333327122e-03
1.802777777777772508e-03
1.816666666666661312e-03
1.966666666666660838e-03
1.819444444444438857e-03
1.822222222222216834e-03
1.761111111111105659e-03
1.841666666666660944e-03
1.852777777777771988e-03
1.891666666666661292e-03
1.924999999999994207e-03
1.927777777777771968e-03
1.888888888888883314e-03
1.811111111111105790e-03
1.752777777777772376e-03
1.894444444444438836e-03
1.808333333333328246e-03
1.919444444444438468e-03
1.788888888888883703e-03
1.852777777777771988e-03
1.933333333333327490e-03
1.813888888888883551e-03
1.938888888888883012e-03
1.833333333333327445e-03
1.783333333333328181e-03
1.833333333333327661e-03
1.899999999999994358e-03
1.844444444444438705e-03
1.830555555555550334e-03
1.788888888888883703e-03
1.830555555555549900e-03
1.913888888888883163e-03
1.816666666666661312e-03
1.794444444444439225e-03
1.797222222222216769e-03
1.838888888888883400e-03
1.783333333333328181e-03
1.938888888888883012e-03
1.958333333333327556e-03
1.894444444444438836e-03
1.866666666666661010e-03
1.849999999999994661e-03
1.774999999999994898e-03
1.874999999999994293e-03
1.841666666666661161e-03
1.774999999999994681e-03
1.863888888888883249e-03
1.769444444444439376e-03
1.838888888888883183e-03
1.863888888888883249e-03
2.191666666666660344e-03
2.436111111111103743e-03
2.602777777777770269e-03
3.030555555555546326e-03
3.174999999999990330e-03
3.380555555555545075e-03
3.336111111111100900e-03
3.477777777777767143e-03
3.697222222222210693e-03
3.644444444444432801e-03
3.872222222222209635e-03
3.863888888888876785e-03
4.141666666666661556e-03
4.072222222222214930e-03
4.274999999999997552e-03
4.069444444444433699e-03
4.166666666666664874e-03
4.411111111111119983e-03
4.316666666666667436e-03
4.302777777777776896e-03
4.205555555555556130e-03
4.411111111111119115e-03
4.458333333333343654e-03
4.425000000000007053e-03
4.452777777777785530e-03
4.275000000000000154e-03
4.319444444444447799e-03
4.272222222222220658e-03
4.452777777777786397e-03
4.388888888888895293e-03
4.372222222222225257e-03
4.486111111111123866e-03
4.538888888888898722e-03
4.569444444444457562e-03
4.441666666666673619e-03
4.544444444444455111e-03
4.444444444444452247e-03
4.366666666666671470e-03
4.336111111111112630e-03
4.577777777777787376e-03
4.463888888888895706e-03
4.544444444444453376e-03
4.438888888888894123e-03
4.402777777777782363e-03
4.555555555555561818e-03
4.500000000000015273e-03
4.422222222222233629e-03
4.505555555555564723e-03
4.708333333333350815e-03
4.566666666666678066e-03
4.419444444444452398e-03
4.405555555555563593e-03
4.488888888888899892e-03
4.527777777777785943e-03
4.552777777777790996e-03
4.577777777777783039e-03
4.338888888888894728e-03
4.316666666666669171e-03
4.388888888888894425e-03
4.436111111111125035e-03
4.377777777777781647e-03
4.305555555555558127e-03
4.244444444444443049e-03
4.355555555555560426e-03
4.230555555555555111e-03
4.277777777777779650e-03
4.358333333333333851e-03
4.591666666666683987e-03
4.300000000000000870e-03
4.327777777777781949e-03
4.433333333333342070e-03
4.405555555555564461e-03
4.255555555555554093e-03
4.502777777777783492e-03
4.222222222222222696e-03
4.566666666666682403e-03
4.291666666666665853e-03
4.316666666666671773e-03
4.299999999999996533e-03
4.319444444444446932e-03
4.383333333333338036e-03
4.227777777777777350e-03
4.341666666666669019e-03
4.475000000000006750e-03
4.291666666666671057e-03
4.191666666666662988e-03
4.388888888888895293e-03
4.163888888888885378e-03
4.408333333333339620e-03
4.183333333333330573e-03
4.227777777777773881e-03
4.072222222222214062e-03
4.091666666666659256e-03
4.327777777777777612e-03
4.261111111111112217e-03
4.172222222222216927e-03
4.227777777777776483e-03
4.213888888888889413e-03
4.091666666666659256e-03
4.252777777777775464e-03
4.286111111111112065e-03
4.086111111111102000e-03
4.211111111111107315e-03
4.022222222222211763e-03
3.938888888888876331e-03
4.174999999999995555e-03
4.074999999999990088e-03
4.074999999999991823e-03
4.169444444444440900e-03
4.030555555555543311e-03
4.183333333333328838e-03
4.266666666666667738e-03
3.972222222222209463e-03
4.097222222222212176e-03
4.211111111111108182e-03
4.080555555555546478e-03
3.986111111111099135e-03
4.105555555555546327e-03
4.172222222222215192e-03
4.105555555555552398e-03
4.247222222222221677e-03
4.216666666666666306e-03
3.938888888888876331e-03
3.952777777777765136e-03
4.144444444444437582e-03
4.325000000000003321e-03
3.891666666666654829e-03
3.924999999999987527e-03
4.180555555555551077e-03
4.036111111111099700e-03
4.205555555555553528e-03
4.088888888888881495e-03
3.988888888888876896e-03
4.041666666666656957e-03
4.177777777777774183e-03
3.980555555555542746e-03
4.086111111111102867e-03
4.055555555555546629e-03
3.924999999999987527e-03
4.022222222222211763e-03
4.069444444444436301e-03
3.922222222222209766e-03
4.061111111111101284e-03
3.736111111111099347e-03
4.027777777777767285e-03
3.819444444444432610e-03
3.988888888888876896e-03
3.999999999999987940e-03
4.030555555555543311e-03
3.794444444444432327e-03
4.074999999999991823e-03
3.838888888888876937e-03
3.872222222222210068e-03
3.969444444444431702e-03
3.797222222222210088e-03
3.891666666666654829e-03
3.849999999999987980e-03
3.919444444444432005e-03
3.905555555555543634e-03
4.033333333333321939e-03
3.961111111111098419e-03
3.999999999999987940e-03
3.847222222222210219e-03
3.838888888888876937e-03
3.827777777777765893e-03
3.916666666666654244e-03
3.866666666666654546e-03
3.824999999999987698e-03
3.674999999999988606e-03
3.905555555555543634e-03
3.824999999999988132e-03
3.788888888888877239e-03
3.836111111111099176e-03
3.794444444444432327e-03
3.927777777777765288e-03
3.619444444444432953e-03
3.791666666666655000e-03
3.705555555555543976e-03
3.677777777777766367e-03
3.944444444444432721e-03
3.586111111111100255e-03
3.758333333333321868e-03
3.802777777777765610e-03
3.744444444444432630e-03
3.699999999999988454e-03
3.849999999999987980e-03
3.691666666666655171e-03
3.652777777777766518e-03
3.772222222222210240e-03
3.880555555555543351e-03
3.730555555555543825e-03
3.783333333333321283e-03
3.736111111111099347e-03
3.711111111111099065e-03
3.566666666666655494e-03
3.833333333333321415e-03
3.572222222222211016e-03
3.433333333333322534e-03
3.544444444444433840e-03
3.638888888888877279e-03
3.777777777777766629e-03
3.663888888888877128e-03
3.633333333333321757e-03
3.802777777777766044e-03
3.636111111111099518e-03
3.674999999999988172e-03
3.666666666666655323e-03
3.522222222222210885e-03
3.763888888888877390e-03
3.588888888888878016e-03
3.719444444444432347e-03
3.730555555555543825e-03
3.633333333333322191e-03
3.638888888888877279e-03
3.580555555555544299e-03
3.638888888888877279e-03
3.713888888888876826e-03
3.449999999999989967e-03
3.419444444444434163e-03
3.563888888888877733e-03
3.461111111111100577e-03
3.694444444444432932e-03
3.594444444444433538e-03
3.666666666666655323e-03
3.588888888888878016e-03
3.647222222222210562e-03
3.622222222222211147e-03
3.677777777777765933e-03
3.419444444444433729e-03
3.608333333333322342e-03
3.469444444444433860e-03
3.602777777777766820e-03
3.647222222222210562e-03
3.497222222222211470e-03
3.602777777777766820e-03
3.494444444444433709e-03
3.561111111111100406e-03
3.522222222222210885e-03
3.686111111111099216e-03
3.333333333333322705e-03
3.533333333333322362e-03
3.563888888888877733e-03
3.627777777777766669e-03
3.497222222222211036e-03
3.511111111111099841e-03
3.561111111111100406e-03
3.355555555555545227e-03
3.422222222222211924e-03
3.405555555555545358e-03
3.441666666666656250e-03
3.324999999999989422e-03
3.416666666666656402e-03
3.547222222222211167e-03
3.555555555555544884e-03
3.383333333333323270e-03
3.627777777777766235e-03
3.427777777777767012e-03
3.502777777777766992e-03
3.397222222222211641e-03
3.433333333333322968e-03
3.319444444444434334e-03
3.472222222222211621e-03
3.247222222222212115e-03
3.458333333333322816e-03
3.458333333333322383e-03
3.324999999999989422e-03
3.330555555555545378e-03
3.541666666666655212e-03
3.380555555555545509e-03
3.272222222222212398e-03
3.461111111111100577e-03
3.322222222222212095e-03
3.394444444444434314e-03
3.438888888888878489e-03
3.383333333333322836e-03
3.427777777777767012e-03
3.355555555555544793e-03
3.261111111111100920e-03
3.308333333333322857e-03
3.272222222222212398e-03
3.263888888888878681e-03
3.330555555555544944e-03
3.411111111111100446e-03
3.344444444444433749e-03
3.416666666666655968e-03
3.330555555555544944e-03
3.380555555555545509e-03
3.394444444444434314e-03
3.363888888888878076e-03
3.399999999999989402e-03
3.213888888888878984e-03
3.294444444444434052e-03
3.261111111111100920e-03
3.369444444444433598e-03
3.305555555555545529e-03
3.397222222222212075e-03
3.327777777777767183e-03
3.247222222222212115e-03
3.338888888888878661e-03
3.352777777777767032e-03
3.086111111111101545e-03
3.341666666666656422e-03
3.355555555555544793e-03
3.163888888888878852e-03
3.380555555555545509e-03
3.502777777777766992e-03
3.238888888888878832e-03
3.352777777777767466e-03
3.091666666666657067e-03
3.302777777777767335e-03
3.311111111111101051e-03
3.108333333333324067e-03
3.249999999999989876e-03
3.102777777777768545e-03
3.280555555555545247e-03
3.302777777777767768e-03
3.258333333333323159e-03
3.016666666666657087e-03
3.224999999999990461e-03
3.297222222222211813e-03
3.355555555555544793e-03
3.286111111111100769e-03
3.144444444444434526e-03
3.386111111111100597e-03
3.072222222222212740e-03
3.199999999999990179e-03
3.377777777777767748e-03
3.113888888888879155e-03
3.116666666666656916e-03
3.108333333333323633e-03
3.244444444444434788e-03
3.180555555555545418e-03
3.088888888888879306e-03
3.180555555555545852e-03
3.366666666666655837e-03
2.969444444444435151e-03
3.180555555555545852e-03
3.136111111111101243e-03
3.266666666666656876e-03
3.288888888888878530e-03
2.991666666666657239e-03
3.136111111111101243e-03
3.149999999999990048e-03
3.216666666666656745e-03
3.211111111111101656e-03
3.111111111111101394e-03
3.119444444444435111e-03
3.147222222222212287e-03
3.266666666666656442e-03
3.188888888888879135e-03
3.055555555555546608e-03
3.186111111111100940e-03
3.091666666666657067e-03
2.994444444444435000e-03
3.127777777777767960e-03
3.122222222222212438e-03
3.133333333333323482e-03
3.149999999999990048e-03
3.113888888888879589e-03
3.052777777777768414e-03
3.124999999999990199e-03
3.130555555555545721e-03
3.080555555555546023e-03
3.172222222222212135e-03
3.097222222222213023e-03
3.130555555555545721e-03
3.047222222222212892e-03
3.038888888888879609e-03
3.080555555555546457e-03
3.013888888888879326e-03
3.022222222222212609e-03
3.044444444444435564e-03
2.991666666666657239e-03
3.138888888888879004e-03
2.922222222222213214e-03
2.966666666666657390e-03
3.186111111111101374e-03
3.047222222222212892e-03
2.752777777777769361e-03
3.005555555555546043e-03
3.183333333333323179e-03
3.222222222222212266e-03
2.958333333333324107e-03
2.958333333333324107e-03
3.155555555555546003e-03
2.974999999999990673e-03
3.116666666666656916e-03
3.036111111111101848e-03
2.972222222222212912e-03
3.061111111111101696e-03
2.974999999999990673e-03
3.038888888888880042e-03
3.069444444444434979e-03
3.111111111111101394e-03
3.044444444444435564e-03
2.924999999999990975e-03
2.988888888888879478e-03
2.841666666666657712e-03
3.194444444444434223e-03
2.952777777777768585e-03
3.002777777777768282e-03
2.974999999999991106e-03
2.927777777777768736e-03
3.027777777777768999e-03
2.958333333333324107e-03
2.977777777777768867e-03
2.836111111111102191e-03
3.158333333333323330e-03
2.958333333333324107e-03
3.094444444444434828e-03
3.033333333333324087e-03
2.919444444444435453e-03
2.974999999999990673e-03
3.008333333333323804e-03
2.866666666666657995e-03
3.055555555555546175e-03
2.827777777777768908e-03
2.749999999999991600e-03
2.905555555555547082e-03
3.019444444444434848e-03
2.974999999999991106e-03
2.822222222222213386e-03
3.030555555555546326e-03
2.919444444444435453e-03
2.913888888888879931e-03
2.974999999999990673e-03
2.958333333333324107e-03
2.941666666666657541e-03
2.955555555555546346e-03
2.802777777777769059e-03
2.836111111111102191e-03
2.977777777777768434e-03
2.916666666666657692e-03
2.994444444444435000e-03
2.844444444444435473e-03
2.786111111111102493e-03
2.811111111111102342e-03
2.944444444444435302e-03
2.805555555555546820e-03
2.986111111111101717e-03
2.897222222222213366e-03
2.883333333333324561e-03
2.772222222222213688e-03
2.908333333333324409e-03
2.797222222222213537e-03
3.058333333333323936e-03
2.916666666666657692e-03
2.688888888888880859e-03
3.038888888888880042e-03
2.847222222222212801e-03
2.902777777777768888e-03
2.816666666666658297e-03
2.911111111111102170e-03
2.924999999999990975e-03
2.861111111111102473e-03
2.813888888888880103e-03
3.033333333333324520e-03
2.833333333333324430e-03
2.841666666666657712e-03
2.927777777777769170e-03
2.705555555555547425e-03
2.749999999999991600e-03
2.908333333333324409e-03
2.616666666666658640e-03
2.938888888888879780e-03
2.874999999999991711e-03
2.774999999999991883e-03
2.688888888888880859e-03
2.702777777777769664e-03
2.930555555555546497e-03
2.838888888888879952e-03
2.769444444444435927e-03
2.861111111111102473e-03
2.836111111111102191e-03
2.830555555555546669e-03
2.849999999999990995e-03
2.683333333333325337e-03
2.727777777777769513e-03
2.880555555555546800e-03
2.630555555555547445e-03
2.861111111111102473e-03
2.952777777777768585e-03
2.819444444444435625e-03
2.769444444444435927e-03
2.563888888888880748e-03
2.861111111111102473e-03
2.658333333333325055e-03
2.791666666666658015e-03
2.863888888888880234e-03
2.858333333333324712e-03
2.747222222222213839e-03
2.669444444444436532e-03
2.605555555555547596e-03
2.747222222222213839e-03
2.744444444444436079e-03
2.794444444444436210e-03
2.794444444444435776e-03
2.802777777777769059e-03
2.797222222222213537e-03
