5.166666666666654920e-04
6.388888888888873000e-04
7.416666666666646727e-04
8.027777777777756309e-04
9.138888888888862866e-04
9.166666666666640475e-04
1.055555555555552638e-03
1.138888888888885684e-03
1.224999999999996274e-03
1.255555555555552079e-03
1.341666666666662885e-03
1.355555555555551473e-03
1.488888888888884434e-03
1.519444444444440238e-03
1.563888888888884197e-03
1.508333333333328977e-03
1.558333333333328458e-03
1.708333333333328418e-03
1.449999999999995780e-03
1.566666666666662175e-03
1.677777777777772830e-03
1.616666666666662089e-03
1.647222222222217243e-03
1.688888888888884091e-03
1.722222222222217223e-03
1.813888888888883335e-03
1.741666666666661333e-03
1.797222222222216986e-03
1.863888888888883249e-03
1.749999999999994615e-03
1.899999999999994141e-03
1.855555555555549749e-03
1.741666666666661549e-03
1.747222222222217071e-03
1.727777777777772528e-03
1.758333333333328115e-03
2.024999999999993819e-03
1.911111111111105402e-03
1.774999999999994898e-03
1.844444444444438922e-03
1.908333333333327424e-03
1.919444444444438685e-03
1.883333333333327576e-03
1.886111111111105553e-03
1.908333333333327641e-03
1.883333333333327793e-03
1.861111111111105488e-03
1.833333333333327878e-03
1.897222222222216597e-03
1.827777777777772573e-03
1.938888888888883229e-03
1.805555555555550052e-03
1.830555555555549900e-03
1.980555555555549210e-03
1.972222222222216360e-03
1.863888888888883249e-03
1.786111111111105942e-03
1.866666666666661010e-03
1.922222222222216229e-03
1.880555555555549815e-03
1.899999999999994141e-03
1.966666666666660405e-03
2.044444444444438579e-03
1.891666666666661075e-03
1.974999999999993688e-03
1.916666666666660924e-03
2.094444444444438277e-03
1.830555555555550117e-03
2.022222222222216058e-03
2.038888888888883057e-03
1.911111111111105402e-03
1.969444444444438166e-03
1.969444444444438599e-03
1.911111111111105402e-03
1.941666666666660773e-03
1.966666666666660838e-03
1.908333333333327641e-03
1.922222222222216229e-03
1.891666666666661075e-03
1.969444444444438599e-03
1.883333333333328009e-03
1.938888888888882795e-03
1.955555555555549795e-03
1.938888888888883012e-03
2.008333333333327687e-03
1.916666666666660924e-03
1.911111111111105402e-03
1.913888888888883163e-03
1.919444444444438685e-03
1.949999999999994273e-03
2.049999999999994101e-03
1.936111111111105251e-03
1.805555555555550269e-03
2.044444444444438579e-03
2.047222222222216340e-03
1.847222222222216683e-03
1.977777777777771882e-03
2.005555555555549926e-03
1.883333333333327793e-03
2.136111111111104691e-03
1.983333333333327404e-03
1.841666666666661161e-03
1.947222222222216512e-03
1.897222222222216597e-03
2.002777777777772165e-03
1.980555555555549210e-03
2.036111111111105296e-03
2.024999999999994253e-03
1.924999999999993990e-03
2.008333333333327687e-03
2.113888888888882604e-03
1.922222222222216229e-03
1.811111111111105790e-03
2.013888888888883209e-03
2.008333333333327687e-03
1.802777777777772291e-03
1.858333333333327944e-03
2.019444444444438731e-03
2.047222222222215907e-03
1.980555555555549643e-03
1.869444444444438771e-03
1.980555555555549643e-03
1.927777777777771968e-03
2.047222222222216340e-03
2.038888888888882624e-03
1.924999999999994207e-03
1.899999999999994575e-03
1.811111111111105790e-03
1.986111111111105165e-03
1.986111111111105599e-03
1.888888888888883314e-03
2.055555555555549623e-03
1.972222222222215927e-03
1.922222222222216446e-03
1.966666666666660838e-03
1.944444444444438317e-03
1.863888888888883466e-03
1.913888888888882946e-03
1.838888888888883183e-03
1.941666666666660773e-03
1.799999999999994963e-03
1.847222222222216466e-03
2.066666666666660667e-03
1.952777777777772034e-03
1.883333333333327793e-03
1.936111111111105468e-03
1.952777777777772034e-03
1.997222222222216643e-03
1.972222222222216360e-03
1.913888888888883163e-03
1.944444444444438968e-03
1.836111111111105639e-03
1.836111111111105639e-03
1.777777777777772659e-03
1.949999999999994056e-03
1.811111111111105790e-03
1.880555555555550032e-03
1.980555555555549643e-03
1.955555555555549795e-03
2.077777777777771711e-03
1.883333333333327793e-03
1.947222222222216295e-03
2.099999999999993799e-03
1.941666666666660556e-03
1.927777777777771968e-03
1.983333333333327404e-03
2.016666666666660970e-03
1.766666666666661181e-03
1.877777777777772271e-03
1.891666666666661075e-03
1.899999999999994358e-03
1.930555555555549946e-03
1.802777777777772291e-03
1.972222222222216360e-03
1.988888888888882926e-03
2.069444444444438428e-03
1.827777777777772573e-03
1.919444444444438468e-03
1.988888888888882926e-03
1.949999999999994056e-03
1.997222222222216209e-03
1.861111111111105705e-03
1.908333333333327424e-03
1.933333333333327273e-03
2.030555555555549774e-03
1.863888888888883466e-03
2.030555555555549774e-03
1.938888888888882795e-03
2.027777777777772013e-03
1.913888888888883163e-03
1.880555555555549815e-03
1.877777777777772271e-03
1.797222222222216986e-03
2.002777777777771731e-03
1.869444444444438771e-03
2.008333333333327253e-03
1.922222222222216446e-03
1.980555555555549643e-03
1.986111111111104732e-03
2.013888888888883209e-03
1.855555555555549966e-03
1.994444444444438448e-03
1.955555555555549795e-03
1.919444444444438685e-03
1.980555555555549643e-03
1.963888888888882644e-03
1.924999999999994207e-03
1.922222222222216229e-03
2.002777777777771731e-03
1.938888888888882795e-03
1.916666666666660707e-03
1.983333333333327404e-03
2.022222222222216492e-03
1.986111111111105165e-03
1.955555555555549795e-03
1.905555555555549880e-03
1.933333333333327490e-03
1.919444444444438685e-03
1.844444444444438705e-03
1.947222222222216512e-03
1.916666666666660707e-03
1.833333333333327661e-03
2.027777777777772013e-03
1.961111111111105317e-03
1.927777777777771751e-03
2.008333333333327687e-03
1.930555555555549512e-03
2.016666666666660970e-03
1.952777777777771817e-03
1.913888888888883163e-03
2.011111111111105448e-03
2.038888888888882624e-03
2.005555555555549926e-03
1.961111111111105317e-03
1.913888888888883163e-03
1.988888888888882926e-03
2.008333333333327687e-03
1.977777777777771449e-03
2.088888888888882755e-03
2.005555555555549926e-03
1.994444444444438448e-03
1.911111111111105185e-03
1.966666666666660838e-03
1.944444444444438751e-03
1.838888888888883400e-03
1.999999999999993970e-03
2.008333333333327687e-03
1.847222222222216466e-03
1.986111111111104732e-03
1.966666666666660838e-03
1.944444444444438751e-03
1.899999999999994358e-03
1.891666666666661075e-03
2.033333333333327535e-03
2.083333333333327233e-03
2.016666666666660970e-03
2.063888888888882472e-03
1.888888888888883314e-03
1.955555555555549361e-03
1.874999999999994510e-03
1.877777777777772271e-03
1.927777777777771968e-03
1.952777777777772034e-03
1.999999999999993970e-03
1.891666666666661075e-03
2.047222222222215907e-03
1.924999999999994207e-03
1.999999999999993970e-03
1.947222222222216512e-03
1.924999999999993990e-03
1.908333333333327641e-03
2.111111111111104843e-03
1.966666666666660405e-03
1.897222222222216597e-03
1.922222222222216229e-03
1.894444444444438836e-03
2.005555555555549926e-03
1.961111111111105317e-03
1.786111111111105942e-03
2.019444444444438297e-03
2.036111111111105296e-03
2.080555555555549472e-03
1.966666666666660405e-03
1.888888888888883314e-03
2.019444444444438731e-03
1.922222222222216446e-03
2.008333333333327687e-03
2.080555555555549038e-03
2.019444444444438297e-03
1.908333333333327424e-03
1.941666666666660773e-03
1.938888888888882795e-03
1.849999999999994227e-03
1.930555555555549946e-03
1.769444444444438942e-03
2.069444444444438428e-03
1.894444444444438836e-03
1.930555555555549946e-03
1.838888888888883400e-03
1.952777777777772034e-03
1.930555555555549512e-03
2.022222222222216492e-03
1.944444444444438751e-03
1.888888888888883314e-03
1.855555555555549749e-03
1.949999999999994273e-03
1.855555555555550400e-03
2.141666666666660213e-03
1.919444444444438685e-03
1.966666666666660405e-03
1.824999999999994378e-03
2.002777777777772165e-03
1.922222222222216663e-03
1.891666666666661075e-03
2.019444444444438731e-03
1.938888888888883012e-03
1.949999999999994056e-03
1.949999999999994273e-03
1.833333333333327878e-03
2.008333333333327687e-03
1.986111111111105599e-03
1.955555555555549795e-03
2.011111111111105448e-03
1.969444444444438599e-03
2.080555555555549472e-03
1.986111111111105599e-03
2.049999999999994101e-03
1.966666666666660838e-03
2.122222222222215886e-03
2.072222222222216189e-03
2.016666666666660970e-03
1.888888888888883098e-03
1.986111111111105165e-03
1.980555555555549643e-03
1.972222222222216360e-03
2.074999999999993950e-03
2.008333333333327687e-03
1.911111111111105185e-03
1.902777777777771902e-03
2.005555555555549926e-03
1.886111111111105337e-03
2.030555555555549774e-03
1.974999999999994121e-03
1.927777777777771751e-03
1.972222222222215927e-03
1.994444444444438448e-03
1.977777777777771882e-03
1.966666666666660405e-03
1.902777777777772119e-03
1.913888888888883163e-03
1.891666666666661075e-03
2.102777777777771126e-03
2.027777777777772013e-03
1.905555555555549880e-03
1.855555555555549966e-03
1.938888888888882795e-03
1.994444444444438448e-03
1.927777777777771751e-03
1.933333333333327490e-03
1.944444444444438317e-03
2.041666666666660818e-03
2.022222222222216492e-03
2.005555555555549926e-03
1.869444444444438771e-03
1.905555555555549880e-03
2.124999999999993214e-03
2.063888888888882906e-03
1.997222222222216209e-03
1.919444444444438685e-03
1.919444444444438685e-03
1.952777777777772034e-03
1.999999999999993970e-03
1.894444444444438620e-03
2.027777777777772013e-03
2.049999999999994101e-03
1.947222222222216295e-03
2.036111111111104863e-03
1.961111111111105317e-03
1.974999999999994121e-03
2.011111111111105448e-03
1.813888888888883551e-03
1.866666666666661227e-03
1.819444444444439073e-03
1.949999999999994056e-03
1.952777777777772034e-03
1.938888888888882795e-03
1.958333333333327556e-03
1.969444444444438599e-03
1.999999999999994404e-03
1.930555555555549729e-03
2.019444444444438297e-03
1.894444444444438620e-03
1.933333333333327490e-03
2.027777777777772013e-03
1.919444444444438468e-03
2.013888888888883209e-03
1.983333333333327404e-03
2.036111111111105296e-03
1.863888888888883683e-03
2.033333333333327535e-03
1.988888888888882926e-03
1.855555555555549749e-03
1.924999999999994207e-03
2.049999999999994101e-03
2.119444444444438126e-03
1.869444444444438771e-03
1.877777777777772054e-03
1.916666666666660707e-03
1.874999999999994510e-03
1.999999999999993970e-03
2.030555555555549774e-03
1.947222222222216512e-03
1.922222222222216446e-03
1.919444444444438685e-03
2.030555555555549774e-03
1.911111111111105402e-03
2.047222222222216340e-03
1.963888888888883077e-03
1.944444444444438751e-03
2.013888888888883209e-03
2.063888888888882906e-03
2.005555555555549926e-03
2.033333333333327535e-03
1.958333333333327122e-03
1.961111111111105317e-03
1.991666666666660687e-03
1.841666666666660727e-03
1.819444444444438857e-03
2.049999999999994101e-03
1.905555555555549880e-03
1.836111111111105639e-03
1.969444444444438599e-03
1.841666666666660944e-03
1.963888888888883077e-03
1.919444444444438685e-03
1.908333333333327641e-03
1.977777777777771882e-03
1.913888888888882946e-03
2.141666666666660213e-03
2.155555555555549018e-03
1.874999999999994293e-03
1.863888888888883466e-03
1.997222222222216209e-03
1.924999999999994207e-03
2.047222222222216340e-03
1.994444444444438448e-03
2.030555555555549774e-03
2.052777777777771862e-03
1.955555555555549795e-03
1.988888888888882926e-03
1.852777777777772205e-03
1.938888888888883012e-03
2.194444444444438105e-03
2.038888888888883057e-03
1.924999999999994424e-03
1.969444444444438599e-03
1.833333333333327661e-03
1.961111111111104883e-03
1.955555555555549361e-03
2.036111111111105296e-03
1.861111111111105488e-03
1.980555555555549643e-03
1.930555555555549512e-03
2.016666666666660970e-03
2.038888888888883057e-03
2.008333333333327253e-03
1.997222222222216209e-03
2.055555555555549623e-03
1.763888888888883420e-03
1.969444444444438166e-03
1.877777777777772271e-03
1.880555555555549815e-03
2.019444444444438297e-03
1.944444444444438751e-03
2.133333333333326930e-03
1.952777777777772034e-03
2.019444444444438731e-03
2.011111111111105448e-03
1.877777777777772271e-03
1.938888888888882795e-03
2.091666666666660516e-03
1.944444444444438317e-03
1.880555555555549815e-03
1.911111111111105402e-03
1.988888888888882926e-03
1.872222222222216749e-03
1.994444444444438448e-03
2.061111111111105145e-03
2.113888888888882604e-03
2.008333333333327253e-03
2.083333333333327667e-03
1.986111111111104732e-03
1.977777777777771882e-03
1.780555555555550203e-03
1.813888888888883551e-03
1.838888888888883400e-03
1.986111111111104732e-03
2.013888888888882775e-03
1.927777777777771751e-03
2.077777777777771711e-03
1.997222222222216209e-03
2.008333333333327687e-03
1.841666666666661161e-03
2.027777777777772013e-03
1.927777777777771968e-03
2.124999999999993647e-03
1.963888888888883077e-03
2.038888888888882624e-03
1.836111111111105639e-03
1.897222222222216597e-03
1.972222222222216360e-03
2.088888888888882321e-03
2.177777777777771540e-03
2.033333333333327102e-03
1.944444444444438751e-03
2.036111111111105296e-03
2.019444444444438731e-03
2.013888888888882775e-03
1.886111111111105553e-03
1.897222222222216597e-03
2.041666666666660818e-03
2.105555555555549321e-03
1.847222222222216683e-03
2.066666666666660667e-03
1.888888888888883531e-03
1.994444444444438448e-03
1.980555555555549210e-03
1.983333333333326971e-03
1.877777777777772054e-03
2.066666666666660233e-03
1.908333333333327641e-03
2.008333333333327687e-03
1.886111111111105337e-03
2.033333333333327102e-03
1.969444444444438599e-03
1.961111111111105317e-03
1.952777777777772034e-03
1.986111111111105599e-03
1.983333333333326971e-03
1.977777777777771882e-03
1.933333333333327490e-03
1.919444444444438902e-03
1.969444444444438166e-03
1.974999999999993688e-03
1.813888888888883551e-03
1.933333333333327490e-03
1.949999999999994273e-03
2.044444444444438579e-03
1.949999999999994273e-03
1.902777777777772119e-03
1.916666666666660707e-03
1.911111111111105402e-03
1.924999999999994207e-03
1.866666666666661010e-03
1.813888888888883551e-03
1.822222222222217051e-03
2.030555555555549341e-03
1.933333333333327490e-03
2.147222222222215735e-03
1.988888888888882926e-03
1.852777777777771988e-03
1.944444444444438751e-03
1.799999999999994530e-03
2.022222222222216058e-03
1.961111111111105317e-03
2.011111111111105448e-03
2.008333333333327687e-03
1.852777777777771988e-03
2.141666666666660213e-03
1.905555555555549880e-03
1.988888888888882926e-03
1.883333333333328009e-03
1.944444444444438751e-03
1.986111111111105165e-03
2.005555555555549926e-03
1.911111111111105402e-03
1.969444444444438599e-03
1.902777777777772119e-03
1.941666666666661207e-03
1.999999999999993970e-03
1.941666666666660556e-03
2.038888888888882624e-03
1.947222222222216512e-03
1.869444444444438988e-03
1.886111111111105553e-03
2.044444444444438579e-03
1.908333333333327858e-03
2.011111111111105448e-03
1.844444444444438922e-03
1.974999999999994121e-03
1.952777777777772250e-03
1.927777777777771751e-03
2.083333333333327233e-03
1.894444444444439053e-03
2.066666666666660667e-03
2.088888888888882755e-03
1.758333333333328115e-03
2.027777777777772013e-03
1.902777777777771902e-03
1.969444444444438599e-03
2.030555555555549774e-03
1.966666666666660405e-03
1.958333333333327556e-03
1.994444444444438448e-03
1.897222222222216597e-03
1.997222222222216643e-03
1.855555555555549966e-03
1.877777777777772271e-03
2.080555555555549038e-03
1.974999999999994121e-03
1.930555555555549946e-03
1.861111111111105705e-03
1.949999999999994273e-03
2.011111111111105448e-03
2.127777777777771408e-03
1.969444444444438599e-03
1.994444444444438882e-03
1.938888888888883012e-03
1.908333333333327424e-03
1.913888888888882946e-03
1.813888888888883335e-03
1.983333333333326971e-03
2.005555555555549926e-03
1.938888888888883229e-03
1.997222222222216643e-03
1.986111111111105165e-03
2.113888888888882604e-03
1.986111111111105165e-03
1.949999999999994273e-03
2.036111111111104863e-03
1.847222222222216683e-03
1.944444444444438317e-03
1.808333333333328029e-03
2.011111111111105014e-03
1.874999999999994510e-03
2.069444444444438428e-03
1.961111111111105317e-03
1.952777777777771817e-03
1.913888888888883163e-03
1.983333333333327404e-03
2.041666666666660818e-03
1.919444444444438251e-03
1.991666666666660687e-03
1.844444444444438922e-03
1.944444444444438317e-03
1.938888888888883229e-03
2.063888888888882906e-03
1.894444444444438620e-03
2.016666666666660970e-03
1.941666666666660773e-03
2.016666666666660536e-03
1.866666666666661227e-03
2.011111111111105448e-03
2.052777777777771862e-03
1.916666666666661141e-03
2.005555555555549926e-03
2.102777777777771560e-03
1.924999999999994207e-03
1.997222222222216643e-03
1.983333333333327404e-03
1.983333333333327404e-03
1.930555555555549729e-03
1.997222222222216209e-03
1.897222222222216381e-03
2.052777777777771429e-03
1.899999999999994575e-03
2.058333333333327384e-03
1.969444444444438599e-03
2.019444444444438297e-03
2.022222222222216492e-03
1.958333333333327556e-03
1.930555555555549729e-03
2.052777777777771429e-03
1.927777777777771968e-03
1.991666666666660687e-03
1.858333333333327944e-03
2.041666666666660385e-03
2.074999999999993950e-03
1.958333333333327556e-03
1.938888888888883012e-03
1.966666666666660838e-03
1.824999999999994595e-03
1.913888888888882946e-03
1.899999999999994575e-03
1.969444444444438166e-03
2.016666666666660970e-03
2.049999999999994101e-03
2.022222222222216492e-03
1.966666666666660838e-03
2.041666666666660818e-03
1.972222222222215927e-03
1.911111111111105619e-03
1.894444444444438620e-03
1.980555555555549210e-03
2.027777777777771580e-03
2.052777777777771429e-03
1.952777777777772034e-03
2.016666666666660970e-03
1.830555555555549900e-03
1.941666666666661207e-03
1.933333333333327490e-03
1.894444444444439053e-03
2.011111111111105448e-03
2.066666666666660667e-03
1.969444444444438599e-03
1.947222222222216512e-03
1.924999999999994207e-03
1.980555555555549210e-03
1.947222222222216512e-03
2.077777777777771711e-03
1.858333333333327944e-03
2.027777777777772013e-03
1.938888888888883012e-03
2.049999999999994101e-03
1.847222222222216466e-03
1.944444444444438751e-03
1.883333333333327793e-03
1.947222222222216512e-03
1.919444444444438902e-03
1.977777777777771449e-03
2.030555555555549774e-03
1.899999999999994141e-03
1.986111111111105165e-03
1.924999999999993990e-03
1.986111111111104732e-03
1.877777777777772271e-03
1.997222222222216209e-03
1.911111111111105619e-03
1.816666666666661312e-03
1.880555555555550032e-03
1.938888888888883012e-03
1.849999999999994444e-03
1.983333333333327404e-03
2.002777777777772165e-03
1.958333333333327122e-03
1.788888888888883703e-03
2.008333333333327687e-03
2.011111111111105448e-03
2.019444444444438297e-03
2.019444444444438297e-03
1.874999999999994726e-03
1.863888888888883466e-03
1.988888888888882926e-03
1.961111111111105317e-03
2.111111111111104409e-03
1.952777777777772034e-03
1.933333333333327490e-03
1.991666666666661121e-03
1.883333333333327576e-03
1.827777777777772139e-03
1.961111111111104883e-03
1.961111111111104883e-03
1.824999999999994595e-03
2.005555555555549926e-03
2.030555555555549341e-03
1.916666666666661141e-03
1.969444444444438599e-03
1.913888888888882946e-03
2.077777777777771711e-03
1.911111111111105619e-03
2.036111111111105296e-03
1.813888888888883551e-03
1.969444444444438599e-03
1.983333333333326971e-03
1.905555555555549880e-03
1.949999999999994489e-03
2.077777777777771711e-03
1.977777777777771882e-03
1.916666666666661141e-03
1.905555555555549663e-03
2.041666666666660818e-03
2.033333333333327102e-03
2.013888888888882775e-03
1.988888888888882926e-03
1.952777777777771817e-03
2.022222222222216492e-03
2.013888888888882775e-03
1.924999999999994207e-03
1.841666666666661161e-03
1.872222222222216532e-03
2.027777777777772013e-03
2.072222222222216189e-03
1.997222222222216643e-03
1.938888888888882795e-03
1.944444444444438751e-03
2.088888888888882755e-03
1.949999999999994273e-03
1.963888888888883077e-03
2.002777777777771731e-03
1.908333333333327641e-03
1.977777777777771882e-03
1.977777777777771882e-03
1.977777777777771882e-03
1.958333333333327122e-03
2.024999999999994253e-03
1.947222222222216295e-03
1.944444444444438751e-03
2.002777777777772165e-03
1.905555555555550097e-03
1.997222222222216209e-03
2.033333333333327102e-03
2.027777777777772013e-03
1.872222222222216749e-03
2.005555555555549926e-03
1.858333333333327727e-03
1.991666666666660687e-03
1.911111111111105402e-03
1.927777777777771968e-03
2.055555555555549623e-03
1.883333333333327576e-03
1.883333333333327793e-03
1.944444444444438751e-03
2.044444444444438579e-03
1.838888888888883400e-03
2.002777777777772165e-03
1.861111111111105705e-03
1.911111111111105619e-03
2.077777777777771711e-03
1.999999999999993970e-03
2.055555555555549623e-03
1.955555555555549361e-03
1.958333333333327556e-03
1.886111111111105337e-03
1.983333333333327404e-03
2.144444444444437974e-03
1.944444444444438751e-03
1.930555555555549729e-03
1.908333333333327641e-03
1.777777777777772442e-03
1.980555555555549643e-03
2.019444444444438731e-03
1.911111111111105185e-03
1.955555555555549361e-03
1.888888888888883314e-03
2.088888888888882321e-03
2.127777777777770975e-03
2.013888888888883209e-03
1.994444444444438882e-03
1.911111111111105402e-03
1.936111111111105468e-03
1.902777777777771902e-03
1.991666666666660687e-03
2.044444444444438579e-03
2.013888888888883209e-03
1.974999999999993688e-03
1.933333333333327707e-03
1.855555555555549966e-03
1.997222222222216209e-03
1.877777777777772271e-03
1.913888888888882946e-03
1.913888888888883380e-03
1.958333333333327556e-03
2.016666666666660970e-03
1.913888888888883163e-03
1.869444444444438771e-03
1.911111111111105402e-03
1.891666666666661075e-03
1.902777777777771902e-03
1.916666666666660924e-03
2.019444444444438731e-03
1.977777777777771882e-03
1.955555555555549795e-03
1.847222222222216683e-03
2.069444444444438428e-03
1.908333333333327424e-03
2.102777777777771126e-03
1.972222222222215927e-03
2.055555555555549623e-03
1.947222222222216512e-03
1.969444444444438599e-03
1.922222222222216229e-03
1.947222222222216512e-03
1.983333333333326971e-03
2.033333333333327535e-03
1.911111111111105619e-03
1.872222222222216532e-03
1.888888888888883314e-03
2.044444444444438579e-03
1.891666666666661292e-03
1.955555555555549361e-03
1.966666666666660838e-03
1.938888888888882795e-03
1.997222222222216209e-03
1.902777777777772119e-03
2.008333333333327253e-03
1.997222222222216209e-03
2.119444444444438126e-03
1.961111111111105317e-03
1.813888888888883551e-03
1.988888888888882926e-03
1.813888888888883335e-03
1.922222222222216663e-03
1.969444444444438599e-03
2.077777777777771711e-03
1.952777777777772250e-03
1.969444444444438599e-03
1.977777777777771449e-03
1.969444444444438599e-03
1.944444444444438751e-03
1.866666666666661227e-03
1.986111111111105599e-03
1.844444444444438922e-03
1.905555555555550097e-03
2.011111111111105448e-03
2.002777777777772165e-03
1.924999999999994207e-03
1.930555555555549729e-03
1.927777777777771751e-03
1.869444444444438988e-03
1.941666666666660773e-03
1.933333333333327490e-03
2.002777777777772165e-03
1.963888888888882644e-03
1.908333333333327424e-03
2.038888888888883057e-03
1.988888888888882926e-03
1.961111111111105317e-03
1.963888888888883077e-03
1.949999999999994273e-03
2.005555555555549926e-03
1.916666666666660924e-03
1.908333333333327858e-03
1.833333333333327878e-03
1.963888888888882644e-03
1.983333333333327404e-03
1.891666666666660859e-03
1.877777777777772271e-03
2.016666666666660536e-03
2.086111111111104560e-03
2.033333333333327535e-03
2.005555555555549926e-03
2.005555555555549926e-03
2.055555555555549623e-03
2.027777777777772013e-03
1.841666666666661161e-03
1.902777777777771902e-03
2.041666666666660818e-03
1.886111111111105553e-03
1.955555555555549795e-03
1.897222222222216381e-03
1.849999999999994444e-03
1.933333333333327273e-03
1.983333333333327404e-03
1.999999999999993970e-03
2.033333333333327102e-03
1.905555555555549880e-03
2.027777777777772013e-03
1.891666666666661292e-03
2.038888888888883057e-03
1.958333333333327556e-03
1.997222222222216209e-03
1.997222222222216209e-03
1.974999999999994121e-03
1.922222222222216446e-03
1.869444444444438988e-03
2.024999999999994253e-03
1.936111111111105251e-03
1.991666666666660687e-03
1.872222222222216965e-03
1.966666666666660838e-03
1.869444444444438988e-03
1.911111111111105185e-03
1.930555555555549729e-03
1.836111111111105639e-03
1.908333333333327641e-03
1.941666666666660556e-03
1.886111111111105770e-03
1.972222222222216360e-03
1.911111111111105185e-03
2.005555555555549926e-03
1.966666666666660838e-03
2.102777777777771560e-03
2.044444444444438579e-03
1.986111111111105165e-03
1.952777777777772250e-03
1.986111111111105165e-03
1.852777777777772205e-03
1.824999999999994378e-03
2.063888888888882906e-03
2.097222222222215604e-03
1.963888888888883077e-03
1.963888888888883077e-03
1.949999999999994273e-03
1.955555555555549795e-03
1.924999999999994207e-03
1.766666666666661398e-03
1.855555555555549966e-03
2.052777777777771862e-03
2.149999999999993496e-03
1.944444444444438751e-03
1.944444444444438317e-03
1.977777777777771882e-03
1.883333333333327793e-03
1.869444444444439205e-03
1.924999999999994207e-03
1.891666666666660859e-03
2.069444444444438428e-03
1.977777777777771449e-03
2.030555555555549774e-03
1.819444444444439073e-03
2.052777777777771862e-03
2.444444444444437026e-03
2.669444444444436099e-03
2.716666666666658469e-03
2.947222222222213063e-03
3.024999999999991238e-03
3.330555555555544944e-03
3.199999999999990612e-03
3.480555555555544470e-03
3.438888888888878056e-03
3.544444444444433840e-03
3.594444444444433538e-03
3.836111111111099176e-03
3.616666666666655625e-03
3.816666666666654849e-03
3.672222222222210411e-03
3.816666666666654415e-03
3.886111111111098439e-03
3.794444444444432761e-03
3.838888888888876937e-03
3.963888888888876180e-03
4.033333333333321939e-03
3.847222222222210219e-03
3.922222222222209766e-03
4.036111111111099700e-03
4.280555555555556543e-03
3.816666666666654415e-03
4.116666666666660840e-03
4.005555555555543462e-03
3.986111111111099135e-03
3.977777777777765852e-03
4.022222222222211763e-03
4.199999999999998006e-03
4.099999999999994274e-03
4.002777777777765701e-03
4.047222222222210744e-03
3.797222222222210088e-03
3.994444444444432418e-03
4.016666666666656241e-03
4.113888888888881344e-03
4.216666666666661969e-03
4.069444444444434567e-03
4.180555555555551944e-03
3.872222222222210068e-03
4.141666666666658954e-03
3.988888888888876896e-03
4.058333333333324390e-03
3.919444444444432005e-03
4.041666666666656089e-03
4.174999999999997290e-03
3.963888888888876180e-03
4.027777777777766417e-03
4.083333333333325106e-03
3.927777777777765288e-03
4.124999999999993255e-03
4.169444444444439166e-03
3.930555555555543049e-03
4.013888888888877612e-03
4.102777777777768566e-03
3.952777777777765136e-03
4.002777777777765701e-03
3.858333333333321263e-03
4.044444444444434718e-03
3.902777777777765439e-03
3.947222222222209614e-03
4.011111111111099851e-03
3.869444444444432307e-03
4.077777777777768717e-03
4.113888888888878742e-03
4.061111111111102151e-03
4.133333333333328273e-03
4.011111111111099851e-03
3.786111111111099478e-03
3.997222222222209312e-03
3.786111111111099478e-03
3.899999999999988112e-03
3.958333333333320658e-03
4.027777777777766417e-03
3.908333333333320961e-03
3.874999999999987395e-03
4.066666666666656806e-03
3.711111111111099065e-03
3.955555555555542897e-03
3.927777777777765288e-03
3.830555555555543654e-03
3.922222222222209766e-03
4.002777777777765701e-03
3.888888888888876634e-03
3.813888888888876654e-03
3.738888888888877542e-03
3.822222222222210371e-03
3.833333333333321415e-03
3.911111111111098722e-03
3.924999999999987527e-03
3.808333333333321132e-03
3.886111111111098873e-03
3.797222222222210522e-03
3.930555555555543049e-03
3.955555555555543765e-03
3.791666666666654566e-03
3.672222222222210845e-03
3.799999999999987849e-03
3.974999999999987224e-03
3.619444444444432953e-03
3.874999999999987829e-03
3.688888888888877410e-03
3.847222222222210219e-03
3.813888888888877088e-03
3.724999999999988737e-03
3.833333333333321415e-03
3.827777777777765893e-03
3.822222222222210371e-03
3.697222222222210693e-03
3.749999999999988152e-03
3.955555555555542897e-03
3.822222222222210371e-03
3.830555555555543220e-03
3.802777777777765610e-03
3.794444444444432761e-03
3.705555555555543976e-03
3.652777777777766518e-03
3.733333333333322020e-03
3.727777777777766498e-03
3.738888888888877542e-03
3.722222222222210976e-03
3.611111111111100103e-03
3.941666666666654092e-03
3.899999999999988112e-03
3.769444444444432912e-03
3.616666666666655192e-03
3.755555555555544107e-03
3.638888888888877713e-03
3.730555555555543825e-03
3.816666666666654849e-03
3.680555555555544128e-03
3.819444444444432610e-03
3.630555555555544430e-03
3.602777777777766820e-03
3.802777777777766044e-03
3.733333333333322020e-03
3.616666666666655625e-03
3.605555555555544148e-03
3.577777777777766538e-03
3.580555555555544733e-03
3.711111111111099498e-03
3.783333333333321717e-03
3.536111111111100123e-03
3.644444444444432801e-03
3.666666666666654889e-03
3.641666666666655474e-03
3.608333333333322342e-03
3.780555555555543523e-03
3.588888888888878016e-03
3.533333333333321929e-03
3.591666666666655777e-03
3.699999999999988454e-03
3.699999999999988454e-03
3.586111111111100255e-03
3.558333333333322645e-03
3.699999999999988021e-03
3.477777777777767143e-03
3.766666666666655151e-03
3.583333333333322060e-03
3.536111111111100123e-03
3.494444444444433709e-03
3.613888888888877864e-03
3.722222222222210542e-03
3.580555555555544733e-03
3.602777777777766820e-03
3.649999999999988757e-03
3.569444444444433255e-03
3.486111111111099992e-03
3.622222222222211147e-03
3.619444444444432953e-03
3.469444444444433860e-03
3.436111111111100729e-03
3.599999999999989059e-03
3.536111111111099690e-03
3.505555555555544319e-03
3.674999999999988172e-03
3.408333333333322685e-03
3.558333333333322645e-03
3.405555555555545358e-03
3.447222222222211772e-03
3.488888888888877753e-03
3.477777777777767143e-03
3.741666666666654869e-03
3.572222222222211450e-03
3.669444444444433084e-03
3.327777777777767183e-03
3.622222222222211147e-03
3.505555555555544753e-03
3.494444444444433275e-03
3.530555555555544168e-03
3.311111111111100617e-03
3.447222222222211339e-03
3.336111111111100466e-03
3.438888888888878489e-03
3.469444444444433426e-03
3.472222222222211187e-03
3.494444444444433709e-03
3.502777777777766558e-03
3.338888888888878661e-03
3.469444444444433426e-03
3.361111111111100749e-03
3.333333333333322705e-03
3.522222222222211319e-03
3.441666666666655817e-03
3.341666666666656422e-03
3.447222222222211339e-03
3.461111111111100144e-03
3.502777777777766558e-03
3.305555555555545529e-03
3.458333333333322816e-03
3.511111111111100275e-03
3.197222222222211984e-03
3.261111111111100920e-03
3.405555555555544924e-03
3.430555555555544773e-03
3.324999999999989422e-03
3.377777777777767314e-03
3.366666666666655837e-03
3.638888888888877279e-03
3.522222222222211319e-03
3.311111111111101051e-03
3.466666666666655666e-03
3.372222222222211359e-03
3.377777777777767314e-03
3.297222222222211813e-03
3.411111111111100880e-03
3.269444444444434203e-03
3.241666666666656593e-03
3.402777777777767597e-03
3.513888888888878036e-03
3.222222222222212266e-03
3.413888888888878207e-03
3.247222222222212115e-03
3.422222222222211924e-03
3.358333333333322988e-03
3.349999999999989271e-03
3.369444444444433598e-03
3.277777777777767920e-03
3.469444444444433860e-03
3.388888888888878792e-03
3.366666666666656271e-03
3.244444444444434788e-03
3.347222222222211944e-03
3.322222222222212095e-03
3.394444444444433880e-03
3.405555555555544924e-03
3.302777777777767335e-03
3.422222222222211490e-03
3.416666666666656402e-03
3.308333333333322857e-03
3.324999999999989422e-03
3.283333333333323441e-03
3.255555555555545832e-03
3.194444444444434223e-03
3.030555555555546326e-03
3.191666666666656462e-03
3.099999999999990350e-03
3.294444444444434052e-03
3.274999999999989725e-03
3.399999999999989402e-03
3.180555555555545418e-03
3.305555555555545096e-03
3.141666666666656765e-03
3.158333333333323330e-03
3.208333333333323895e-03
3.288888888888878530e-03
3.216666666666656745e-03
3.174999999999990330e-03
3.152777777777767809e-03
3.380555555555545075e-03
3.236111111111101505e-03
3.277777777777767486e-03
3.252777777777767637e-03
3.349999999999989271e-03
3.277777777777767920e-03
3.166666666666657047e-03
3.344444444444433749e-03
3.230555555555545549e-03
3.177777777777767657e-03
3.108333333333324067e-03
3.102777777777768545e-03
3.180555555555545418e-03
3.036111111111102281e-03
3.086111111111101545e-03
3.188888888888879135e-03
3.208333333333323895e-03
3.297222222222211813e-03
3.199999999999990179e-03
3.211111111111101656e-03
3.169444444444434374e-03
3.099999999999990350e-03
3.152777777777767809e-03
3.236111111111101505e-03
3.324999999999989422e-03
3.169444444444434374e-03
3.230555555555545549e-03
3.330555555555545378e-03
2.958333333333324107e-03
3.152777777777768242e-03
3.269444444444434637e-03
3.077777777777768696e-03
3.208333333333323462e-03
3.069444444444434979e-03
3.216666666666656745e-03
3.094444444444434828e-03
2.902777777777768888e-03
2.997222222222213194e-03
3.038888888888879609e-03
3.188888888888878701e-03
3.219444444444434505e-03
3.133333333333323482e-03
3.158333333333323330e-03
3.111111111111101394e-03
3.061111111111101696e-03
3.097222222222212589e-03
3.147222222222212720e-03
3.097222222222212589e-03
3.083333333333324218e-03
3.161111111111101525e-03
3.058333333333323936e-03
3.183333333333323179e-03
3.136111111111101676e-03
3.183333333333323613e-03
3.177777777777767657e-03
3.163888888888879286e-03
3.127777777777768393e-03
3.149999999999990048e-03
3.227777777777768222e-03
2.972222222222212912e-03
3.133333333333323482e-03
3.069444444444434979e-03
2.938888888888880214e-03
3.177777777777767657e-03
2.897222222222213799e-03
3.180555555555545418e-03
3.005555555555546043e-03
3.108333333333323633e-03
2.974999999999990673e-03
2.955555555555546346e-03
3.113888888888879155e-03
3.080555555555546023e-03
3.099999999999990350e-03
2.958333333333324107e-03
2.874999999999991278e-03
3.127777777777768393e-03
2.852777777777769190e-03
2.944444444444435736e-03
2.941666666666657541e-03
3.111111111111101828e-03
2.936111111111102019e-03
3.069444444444434979e-03
3.022222222222212609e-03
3.052777777777768847e-03
3.044444444444435564e-03
3.016666666666657087e-03
3.030555555555546326e-03
3.086111111111101545e-03
2.886111111111102755e-03
3.024999999999990370e-03
2.849999999999990995e-03
3.002777777777768282e-03
2.947222222222213063e-03
2.999999999999990521e-03
3.099999999999990350e-03
2.841666666666657712e-03
2.986111111111101717e-03
3.180555555555545418e-03
2.855555555555546951e-03
2.966666666666657390e-03
2.922222222222213214e-03
3.013888888888879326e-03
2.999999999999990521e-03
3.088888888888879306e-03
3.077777777777768696e-03
3.036111111111101848e-03
2.805555555555546820e-03
3.016666666666657087e-03
2.855555555555547385e-03
2.919444444444435453e-03
2.902777777777769321e-03
2.927777777777768736e-03
2.899999999999991127e-03
2.738888888888880557e-03
2.816666666666657864e-03
2.911111111111102170e-03
2.949999999999990824e-03
3.044444444444435564e-03
2.830555555555546669e-03
2.916666666666657692e-03
2.916666666666658126e-03
2.938888888888879780e-03
2.961111111111102302e-03
2.988888888888879478e-03
2.869444444444435756e-03
3.172222222222212135e-03
2.905555555555546648e-03
2.933333333333324692e-03
2.877777777777769472e-03
2.905555555555546648e-03
2.949999999999991258e-03
3.036111111111101848e-03
2.924999999999990975e-03
2.805555555555546820e-03
2.897222222222213799e-03
2.933333333333324258e-03
2.952777777777768585e-03
2.752777777777769361e-03
2.849999999999990995e-03
2.866666666666657995e-03
3.016666666666657087e-03
2.716666666666658469e-03
2.727777777777769513e-03
2.849999999999990995e-03
2.899999999999991127e-03
2.955555555555546346e-03
3.044444444444435131e-03
2.861111111111102473e-03
2.777777777777769644e-03
2.863888888888880234e-03
2.819444444444435625e-03
2.916666666666657692e-03
2.858333333333324712e-03
2.819444444444436058e-03
2.766666666666658166e-03
2.761111111111102644e-03
2.866666666666657995e-03
2.961111111111101868e-03
2.791666666666658015e-03
2.899999999999991127e-03
2.702777777777769664e-03
2.780555555555546971e-03
2.874999999999991278e-03
2.974999999999990673e-03
2.886111111111102322e-03
3.002777777777768282e-03
2.744444444444436079e-03
3.013888888888879326e-03
2.894444444444435605e-03
2.849999999999990995e-03
2.816666666666657864e-03
2.855555555555547385e-03
2.758333333333324883e-03
2.827777777777768908e-03
2.763888888888880405e-03
2.808333333333324581e-03
2.758333333333324883e-03
2.897222222222213366e-03
2.611111111111103118e-03
2.772222222222213688e-03
2.786111111111102493e-03
2.894444444444435605e-03
2.880555555555546800e-03
2.716666666666658469e-03
2.694444444444436381e-03
2.727777777777769513e-03
2.738888888888880557e-03
2.819444444444435625e-03
2.849999999999990995e-03
2.772222222222214122e-03
2.772222222222213688e-03
2.944444444444435736e-03
2.794444444444435776e-03
2.627777777777770118e-03
2.672222222222213860e-03
2.719444444444436230e-03
2.674999999999991621e-03
2.897222222222213366e-03
2.783333333333324732e-03
2.741666666666658318e-03
2.827777777777768908e-03
2.874999999999991278e-03
2.763888888888880405e-03
2.786111111111102493e-03
2.749999999999991600e-03
2.758333333333325317e-03
2.924999999999990975e-03
2.711111111111102947e-03
2.711111111111102947e-03
2.605555555555547596e-03
2.686111111111103098e-03
2.841666666666657712e-03
2.774999999999991883e-03
2.586111111111103270e-03
2.855555555555546951e-03
2.711111111111102947e-03
2.758333333333324883e-03
2.749999999999991600e-03
2.955555555555546780e-03
2.674999999999991621e-03
2.708333333333325186e-03
2.802777777777769059e-03
2.619444444444435968e-03
2.633333333333325206e-03
2.747222222222213839e-03
2.655555555555547294e-03
2.783333333333324732e-03
