5.415441176470572751e-04
5.797794117647040325e-04
6.169117647058803677e-04
5.897058823529393494e-04
6.036764705882333507e-04
6.113970588235274981e-04
6.312499999999980236e-04
6.665441176470567356e-04
6.871323529411742454e-04
6.386029411764685164e-04
6.573529411764685113e-04
6.338235294117626310e-04
6.441176470588214943e-04
6.797794117647036442e-04
6.400735294117627016e-04
6.661764705882331893e-04
6.797794117647036442e-04
6.816176470588213758e-04
6.808823529411742832e-04
6.790441176470567684e-04
6.746323529411743210e-04
6.952205882352918307e-04
6.908088235294094917e-04
7.202205882352917879e-04
6.860294117647037148e-04
7.165441176470566500e-04
6.764705882352919442e-04
6.948529411764683928e-04
6.838235294117625453e-04
6.863970588235271527e-04
6.922794117647037854e-04
6.926470588235272233e-04
7.121323529411742025e-04
7.176470588235270721e-04
7.404411764705858597e-04
7.113970588235271099e-04
7.242647058823506890e-04
7.360294117647036291e-04
7.099264705882330330e-04
7.011029411764684634e-04
6.838235294117625453e-04
7.264705882352918585e-04
7.161764705882329952e-04
7.121323529411742025e-04
7.132352941176447331e-04
7.102941176470564709e-04
6.900735294117625075e-04
7.014705882352919013e-04
7.084558823529389562e-04
7.180147058823507268e-04
6.768382352941154905e-04
7.040441176470565087e-04
6.937499999999977539e-04
6.985294117647037476e-04
6.985294117647036392e-04
7.249999999999976732e-04
7.242647058823505806e-04
7.102941176470564709e-04
7.227941176470566121e-04
7.180147058823506184e-04
6.948529411764683928e-04
7.242647058823505806e-04
7.422794117647035913e-04
7.128676470588212952e-04
7.132352941176447331e-04
7.187499999999977110e-04
7.599264705882328389e-04
7.077205882352919719e-04
7.345588235294094439e-04
7.224264705882329574e-04
7.047794117647036014e-04
7.220588235294095195e-04
6.959558823529389234e-04
7.323529411764682744e-04
7.121323529411742025e-04
7.058823529411743488e-04
7.235294117647034879e-04
6.970588235294095623e-04
7.091911764705859404e-04
7.224264705882330658e-04
7.249999999999977816e-04
6.992647058823507318e-04
7.047794117647036014e-04
7.194852941176446953e-04
7.308823529411740891e-04
7.080882352941155183e-04
7.257352941176446574e-04
7.514705882352917072e-04
7.231617647058800500e-04
7.261029411764682038e-04
7.422794117647034829e-04
7.441176470588212145e-04
7.080882352941153014e-04
7.253676470588213280e-04
7.025735294117624319e-04
7.165441176470566500e-04
7.080882352941155183e-04
7.316176470588212901e-04
7.360294117647035207e-04
7.290441176470564659e-04
7.713235294117623412e-04
7.338235294117623512e-04
7.161764705882331036e-04
7.036764705882329624e-04
7.518382352941151451e-04
7.312499999999976354e-04
7.426470588235270292e-04
7.338235294117624596e-04
7.411764705882329524e-04
7.360294117647035207e-04
7.360294117647035207e-04
7.268382352941154048e-04
7.591911764705858547e-04
7.290441176470564659e-04
7.227941176470565037e-04
7.253676470588213280e-04
7.249999999999976732e-04
7.110294117647035636e-04
7.389705882352916744e-04
7.492647058823505377e-04
7.158088235294094489e-04
7.084558823529389562e-04
7.367647058823506134e-04
7.305147058823506512e-04
7.349264705882329902e-04
7.496323529411739756e-04
7.444852941176446524e-04
7.352941176470565365e-04
6.926470588235272233e-04
7.029411764705860866e-04
7.136029411764682794e-04
7.404411764705859681e-04
7.338235294117624596e-04
7.301470588235271049e-04
7.477941176470564609e-04
6.849264705882331843e-04
7.235294117647034879e-04
7.738970588235268401e-04
7.113970588235272183e-04
7.183823529411741647e-04
7.367647058823505049e-04
7.444852941176446524e-04
7.124999999999976404e-04
7.294117647058800122e-04
7.139705882352918257e-04
7.003676470588212624e-04
7.404411764705858597e-04
7.011029411764684634e-04
7.389705882352916744e-04
7.205882352941153342e-04
7.316176470588211817e-04
7.249999999999977816e-04
7.051470588235271477e-04
7.371323529411740513e-04
7.308823529411740891e-04
7.360294117647035207e-04
7.397058823529387671e-04
7.158088235294095573e-04
7.591911764705857463e-04
7.238970588235270343e-04
7.316176470588211817e-04
7.169117647058799794e-04
6.970588235294095623e-04
7.338235294117624596e-04
7.180147058823506184e-04
7.176470588235271805e-04
7.588235294117622000e-04
7.400735294117624218e-04
7.128676470588211867e-04
7.286764705882330280e-04
7.286764705882329196e-04
7.246323529411741269e-04
7.187499999999978195e-04
7.363970588235270670e-04
7.485294117647035535e-04
7.386029411764682365e-04
7.367647058823505049e-04
7.040441176470565087e-04
7.569852941176445768e-04
7.330882352941153670e-04
7.323529411764681659e-04
7.124999999999976404e-04
7.433823529411740134e-04
7.191176470588211489e-04
7.492647058823506461e-04
7.113970588235272183e-04
7.441176470588212145e-04
7.124999999999976404e-04
7.257352941176446574e-04
7.132352941176447331e-04
7.636029411764681937e-04
7.161764705882329952e-04
7.224264705882330658e-04
7.360294117647036291e-04
7.290441176470565743e-04
7.121323529411742025e-04
7.352941176470565365e-04
7.529411764705858925e-04
7.216911764705859732e-04
7.404411764705858597e-04
7.161764705882329952e-04
7.242647058823505806e-04
7.433823529411741219e-04
7.169117647058800879e-04
7.536764705882328767e-04
7.360294117647036291e-04
7.290441176470565743e-04
7.301470588235271049e-04
7.121323529411742025e-04
7.422794117647035913e-04
7.202205882352918963e-04
7.341911764705860060e-04
7.176470588235270721e-04
7.283088235294093733e-04
7.272058823529389511e-04
7.117647058823506562e-04
7.117647058823507646e-04
7.683823529411739706e-04
7.492647058823505377e-04
7.338235294117623512e-04
7.253676470588213280e-04
7.246323529411741269e-04
7.363970588235271755e-04
7.231617647058800500e-04
7.069852941176448793e-04
7.536764705882329851e-04
7.279411764705858269e-04
7.283088235294093733e-04
7.216911764705859732e-04
7.180147058823506184e-04
7.330882352941153670e-04
7.227941176470566121e-04
7.069852941176447709e-04
7.334558823529389133e-04
7.194852941176448037e-04
7.158088235294094489e-04
7.055147058823508024e-04
7.143382352941154805e-04
7.169117647058799794e-04
7.452205882352918535e-04
7.452205882352917450e-04
7.430147058823505755e-04
7.433823529411741219e-04
7.547794117647034073e-04
7.433823529411741219e-04
7.330882352941153670e-04
7.345588235294094439e-04
7.169117647058799794e-04
7.209558823529388805e-04
7.430147058823505755e-04
7.602941176470563852e-04
7.235294117647034879e-04
7.301470588235269964e-04
7.301470588235271049e-04
7.209558823529389890e-04
7.154411764705860110e-04
7.430147058823505755e-04
7.062499999999976782e-04
7.172794117647035258e-04
7.408088235294095145e-04
7.275735294117623890e-04
7.147058823529388099e-04
7.301470588235269964e-04
7.363970588235271755e-04
7.161764705882329952e-04
7.224264705882329574e-04
7.205882352941153342e-04
7.194852941176448037e-04
7.349264705882329902e-04
7.305147058823506512e-04
7.378676470588211439e-04
7.238970588235270343e-04
7.077205882352918635e-04
6.893382352941154149e-04
7.647058823529388327e-04
7.246323529411741269e-04
7.121323529411743109e-04
7.305147058823505428e-04
7.124999999999976404e-04
7.191176470588211489e-04
7.110294117647035636e-04
7.235294117647035964e-04
7.110294117647035636e-04
7.150735294117624647e-04
7.227941176470566121e-04
7.088235294117625025e-04
7.378676470588212523e-04
7.158088235294094489e-04
7.275735294117623890e-04
7.374999999999975976e-04
7.496323529411739756e-04
7.404411764705858597e-04
7.136029411764683878e-04
7.305147058823505428e-04
7.319852941176447280e-04
7.452205882352918535e-04
7.158088235294094489e-04
7.422794117647034829e-04
7.014705882352919013e-04
7.459558823529388377e-04
7.341911764705860060e-04
7.113970588235271099e-04
7.371323529411740513e-04
7.415441176470564987e-04
7.011029411764683550e-04
7.069852941176447709e-04
7.264705882352918585e-04
6.948529411764685013e-04
7.242647058823506890e-04
7.172794117647035258e-04
7.279411764705859354e-04
7.426470588235270292e-04
7.599264705882329473e-04
7.389705882352917829e-04
7.220588235294094111e-04
7.533088235294094388e-04
7.264705882352918585e-04
7.389705882352916744e-04
7.650735294117622706e-04
7.316176470588211817e-04
7.345588235294093354e-04
7.169117647058800879e-04
7.459558823529388377e-04
7.297794117647035585e-04
7.136029411764682794e-04
7.257352941176446574e-04
7.110294117647036720e-04
7.084558823529389562e-04
7.183823529411741647e-04
7.069852941176447709e-04
7.352941176470564281e-04
7.386029411764682365e-04
7.209558823529389890e-04
7.647058823529387242e-04
7.352941176470565365e-04
7.113970588235272183e-04
7.330882352941152586e-04
7.643382352941152863e-04
7.371323529411740513e-04
7.411764705882329524e-04
7.286764705882329196e-04
7.246323529411742353e-04
7.400735294117623134e-04
7.297794117647035585e-04
7.264705882352918585e-04
7.448529411764683071e-04
7.540441176470563146e-04
7.408088235294094060e-04
7.408088235294094060e-04
7.643382352941151779e-04
7.084558823529389562e-04
7.360294117647035207e-04
7.220588235294095195e-04
7.430147058823505755e-04
7.047794117647037098e-04
7.400735294117623134e-04
7.444852941176447608e-04
7.235294117647034879e-04
7.397058823529387671e-04
6.897058823529390696e-04
7.235294117647034879e-04
7.257352941176446574e-04
7.294117647058801206e-04
7.294117647058801206e-04
7.430147058823505755e-04
7.477941176470564609e-04
7.327205882352917123e-04
7.433823529411740134e-04
7.261029411764682038e-04
7.459558823529387293e-04
7.624999999999975547e-04
7.235294117647035964e-04
7.143382352941153720e-04
7.514705882352917072e-04
7.290441176470564659e-04
7.312499999999977438e-04
7.187499999999977110e-04
7.415441176470564987e-04
7.477941176470564609e-04
7.069852941176448793e-04
7.132352941176447331e-04
7.525735294117623462e-04
7.536764705882329851e-04
7.088235294117625025e-04
7.143382352941153720e-04
7.356617647058800828e-04
7.040441176470565087e-04
7.194852941176446953e-04
6.944852941176448465e-04
7.522058823529387999e-04
7.275735294117624975e-04
7.147058823529389184e-04
7.272058823529389511e-04
7.297794117647035585e-04
6.996323529411741697e-04
7.286764705882330280e-04
7.466911764705859303e-04
7.485294117647035535e-04
7.301470588235269964e-04
7.209558823529388805e-04
7.319852941176447280e-04
7.183823529411741647e-04
7.628676470588209926e-04
7.268382352941154048e-04
7.261029411764682038e-04
7.301470588235269964e-04
7.488970588235270998e-04
7.301470588235271049e-04
7.356617647058800828e-04
7.525735294117622378e-04
7.371323529411740513e-04
7.194852941176446953e-04
7.356617647058799744e-04
7.198529411764682416e-04
7.459558823529387293e-04
7.235294117647035964e-04
7.319852941176448365e-04
7.121323529411743109e-04
7.738970588235269486e-04
7.334558823529388049e-04
7.121323529411743109e-04
7.411764705882329524e-04
7.352941176470564281e-04
7.466911764705859303e-04
7.316176470588211817e-04
7.356617647058800828e-04
7.264705882352917501e-04
7.345588235294093354e-04
7.062499999999977867e-04
7.231617647058801585e-04
7.253676470588213280e-04
6.996323529411741697e-04
7.279411764705858269e-04
7.316176470588211817e-04
7.268382352941154048e-04
7.316176470588211817e-04
7.128676470588212952e-04
7.264705882352918585e-04
7.297794117647036670e-04
7.301470588235269964e-04
7.102941176470564709e-04
7.213235294117623184e-04
7.191176470588212574e-04
7.694852941176445011e-04
7.165441176470565415e-04
7.084558823529388477e-04
7.246323529411741269e-04
7.341911764705858975e-04
7.121323529411742025e-04
7.051470588235272561e-04
7.522058823529386914e-04
7.007352941176448087e-04
7.272058823529389511e-04
7.106617647058800172e-04
7.308823529411740891e-04
7.062499999999977867e-04
7.158088235294094489e-04
7.279411764705858269e-04
7.426470588235271376e-04
7.305147058823505428e-04
7.319852941176447280e-04
7.411764705882328439e-04
7.080882352941153014e-04
7.132352941176448415e-04
7.275735294117624975e-04
7.084558823529388477e-04
7.580882352941153242e-04
7.150735294117623563e-04
7.198529411764682416e-04
7.382352941176447986e-04
7.102941176470564709e-04
7.257352941176447659e-04
7.172794117647035258e-04
7.312499999999977438e-04
7.687499999999975169e-04
7.393382352941152208e-04
7.393382352941153292e-04
7.246323529411741269e-04
7.183823529411741647e-04
7.408088235294095145e-04
7.441176470588211061e-04
7.022058823529388856e-04
6.886029411764683222e-04
7.102941176470564709e-04
7.136029411764682794e-04
6.977941176470565466e-04
7.194852941176446953e-04
7.047794117647036014e-04
7.544117647058799694e-04
7.069852941176447709e-04
7.139705882352919341e-04
7.202205882352917879e-04
7.518382352941153620e-04
7.080882352941153014e-04
7.345588235294093354e-04
7.176470588235270721e-04
7.124999999999976404e-04
7.213235294117623184e-04
7.154411764705860110e-04
7.294117647058800122e-04
7.514705882352918156e-04
6.963235294117624697e-04
7.496323529411739756e-04
7.117647058823506562e-04
7.150735294117623563e-04
7.286764705882329196e-04
7.533088235294093304e-04
7.297794117647035585e-04
7.283088235294093733e-04
7.558823529411740462e-04
6.922794117647036770e-04
7.268382352941152964e-04
7.261029411764682038e-04
7.283088235294093733e-04
7.518382352941151451e-04
7.080882352941153014e-04
7.213235294117623184e-04
7.147058823529388099e-04
7.180147058823506184e-04
7.389705882352916744e-04
7.150735294117623563e-04
7.327205882352917123e-04
7.363970588235270670e-04
7.540441176470563146e-04
7.426470588235270292e-04
7.323529411764682744e-04
7.352941176470564281e-04
7.363970588235270670e-04
7.268382352941154048e-04
7.047794117647036014e-04
7.007352941176448087e-04
7.499999999999975219e-04
7.202205882352917879e-04
6.900735294117626159e-04
7.312499999999976354e-04
7.102941176470564709e-04
7.227941176470566121e-04
7.231617647058801585e-04
7.448529411764681987e-04
7.411764705882329524e-04
7.216911764705858648e-04
7.198529411764682416e-04
7.522058823529387999e-04
6.922794117647036770e-04
7.165441176470566500e-04
7.301470588235269964e-04
7.474264705882330230e-04
7.499999999999975219e-04
7.294117647058800122e-04
7.363970588235271755e-04
7.334558823529389133e-04
7.261029411764683122e-04
7.374999999999977060e-04
7.264705882352917501e-04
7.316176470588211817e-04
7.441176470588212145e-04
7.132352941176447331e-04
7.202205882352918963e-04
7.268382352941152964e-04
7.349264705882329902e-04
7.055147058823508024e-04
7.488970588235270998e-04
7.128676470588211867e-04
7.569852941176445768e-04
7.319852941176447280e-04
7.562499999999974841e-04
7.341911764705860060e-04
7.084558823529389562e-04
7.492647058823506461e-04
7.264705882352917501e-04
7.066176470588212246e-04
7.264705882352918585e-04
7.573529411764681231e-04
7.584558823529387621e-04
7.474264705882330230e-04
7.308823529411740891e-04
7.308823529411740891e-04
7.665441176470564558e-04
7.058823529411741319e-04
7.301470588235269964e-04
7.426470588235270292e-04
7.246323529411742353e-04
7.389705882352917829e-04
7.124999999999976404e-04
7.220588235294095195e-04
7.378676470588211439e-04
7.371323529411740513e-04
7.577205882352916694e-04
7.422794117647035913e-04
7.231617647058800500e-04
7.367647058823506134e-04
7.205882352941153342e-04
7.205882352941154426e-04
7.319852941176447280e-04
7.124999999999977488e-04
7.511029411764681609e-04
7.165441176470565415e-04
7.319852941176448365e-04
6.988970588235271855e-04
7.411764705882328439e-04
7.106617647058800172e-04
7.393382352941152208e-04
7.352941176470564281e-04
7.591911764705857463e-04
7.283088235294093733e-04
7.419117647058799366e-04
7.238970588235270343e-04
7.308823529411740891e-04
6.981617647058800929e-04
7.224264705882329574e-04
7.374999999999977060e-04
7.444852941176447608e-04
7.463235294117622756e-04
7.202205882352917879e-04
7.158088235294094489e-04
7.481617647058798988e-04
7.036764705882331793e-04
7.397058823529387671e-04
7.180147058823507268e-04
7.459558823529388377e-04
7.088235294117623941e-04
7.150735294117623563e-04
7.058823529411743488e-04
7.492647058823505377e-04
7.338235294117623512e-04
7.227941176470565037e-04
7.055147058823506940e-04
7.220588235294094111e-04
7.272058823529388427e-04
7.249999999999976732e-04
7.275735294117624975e-04
7.499999999999975219e-04
7.341911764705860060e-04
7.069852941176448793e-04
7.312499999999976354e-04
7.257352941176446574e-04
7.033088235294095245e-04
7.463235294117622756e-04
7.367647058823505049e-04
7.389705882352916744e-04
6.904411764705861623e-04
7.382352941176447986e-04
7.463235294117623840e-04
7.316176470588211817e-04
7.231617647058800500e-04
6.988970588235271855e-04
7.455882352941152914e-04
7.176470588235270721e-04
7.419117647058800450e-04
6.977941176470566550e-04
7.283088235294093733e-04
7.415441176470564987e-04
7.566176470588210305e-04
7.349264705882329902e-04
7.279411764705858269e-04
7.613970588235269158e-04
7.014705882352920098e-04
7.312499999999977438e-04
7.522058823529386914e-04
6.992647058823507318e-04
7.382352941176447986e-04
7.301470588235271049e-04
7.253676470588213280e-04
7.191176470588211489e-04
6.966911764705860160e-04
6.981617647058802013e-04
7.029411764705859782e-04
7.080882352941155183e-04
7.169117647058800879e-04
7.367647058823506134e-04
7.014705882352920098e-04
6.952205882352918307e-04
7.257352941176446574e-04
7.124999999999976404e-04
7.367647058823505049e-04
7.117647058823506562e-04
7.018382352941153392e-04
7.139705882352918257e-04
7.566176470588210305e-04
7.437499999999975598e-04
7.268382352941152964e-04
7.036764705882329624e-04
7.275735294117623890e-04
7.426470588235270292e-04
6.992647058823507318e-04
7.698529411764680475e-04
7.047794117647037098e-04
7.055147058823508024e-04
7.246323529411741269e-04
7.275735294117623890e-04
7.316176470588211817e-04
7.202205882352918963e-04
7.066176470588212246e-04
7.227941176470565037e-04
7.143382352941153720e-04
7.341911764705858975e-04
7.367647058823505049e-04
7.084558823529389562e-04
7.540441176470563146e-04
7.268382352941152964e-04
7.158088235294094489e-04
7.261029411764682038e-04
7.227941176470565037e-04
7.444852941176446524e-04
7.227941176470566121e-04
6.882352941176448843e-04
7.180147058823507268e-04
7.139705882352918257e-04
7.011029411764683550e-04
7.422794117647034829e-04
7.301470588235269964e-04
7.297794117647035585e-04
7.286764705882329196e-04
7.481617647058798988e-04
7.426470588235271376e-04
7.404411764705858597e-04
7.216911764705859732e-04
7.327205882352917123e-04
7.124999999999977488e-04
7.095588235294095951e-04
7.316176470588212901e-04
7.525735294117623462e-04
7.400735294117623134e-04
7.544117647058799694e-04
7.643382352941151779e-04
7.378676470588211439e-04
6.948529411764683928e-04
7.297794117647036670e-04
7.338235294117624596e-04
7.191176470588211489e-04
7.437499999999976682e-04
7.349264705882329902e-04
7.551470588235270620e-04
7.139705882352918257e-04
7.106617647058800172e-04
7.272058823529388427e-04
7.242647058823506890e-04
7.533088235294093304e-04
7.341911764705860060e-04
7.352941176470564281e-04
7.338235294117623512e-04
7.404411764705858597e-04
7.290441176470565743e-04
7.224264705882329574e-04
7.176470588235271805e-04
7.279411764705858269e-04
7.187499999999977110e-04
7.397058823529388755e-04
7.165441176470566500e-04
7.143382352941153720e-04
7.183823529411742731e-04
7.279411764705859354e-04
7.437499999999975598e-04
7.558823529411741547e-04
7.496323529411739756e-04
7.224264705882330658e-04
7.463235294117622756e-04
7.496323529411739756e-04
6.985294117647036392e-04
7.286764705882329196e-04
7.283088235294094817e-04
7.481617647058800072e-04
7.566176470588211389e-04
6.926470588235272233e-04
7.268382352941154048e-04
7.496323529411741925e-04
7.213235294117624269e-04
7.261029411764682038e-04
7.128676470588211867e-04
7.518382352941153620e-04
7.518382352941153620e-04
7.371323529411741597e-04
7.172794117647035258e-04
7.448529411764683071e-04
7.220588235294094111e-04
7.139705882352918257e-04
7.437499999999975598e-04
6.959558823529389234e-04
7.305147058823505428e-04
7.261029411764683122e-04
7.272058823529389511e-04
6.772058823529390368e-04
7.147058823529388099e-04
7.411764705882328439e-04
7.426470588235271376e-04
7.444852941176446524e-04
7.301470588235271049e-04
7.238970588235271427e-04
7.113970588235271099e-04
7.499999999999976304e-04
7.422794117647035913e-04
7.536764705882329851e-04
6.919117647058801307e-04
6.959558823529389234e-04
7.180147058823507268e-04
7.297794117647036670e-04
7.352941176470564281e-04
6.959558823529390318e-04
7.242647058823505806e-04
7.448529411764683071e-04
7.492647058823505377e-04
7.330882352941152586e-04
7.106617647058800172e-04
7.088235294117623941e-04
7.444852941176447608e-04
7.419117647058800450e-04
7.150735294117624647e-04
7.577205882352917778e-04
7.077205882352918635e-04
7.665441176470564558e-04
7.286764705882329196e-04
7.411764705882328439e-04
7.334558823529389133e-04
7.617647058823505705e-04
7.503676470588211767e-04
7.430147058823506840e-04
7.415441176470564987e-04
7.143382352941154805e-04
7.216911764705858648e-04
7.279411764705859354e-04
7.334558823529388049e-04
7.264705882352917501e-04
7.426470588235270292e-04
7.330882352941153670e-04
7.257352941176447659e-04
7.077205882352918635e-04
7.176470588235270721e-04
7.003676470588212624e-04
7.466911764705859303e-04
7.268382352941152964e-04
7.242647058823505806e-04
7.261029411764682038e-04
7.463235294117623840e-04
7.341911764705858975e-04
7.632352941176446474e-04
7.275735294117624975e-04
7.113970588235271099e-04
7.569852941176446852e-04
7.448529411764681987e-04
7.312499999999977438e-04
7.507352941176447230e-04
7.349264705882328818e-04
7.312499999999976354e-04
7.374999999999975976e-04
7.283088235294094817e-04
7.261029411764683122e-04
7.481617647058800072e-04
7.172794117647036342e-04
7.360294117647035207e-04
7.139705882352919341e-04
7.007352941176448087e-04
7.169117647058800879e-04
7.525735294117622378e-04
7.272058823529389511e-04
7.216911764705858648e-04
7.382352941176446902e-04
7.330882352941152586e-04
7.290441176470565743e-04
7.279411764705859354e-04
7.316176470588211817e-04
7.055147058823506940e-04
7.106617647058800172e-04
7.011029411764683550e-04
7.485294117647034451e-04
7.529411764705858925e-04
7.459558823529388377e-04
7.466911764705858219e-04
7.220588235294095195e-04
7.264705882352918585e-04
7.224264705882329574e-04
7.408088235294094060e-04
7.073529411764684256e-04
7.235294117647034879e-04
7.169117647058800879e-04
7.297794117647035585e-04
7.283088235294093733e-04
7.242647058823505806e-04
7.290441176470565743e-04
7.261029411764682038e-04
7.683823529411740790e-04
7.301470588235269964e-04
7.562499999999974841e-04
7.367647058823506134e-04
7.099264705882330330e-04
7.231617647058801585e-04
7.628676470588211011e-04
7.080882352941153014e-04
7.371323529411740513e-04
7.433823529411740134e-04
7.154411764705860110e-04
7.172794117647035258e-04
7.257352941176446574e-04
7.051470588235271477e-04
7.378676470588212523e-04
7.367647058823505049e-04
7.169117647058799794e-04
7.540441176470565315e-04
6.981617647058800929e-04
7.294117647058800122e-04
7.191176470588211489e-04
7.338235294117624596e-04
7.014705882352919013e-04
7.374999999999975976e-04
7.422794117647034829e-04
7.411764705882329524e-04
7.062499999999976782e-04
7.246323529411742353e-04
7.018382352941153392e-04
7.463235294117623840e-04
7.113970588235271099e-04
7.378676470588211439e-04
7.408088235294095145e-04
7.566176470588211389e-04
7.352941176470564281e-04
7.437499999999976682e-04
7.242647058823506890e-04
7.080882352941153014e-04
6.992647058823507318e-04
7.088235294117623941e-04
7.264705882352917501e-04
7.334558823529388049e-04
7.341911764705858975e-04
7.158088235294095573e-04
7.330882352941153670e-04
7.286764705882330280e-04
7.444852941176446524e-04
7.147058823529388099e-04
7.099264705882330330e-04
7.341911764705860060e-04
7.955882352941149888e-04
7.099264705882330330e-04
6.988970588235271855e-04
7.319852941176447280e-04
7.363970588235271755e-04
7.268382352941152964e-04
7.639705882352916316e-04
7.591911764705857463e-04
7.235294117647034879e-04
7.334558823529388049e-04
7.121323529411743109e-04
7.154411764705859026e-04
7.525735294117623462e-04
7.419117647058799366e-04
7.139705882352918257e-04
7.238970588235270343e-04
7.632352941176445390e-04
7.503676470588211767e-04
7.323529411764681659e-04
7.551470588235269536e-04
7.275735294117624975e-04
7.488970588235269914e-04
7.316176470588211817e-04
7.224264705882330658e-04
7.084558823529388477e-04
7.400735294117623134e-04
7.238970588235271427e-04
7.128676470588212952e-04
7.341911764705860060e-04
7.069852941176447709e-04
7.290441176470564659e-04
7.338235294117623512e-04
7.246323529411741269e-04
7.444852941176446524e-04
7.022058823529389940e-04
7.768382352941152107e-04
7.374999999999977060e-04
7.389705882352916744e-04
7.360294117647036291e-04
7.297794117647036670e-04
7.106617647058800172e-04
7.022058823529388856e-04
7.452205882352918535e-04
7.393382352941152208e-04
7.349264705882329902e-04
7.312499999999977438e-04
7.518382352941153620e-04
7.650735294117621621e-04
7.095588235294094867e-04
7.422794117647035913e-04
6.816176470588213758e-04
7.058823529411741319e-04
7.455882352941152914e-04
7.404411764705859681e-04
7.198529411764683500e-04
7.540441176470565315e-04
7.113970588235271099e-04
7.099264705882330330e-04
7.117647058823506562e-04
7.147058823529388099e-04
7.584558823529387621e-04
7.095588235294094867e-04
7.415441176470563903e-04
7.121323529411742025e-04
7.202205882352917879e-04
7.055147058823506940e-04
7.117647058823506562e-04
7.363970588235270670e-04
7.558823529411740462e-04
7.389705882352916744e-04
7.187499999999977110e-04
7.290441176470564659e-04
8.158088235294091691e-04
8.492647058823502579e-04
8.948529411764677248e-04
9.191176470588205893e-04
9.794117647058790416e-04
1.037499999999998059e-03
1.051838235294116040e-03
1.083088235294118453e-03
1.179044117647063501e-03
1.239338235294124013e-03
1.305882352941185355e-03
1.346323529411773282e-03
1.320955882352951947e-03
1.415808823529423862e-03
1.463235294117660144e-03
1.483088235294129260e-03
1.493750000000012646e-03
1.557720588235307754e-03
1.617647058823546563e-03
1.627205882352959635e-03
1.667279411764721305e-03
1.726102941176487849e-03
1.758455882352960792e-03
1.743382352941194634e-03
1.774632352941196613e-03
1.882352941176490373e-03
1.831617647058842715e-03
1.808823529411781976e-03
1.913970588235315356e-03
1.924632352941197224e-03
1.956617647058843910e-03
1.942647058823548066e-03
1.956250000000023508e-03
2.037500000000022800e-03
2.050367647058844861e-03
2.051470588235317343e-03
2.068750000000024129e-03
2.066544117647079598e-03
2.139338235294141553e-03
2.084558823529434127e-03
2.129411764705903525e-03
2.179411764705905825e-03
2.190808823529433701e-03
2.170955882352965018e-03
2.185661764705906437e-03
2.208455882352962623e-03
2.206985294117669739e-03
2.225735294117668975e-03
2.221691176470612025e-03
2.241176470588258571e-03
2.259926470588259542e-03
2.254779411764730544e-03
2.247794117647081320e-03
2.245588235294139392e-03
2.250000000000025851e-03
2.269485294117670662e-03
2.276470588235319885e-03
2.319485294117667757e-03
2.311764705882379464e-03
2.297426470588260616e-03
2.339338235294141644e-03
2.287867647058850363e-03
2.300367647058847251e-03
2.352573529411788444e-03
2.374264705882376918e-03
2.381985294117673450e-03
2.331617647058846846e-03
2.340441176470612825e-03
2.379411764705909385e-03
2.345220588235317951e-03
2.310661764705906115e-03
2.387867647058849758e-03
2.367279411764728995e-03
2.375735294117674139e-03
2.399632352941202373e-03
2.405514705882375211e-03
2.485294117647083353e-03
2.424264705882375748e-03
2.387500000000027187e-03
2.390808823529438562e-03
2.415808823529432773e-03
2.411764705882377992e-03
2.461397058823552083e-03
2.392279411764729278e-03
2.411764705882377992e-03
2.319852941176496399e-03
2.464338235294142622e-03
2.414338235294138588e-03
2.488235294117670422e-03
2.415808823529432773e-03
2.401838235294138663e-03
2.422794117647080695e-03
2.469117647058849049e-03
2.410294117647080771e-03
2.442647058823555449e-03
2.405882352941200383e-03
2.476102941176491334e-03
2.452573529411788272e-03
2.481985294117671544e-03
2.372426470588260596e-03
2.120220588235316277e-03
1.941911764705904009e-03
1.768014705882371479e-03
1.654779411764722898e-03
1.576838235294133680e-03
1.378676470588246876e-03
1.326102941176479210e-03
1.263602941176477854e-03
1.174632352941180945e-03
1.116544117647060843e-03
1.081985294117648140e-03
1.031985294117645190e-03
9.900735294117615597e-04
9.213235294117617588e-04
9.088235294117618344e-04
8.555147058823502201e-04
8.419117647058796568e-04
8.426470588235267494e-04
8.216911764705856934e-04
7.540441176470565315e-04
7.503676470588211767e-04
7.356617647058800828e-04
7.194852941176446953e-04
7.007352941176448087e-04
7.253676470588213280e-04
6.897058823529389612e-04
6.761029411764683979e-04
6.529411764705861723e-04
6.606617647058802114e-04
6.786764705882332221e-04
6.301470588235273847e-04
6.514705882352919870e-04
6.525735294117627344e-04
6.099264705882333128e-04
6.294117647058802920e-04
6.136029411764686676e-04
6.117647058823509360e-04
6.124999999999980287e-04
6.018382352941157275e-04
5.878676470588216178e-04
5.738970588235276166e-04
5.963235294117628579e-04
6.161764705882332750e-04
5.720588235294101018e-04
5.897058823529393494e-04
5.944852941176451263e-04
5.819852941176452020e-04
5.860294117647039946e-04
5.926470588235275032e-04
5.511029411764688290e-04
5.731617647058805240e-04
5.345588235294101119e-04
5.602941176470570533e-04
5.827205882352922946e-04
5.874999999999981799e-04
5.650735294117629386e-04
5.713235294117629008e-04
5.738970588235276166e-04
5.584558823529394301e-04
5.577205882352923375e-04
5.522058823529394679e-04
5.555147058823511680e-04
5.624999999999982228e-04
5.709558823529393545e-04
5.367647058823512814e-04
5.264705882352924181e-04
5.588235294117629764e-04
5.775735294117628630e-04
5.246323529411747949e-04
5.529411764705864521e-04
5.547794117647041837e-04
5.492647058823512058e-04
5.419117647058806046e-04
5.661764705882334691e-04
5.801470588235275788e-04
5.691176470588217313e-04
5.474264705882335826e-04
5.305147058823513192e-04
5.639705882352922996e-04
5.805147058823511251e-04
5.617647058823511301e-04
5.481617647058806752e-04
5.511029411764688290e-04
5.658088235294099228e-04
5.794117647058804861e-04
5.430147058823512436e-04
5.783088235294099556e-04
5.474264705882335826e-04
5.455882352941159594e-04
5.617647058823511301e-04
5.374999999999982656e-04
5.735294117647040703e-04
5.676470588235276544e-04
5.647058823529393923e-04
5.503676470588218447e-04
5.566176470588218069e-04
5.665441176470570155e-04
5.724264705882334313e-04
5.481617647058806752e-04
5.334558823529394729e-04
5.474264705882335826e-04
5.477941176470571289e-04
5.606617647058805996e-04
5.470588235294100363e-04
5.452205882352924131e-04
5.481617647058806752e-04
5.555147058823511680e-04
5.643382352941158460e-04
5.724264705882334313e-04
5.669117647058805618e-04
5.422794117647042594e-04
5.683823529411746386e-04
5.363970588235277351e-04
5.691176470588217313e-04
5.698529411764688239e-04
5.584558823529394301e-04
5.647058823529393923e-04
5.386029411764689046e-04
5.705882352941158081e-04
5.551470588235276216e-04
5.650735294117629386e-04
5.647058823529393923e-04
5.558823529411747143e-04
5.386029411764689046e-04
5.345588235294101119e-04
5.687499999999981850e-04
5.452205882352924131e-04
5.297794117647042266e-04
5.463235294117629436e-04
5.488970588235276594e-04
5.661764705882334691e-04
5.801470588235275788e-04
5.577205882352923375e-04
5.805147058823511251e-04
5.650735294117629386e-04
5.584558823529394301e-04
5.683823529411746386e-04
5.617647058823511301e-04
5.474264705882335826e-04
5.661764705882334691e-04
5.768382352941157703e-04
5.867647058823510873e-04
5.691176470588217313e-04
5.819852941176452020e-04
5.786764705882335019e-04
5.654411764705864849e-04
5.661764705882334691e-04
5.724264705882334313e-04
5.481617647058807836e-04
5.602941176470570533e-04
5.863970588235275410e-04
5.794117647058804861e-04
5.591911764705865227e-04
5.738970588235276166e-04
5.654411764705864849e-04
5.856617647058804483e-04
5.606617647058805996e-04
5.742647058823511629e-04
5.731617647058805240e-04
5.661764705882334691e-04
6.033088235294098043e-04
5.632352941176453154e-04
5.823529411764687483e-04
5.705882352941158081e-04
5.764705882352923324e-04
5.503676470588218447e-04
5.841911764705863715e-04
5.753676470588216935e-04
5.687499999999981850e-04
5.694852941176452776e-04
5.680147058823510923e-04
5.709558823529393545e-04
5.746323529411746008e-04
5.974264705882333885e-04
5.941176470588216884e-04
5.507352941176452826e-04
5.786764705882335019e-04
5.735294117647040703e-04
5.764705882352923324e-04
5.819852941176452020e-04
5.797794117647040325e-04
5.672794117647042165e-04
5.867647058823510873e-04
5.816176470588216556e-04
5.790441176470569398e-04
5.709558823529393545e-04
5.977941176470569348e-04
5.974264705882333885e-04
5.830882352941159493e-04
5.716911764705864471e-04
5.724264705882334313e-04
5.716911764705864471e-04
5.841911764705863715e-04
6.040441176470568970e-04
5.768382352941157703e-04
6.176470588235274603e-04
6.036764705882333507e-04
5.849264705882334641e-04
5.805147058823511251e-04
5.742647058823511629e-04
5.749999999999981471e-04
5.753676470588216935e-04
5.882352941176451641e-04
5.874999999999981799e-04
5.845588235294099178e-04
5.772058823529393166e-04
5.720588235294099934e-04
6.110294117647039518e-04
5.830882352941158409e-04
5.867647058823510873e-04
5.786764705882335019e-04
5.705882352941158081e-04
6.011029411764686348e-04
5.985294117647040274e-04
5.761029411764687861e-04
5.702205882352922618e-04
5.742647058823511629e-04
5.852941176470570104e-04
6.180147058823511150e-04
6.011029411764686348e-04
5.705882352941158081e-04
5.852941176470570104e-04
5.727941176470569776e-04
5.716911764705864471e-04
6.106617647058804055e-04
5.639705882352922996e-04
5.908088235294098800e-04
5.716911764705864471e-04
5.878676470588216178e-04
5.874999999999981799e-04
6.136029411764686676e-04
5.772058823529393166e-04
6.073529411764687054e-04
5.904411764705864421e-04
5.952205882352923274e-04
5.834558823529392788e-04
6.091911764705863286e-04
5.970588235294098422e-04
5.753676470588216935e-04
5.643382352941158460e-04
5.775735294117628630e-04
5.845588235294099178e-04
6.198529411764686298e-04
5.808823529411746714e-04
5.845588235294099178e-04
5.882352941176451641e-04
5.860294117647039946e-04
5.749999999999982556e-04
5.753676470588216935e-04
5.819852941176452020e-04
5.790441176470569398e-04
5.812499999999981093e-04
6.202205882352921761e-04
6.055147058823509738e-04
6.022058823529392738e-04
5.904411764705863336e-04
6.286764705882333078e-04
5.860294117647039946e-04
5.999999999999981043e-04
6.022058823529392738e-04
6.136029411764686676e-04
6.095588235294098749e-04
6.110294117647039518e-04
6.224264705882333456e-04
5.952205882352922190e-04
6.147058823529391982e-04
5.849264705882334641e-04
6.176470588235274603e-04
5.897058823529393494e-04
5.753676470588216935e-04
5.941176470588216884e-04
6.007352941176451969e-04
5.533088235294099985e-04
6.073529411764687054e-04
5.970588235294098422e-04
5.930147058823510495e-04
6.349264705882333784e-04
6.117647058823509360e-04
6.117647058823511529e-04
6.047794117647039896e-04
6.257352941176450457e-04
6.058823529411746286e-04
5.948529411764687811e-04
5.955882352941157653e-04
6.007352941176451969e-04
5.757352941176452398e-04
5.974264705882333885e-04
5.702205882352924787e-04
5.996323529411745580e-04
5.933823529411745958e-04
6.176470588235274603e-04
5.959558823529393116e-04
6.433823529411744017e-04
5.930147058823510495e-04
5.930147058823510495e-04
6.382352941176449700e-04
6.025735294117629285e-04
6.132352941176451213e-04
6.194852941176450835e-04
6.095588235294098749e-04
6.187499999999980993e-04
6.143382352941157603e-04
6.022058823529392738e-04
6.191176470588215372e-04
5.941176470588216884e-04
5.959558823529393116e-04
6.172794117647039140e-04
6.018382352941157275e-04
6.069852941176451591e-04
6.363970588235273469e-04
6.003676470588216506e-04
5.933823529411745958e-04
6.272058823529391225e-04
5.985294117647040274e-04
6.352941176470568163e-04
6.316176470588214615e-04
6.294117647058802920e-04
6.088235294117627823e-04
6.132352941176451213e-04
6.062499999999980665e-04
6.066176470588216128e-04
6.213235294117628151e-04
6.279411764705862152e-04
6.040441176470568970e-04
6.224264705882333456e-04
5.977941176470569348e-04
6.095588235294098749e-04
6.290441176470568541e-04
6.165441176470568213e-04
6.161764705882334919e-04
6.172794117647039140e-04
6.227941176470567835e-04
6.003676470588216506e-04
6.136029411764686676e-04
6.044117647058804433e-04
6.352941176470568163e-04
6.246323529411745151e-04
6.216911764705862530e-04
6.264705882352922467e-04
6.194852941176450835e-04
6.047794117647039896e-04
6.154411764705863992e-04
6.334558823529391931e-04
6.198529411764686298e-04
6.180147058823510066e-04
6.283088235294097615e-04
6.198529411764686298e-04
6.297794117647038383e-04
5.893382352941158031e-04
6.209558823529391603e-04
6.283088235294097615e-04
6.136029411764686676e-04
6.624999999999978345e-04
6.290441176470568541e-04
6.235294117647038762e-04
6.374999999999979858e-04
5.926470588235275032e-04
6.224264705882333456e-04
6.249999999999979530e-04
6.227941176470568919e-04
6.069852941176452675e-04
6.503676470588215649e-04
6.022058823529392738e-04
6.136029411764686676e-04
5.878676470588216178e-04
6.202205882352921761e-04
6.176470588235274603e-04
6.099264705882333128e-04
5.959558823529393116e-04
6.154411764705862908e-04
6.099264705882333128e-04
6.216911764705862530e-04
6.216911764705862530e-04
6.095588235294098749e-04
6.279411764705862152e-04
6.121323529411744823e-04
6.290441176470568541e-04
6.279411764705862152e-04
6.084558823529392360e-04
6.294117647058802920e-04
6.378676470588216406e-04
6.319852941176450078e-04
6.176470588235274603e-04
6.202205882352921761e-04
6.382352941176449700e-04
6.242647058823509688e-04
6.448529411764684785e-04
6.180147058823511150e-04
5.897058823529393494e-04
6.128676470588215750e-04
6.224264705882333456e-04
6.066176470588216128e-04
6.422794117647038711e-04
6.253676470588214993e-04
6.095588235294098749e-04
6.374999999999979858e-04
6.374999999999979858e-04
6.422794117647038711e-04
6.602941176470567735e-04
