5.093137254901944572e-04
5.955882352941157653e-04
5.671568627450962593e-04
5.784313725490178044e-04
6.156862745098019883e-04
6.112745098039196493e-04
6.166666666666646701e-04
6.338235294117626310e-04
6.362745098039194981e-04
6.436274509803900992e-04
6.210784313725470091e-04
6.553921568627430394e-04
6.264705882352921383e-04
6.181372549019588554e-04
6.485294117647038333e-04
6.578431372548999064e-04
6.573529411764685113e-04
6.485294117647038333e-04
6.073529411764687054e-04
6.186274509803901421e-04
6.632352941176450356e-04
6.328431372548999493e-04
6.171568627450960652e-04
6.259803921568607432e-04
6.558823529411743260e-04
6.480392156862725466e-04
6.377450980392136834e-04
6.534313725490175674e-04
6.568627450980371162e-04
6.475490196078410431e-04
6.509803921568607004e-04
6.019607843137235762e-04
6.446078431372527810e-04
6.254901960784293481e-04
6.044117647058804433e-04
6.259803921568607432e-04
6.421568627450960224e-04
6.220588235294097993e-04
6.465686274509783614e-04
6.382352941176449700e-04
6.401960784313705504e-04
6.333333333333313444e-04
6.274509803921548201e-04
6.553921568627430394e-04
6.308823529411744773e-04
6.377450980392136834e-04
6.465686274509783614e-04
6.034313725490176531e-04
6.333333333333313444e-04
6.098039215686254641e-04
6.549019607843116443e-04
6.024509803921549713e-04
6.348039215686254212e-04
6.686274509803900564e-04
5.975490196078412372e-04
6.377450980392136834e-04
6.156862745098019883e-04
6.362745098039196065e-04
6.411764705882332322e-04
6.093137254901941774e-04
6.367647058823508932e-04
6.186274509803901421e-04
6.122549019607823311e-04
5.985294117647041359e-04
6.362745098039194981e-04
6.392156862745077602e-04
6.210784313725470091e-04
6.230392156862724811e-04
6.627450980392135321e-04
6.245098039215666664e-04
6.225490196078411944e-04
6.416666666666646273e-04
6.495098039215665151e-04
6.323529411764686626e-04
6.245098039215666664e-04
6.171568627450960652e-04
6.387254901960763651e-04
6.176470588235274603e-04
6.254901960784293481e-04
6.313725490196058724e-04
6.426470588235273090e-04
6.161764705882332750e-04
6.245098039215666664e-04
6.093137254901941774e-04
6.382352941176449700e-04
6.705882352941155283e-04
6.181372549019588554e-04
6.249999999999979530e-04
6.352941176470568163e-04
6.544117647058802492e-04
6.323529411764685542e-04
6.343137254901940261e-04
6.009803921568607861e-04
6.249999999999980614e-04
6.024509803921549713e-04
6.495098039215665151e-04
6.529411764705862807e-04
6.588235294117625882e-04
6.514705882352919870e-04
6.436274509803900992e-04
5.960784313725471604e-04
6.397058823529391553e-04
6.357843137254882114e-04
6.102941176470568592e-04
6.416666666666646273e-04
6.519607843137234906e-04
6.171568627450960652e-04
6.147058823529391982e-04
6.573529411764685113e-04
6.225490196078411944e-04
6.406862745098018371e-04
6.137254901960765164e-04
6.539215686274488541e-04
6.181372549019588554e-04
6.352941176470569247e-04
5.877450980392137691e-04
6.465686274509783614e-04
6.200980392156843274e-04
6.411764705882332322e-04
6.068627450980373103e-04
6.196078431372529323e-04
6.249999999999979530e-04
6.049019607843118384e-04
6.519607843137233821e-04
6.754901960784291540e-04
6.264705882352921383e-04
6.161764705882332750e-04
6.098039215686254641e-04
6.166666666666646701e-04
6.166666666666646701e-04
6.240196078431353797e-04
5.740196078431354654e-04
6.186274509803901421e-04
6.147058823529391982e-04
6.019607843137235762e-04
6.392156862745078686e-04
6.299019607843116871e-04
6.122549019607823311e-04
6.431372549019587041e-04
5.867647058823511957e-04
6.470588235294096480e-04
6.328431372548999493e-04
6.348039215686254212e-04
6.176470588235274603e-04
6.318627450980371591e-04
6.249999999999979530e-04
6.318627450980371591e-04
6.181372549019588554e-04
6.181372549019588554e-04
6.117647058823509360e-04
6.450980392156841761e-04
6.338235294117626310e-04
5.970588235294098422e-04
6.401960784313705504e-04
6.200980392156843274e-04
6.539215686274488541e-04
6.058823529411745202e-04
6.004901960784294994e-04
6.147058823529391982e-04
5.955882352941158737e-04
5.882352941176451641e-04
6.622549019607821370e-04
6.102941176470568592e-04
6.107843137254882543e-04
6.220588235294097993e-04
6.333333333333313444e-04
6.137254901960765164e-04
6.230392156862724811e-04
6.210784313725471175e-04
6.539215686274488541e-04
6.259803921568607432e-04
6.431372549019587041e-04
6.372549019607822883e-04
6.666666666666644760e-04
6.004901960784294994e-04
6.323529411764685542e-04
6.509803921568607004e-04
6.465686274509783614e-04
6.333333333333313444e-04
6.446078431372527810e-04
6.348039215686254212e-04
6.490196078431352284e-04
6.485294117647038333e-04
6.426470588235273090e-04
6.215686274509784042e-04
6.225490196078413028e-04
6.210784313725470091e-04
6.083333333333313872e-04
6.352941176470568163e-04
6.122549019607823311e-04
6.416666666666646273e-04
6.240196078431352713e-04
5.931372549019588982e-04
6.338235294117626310e-04
6.230392156862724811e-04
5.980392156862726323e-04
6.235294117647038762e-04
6.181372549019588554e-04
6.230392156862724811e-04
6.112745098039196493e-04
6.284313725490176103e-04
6.338235294117626310e-04
6.142156862745078031e-04
6.470588235294096480e-04
6.254901960784294565e-04
6.215686274509784042e-04
6.254901960784293481e-04
6.220588235294097993e-04
6.279411764705862152e-04
5.882352941176451641e-04
6.289215686274491138e-04
6.186274509803901421e-04
6.181372549019588554e-04
5.941176470588216884e-04
6.249999999999979530e-04
6.357843137254882114e-04
6.176470588235274603e-04
6.333333333333313444e-04
6.264705882352921383e-04
6.205882352941156140e-04
6.093137254901941774e-04
6.245098039215666664e-04
6.431372549019587041e-04
6.544117647058802492e-04
6.117647058823509360e-04
6.156862745098019883e-04
6.328431372548999493e-04
6.132352941176452297e-04
5.926470588235275032e-04
6.196078431372529323e-04
6.446078431372527810e-04
6.426470588235274175e-04
6.333333333333313444e-04
6.343137254901940261e-04
5.999999999999981043e-04
6.161764705882332750e-04
6.245098039215667748e-04
6.426470588235273090e-04
6.240196078431352713e-04
6.191176470588215372e-04
6.254901960784294565e-04
6.235294117647038762e-04
6.156862745098019883e-04
6.230392156862724811e-04
6.318627450980371591e-04
6.367647058823508932e-04
6.352941176470568163e-04
6.583333333333311931e-04
6.499999999999980186e-04
5.867647058823511957e-04
6.259803921568607432e-04
5.877450980392137691e-04
6.308823529411744773e-04
6.191176470588215372e-04
6.166666666666646701e-04
6.401960784313706588e-04
6.318627450980371591e-04
6.264705882352921383e-04
6.112745098039196493e-04
6.450980392156841761e-04
6.220588235294097993e-04
6.411764705882332322e-04
6.357843137254882114e-04
6.049019607843118384e-04
5.955882352941157653e-04
6.220588235294097993e-04
6.093137254901941774e-04
6.490196078431351200e-04
6.544117647058802492e-04
6.534313725490174590e-04
6.279411764705862152e-04
6.166666666666646701e-04
6.191176470588215372e-04
6.254901960784293481e-04
6.112745098039196493e-04
6.254901960784293481e-04
6.362745098039194981e-04
6.509803921568607004e-04
6.352941176470568163e-04
6.269607843137235334e-04
6.485294117647038333e-04
6.299019607843116871e-04
6.372549019607822883e-04
6.235294117647038762e-04
6.338235294117626310e-04
5.995098039215667092e-04
6.421568627450960224e-04
6.460784313725469663e-04
6.240196078431352713e-04
6.460784313725469663e-04
5.975490196078412372e-04
6.450980392156841761e-04
6.392156862745077602e-04
6.352941176470569247e-04
6.436274509803900992e-04
6.269607843137236418e-04
6.460784313725469663e-04
6.176470588235274603e-04
6.088235294117627823e-04
6.490196078431351200e-04
6.352941176470568163e-04
6.235294117647038762e-04
6.431372549019588125e-04
6.303921568627430822e-04
6.073529411764687054e-04
6.254901960784293481e-04
6.553921568627430394e-04
6.210784313725470091e-04
6.249999999999979530e-04
6.230392156862724811e-04
6.044117647058804433e-04
6.191176470588215372e-04
6.524509803921547772e-04
6.230392156862724811e-04
6.475490196078411516e-04
6.102941176470568592e-04
6.480392156862724382e-04
6.127450980392137262e-04
6.083333333333313872e-04
6.259803921568607432e-04
5.941176470588216884e-04
6.323529411764685542e-04
6.749999999999978673e-04
6.573529411764685113e-04
6.264705882352921383e-04
6.328431372548999493e-04
6.269607843137235334e-04
6.318627450980371591e-04
6.377450980392136834e-04
6.426470588235273090e-04
6.450980392156841761e-04
6.357843137254882114e-04
6.078431372548999921e-04
6.524509803921548856e-04
6.249999999999979530e-04
6.088235294117627823e-04
6.323529411764685542e-04
6.151960784313705933e-04
6.362745098039194981e-04
6.406862745098018371e-04
6.299019607843116871e-04
6.044117647058804433e-04
6.367647058823508932e-04
6.598039215686253784e-04
6.406862745098019455e-04
6.446078431372527810e-04
6.308823529411744773e-04
6.191176470588215372e-04
6.495098039215665151e-04
6.156862745098020968e-04
6.289215686274490054e-04
6.220588235294097993e-04
6.117647058823509360e-04
6.230392156862724811e-04
6.063725490196059153e-04
6.205882352941156140e-04
6.058823529411745202e-04
6.264705882352921383e-04
6.151960784313705933e-04
6.142156862745078031e-04
6.392156862745077602e-04
6.411764705882332322e-04
6.127450980392137262e-04
6.509803921568607004e-04
6.102941176470568592e-04
5.931372549019588982e-04
6.289215686274490054e-04
6.406862745098018371e-04
6.122549019607823311e-04
6.612745098039194552e-04
6.156862745098019883e-04
6.357843137254882114e-04
5.985294117647040274e-04
6.460784313725469663e-04
6.009803921568607861e-04
6.563725490196057211e-04
6.235294117647038762e-04
6.416666666666646273e-04
6.485294117647038333e-04
6.588235294117625882e-04
6.421568627450960224e-04
5.946078431372529751e-04
6.053921568627431251e-04
6.112745098039196493e-04
6.362745098039194981e-04
6.279411764705862152e-04
6.107843137254882543e-04
6.166666666666646701e-04
6.313725490196058724e-04
6.088235294117627823e-04
6.142156862745078031e-04
6.529411764705861723e-04
6.132352941176452297e-04
6.230392156862724811e-04
6.720588235294096052e-04
6.264705882352921383e-04
6.068627450980373103e-04
6.009803921568607861e-04
6.274509803921548201e-04
6.485294117647038333e-04
6.397058823529391553e-04
6.235294117647038762e-04
6.181372549019588554e-04
6.240196078431352713e-04
6.029411764705863664e-04
6.289215686274490054e-04
6.289215686274490054e-04
6.299019607843116871e-04
6.524509803921547772e-04
6.338235294117626310e-04
6.323529411764685542e-04
6.367647058823508932e-04
6.313725490196058724e-04
6.318627450980371591e-04
6.240196078431352713e-04
6.431372549019587041e-04
6.367647058823508932e-04
6.245098039215666664e-04
6.357843137254882114e-04
6.151960784313705933e-04
6.299019607843116871e-04
6.137254901960765164e-04
6.372549019607822883e-04
6.235294117647038762e-04
6.284313725490176103e-04
6.186274509803901421e-04
6.264705882352921383e-04
5.833333333333314301e-04
6.127450980392137262e-04
6.053921568627431251e-04
6.308823529411744773e-04
6.259803921568607432e-04
6.294117647058802920e-04
6.093137254901941774e-04
6.098039215686254641e-04
6.240196078431353797e-04
6.127450980392137262e-04
6.279411764705862152e-04
6.196078431372529323e-04
5.955882352941157653e-04
6.200980392156843274e-04
6.352941176470568163e-04
6.259803921568607432e-04
6.328431372548999493e-04
6.225490196078411944e-04
5.906862745098020312e-04
6.107843137254882543e-04
6.279411764705862152e-04
6.524509803921547772e-04
6.063725490196059153e-04
6.279411764705863236e-04
6.387254901960763651e-04
6.348039215686254212e-04
6.191176470588215372e-04
6.352941176470568163e-04
6.230392156862724811e-04
6.294117647058802920e-04
6.245098039215666664e-04
6.205882352941156140e-04
6.387254901960763651e-04
6.166666666666646701e-04
6.382352941176450785e-04
6.014705882352921812e-04
6.289215686274491138e-04
5.990196078431353141e-04
6.289215686274491138e-04
6.230392156862724811e-04
6.367647058823508932e-04
6.215686274509784042e-04
6.029411764705863664e-04
6.470588235294096480e-04
6.215686274509784042e-04
6.156862745098019883e-04
6.328431372548999493e-04
6.137254901960765164e-04
6.455882352941155712e-04
6.372549019607822883e-04
6.259803921568607432e-04
6.073529411764687054e-04
6.318627450980371591e-04
6.289215686274491138e-04
6.102941176470568592e-04
6.102941176470568592e-04
6.362745098039194981e-04
6.147058823529393066e-04
6.210784313725470091e-04
6.014705882352921812e-04
6.181372549019588554e-04
6.289215686274490054e-04
6.411764705882332322e-04
6.102941176470568592e-04
5.990196078431353141e-04
6.186274509803901421e-04
6.387254901960763651e-04
6.225490196078411944e-04
6.352941176470568163e-04
6.529411764705861723e-04
6.063725490196059153e-04
6.279411764705862152e-04
6.352941176470568163e-04
6.191176470588215372e-04
6.181372549019588554e-04
6.044117647058804433e-04
6.068627450980373103e-04
6.249999999999980614e-04
6.254901960784293481e-04
6.073529411764687054e-04
6.235294117647038762e-04
6.284313725490176103e-04
6.220588235294097993e-04
6.279411764705862152e-04
6.210784313725471175e-04
6.465686274509783614e-04
6.421568627450960224e-04
6.441176470588214943e-04
6.220588235294097993e-04
6.225490196078411944e-04
6.289215686274491138e-04
6.470588235294096480e-04
6.102941176470568592e-04
6.357843137254882114e-04
6.450980392156841761e-04
6.411764705882332322e-04
6.254901960784293481e-04
6.200980392156843274e-04
6.230392156862724811e-04
6.367647058823508932e-04
6.196078431372529323e-04
6.049019607843118384e-04
6.083333333333313872e-04
6.382352941176449700e-04
5.999999999999981043e-04
5.980392156862727408e-04
6.205882352941156140e-04
6.759803921568606575e-04
6.235294117647038762e-04
6.387254901960763651e-04
6.490196078431351200e-04
6.392156862745077602e-04
6.352941176470569247e-04
6.210784313725470091e-04
5.852941176470570104e-04
6.343137254901940261e-04
6.789215686274488112e-04
6.328431372548999493e-04
6.323529411764685542e-04
6.264705882352921383e-04
6.220588235294097993e-04
6.235294117647038762e-04
6.034313725490176531e-04
5.936274509803902933e-04
6.235294117647038762e-04
6.284313725490176103e-04
6.147058823529391982e-04
6.549019607843116443e-04
6.068627450980373103e-04
6.245098039215666664e-04
6.387254901960764735e-04
6.249999999999979530e-04
6.122549019607823311e-04
6.352941176470569247e-04
6.465686274509783614e-04
6.269607843137235334e-04
6.200980392156843274e-04
6.029411764705863664e-04
6.151960784313705933e-04
6.210784313725470091e-04
5.941176470588216884e-04
6.460784313725469663e-04
6.436274509803900992e-04
6.098039215686254641e-04
6.539215686274488541e-04
6.622549019607821370e-04
6.475490196078410431e-04
6.578431372548997980e-04
6.019607843137235762e-04
6.181372549019588554e-04
6.142156862745078031e-04
5.843137254901942202e-04
6.421568627450960224e-04
6.014705882352921812e-04
6.421568627450960224e-04
6.431372549019588125e-04
6.127450980392137262e-04
5.999999999999981043e-04
6.186274509803901421e-04
6.372549019607822883e-04
6.328431372548999493e-04
6.289215686274490054e-04
6.362745098039194981e-04
6.318627450980371591e-04
6.450980392156841761e-04
6.225490196078411944e-04
6.411764705882332322e-04
6.078431372549001005e-04
6.171568627450960652e-04
6.328431372548999493e-04
6.627450980392135321e-04
6.455882352941155712e-04
6.514705882352919870e-04
6.122549019607823311e-04
6.382352941176449700e-04
6.436274509803900992e-04
6.299019607843116871e-04
5.892156862745079543e-04
6.460784313725469663e-04
6.230392156862724811e-04
6.142156862745078031e-04
6.333333333333313444e-04
6.328431372548999493e-04
6.651960784313703991e-04
6.117647058823509360e-04
6.176470588235274603e-04
6.161764705882332750e-04
6.098039215686254641e-04
6.279411764705862152e-04
6.117647058823509360e-04
6.196078431372530407e-04
6.357843137254882114e-04
6.259803921568607432e-04
6.112745098039196493e-04
6.333333333333313444e-04
6.460784313725469663e-04
6.534313725490175674e-04
6.034313725490176531e-04
6.406862745098019455e-04
6.333333333333313444e-04
6.245098039215666664e-04
6.014705882352921812e-04
6.122549019607823311e-04
6.377450980392136834e-04
6.499999999999979102e-04
6.279411764705862152e-04
6.299019607843116871e-04
6.137254901960766248e-04
6.156862745098019883e-04
6.392156862745077602e-04
6.392156862745077602e-04
5.965686274509784471e-04
6.289215686274491138e-04
6.348039215686254212e-04
6.318627450980371591e-04
6.249999999999979530e-04
6.534313725490174590e-04
6.343137254901940261e-04
6.431372549019587041e-04
6.318627450980372675e-04
6.279411764705862152e-04
6.431372549019587041e-04
6.264705882352921383e-04
6.524509803921548856e-04
6.406862745098018371e-04
6.186274509803901421e-04
6.215686274509784042e-04
6.073529411764687054e-04
6.519607843137233821e-04
6.117647058823509360e-04
6.107843137254882543e-04
6.289215686274491138e-04
6.034313725490176531e-04
6.387254901960764735e-04
6.093137254901941774e-04
6.205882352941156140e-04
6.514705882352919870e-04
6.166666666666646701e-04
6.181372549019588554e-04
6.049019607843118384e-04
6.068627450980373103e-04
6.254901960784293481e-04
6.401960784313705504e-04
6.504901960784293053e-04
6.372549019607823967e-04
6.318627450980371591e-04
6.382352941176449700e-04
6.362745098039194981e-04
6.348039215686254212e-04
6.299019607843116871e-04
6.161764705882332750e-04
6.426470588235273090e-04
6.519607843137233821e-04
6.465686274509783614e-04
6.333333333333313444e-04
6.372549019607822883e-04
6.573529411764685113e-04
6.294117647058802920e-04
6.240196078431352713e-04
6.215686274509784042e-04
6.073529411764687054e-04
6.730392156862722870e-04
6.294117647058802920e-04
6.122549019607823311e-04
6.436274509803900992e-04
6.485294117647038333e-04
6.254901960784293481e-04
6.460784313725470747e-04
6.014705882352921812e-04
6.274509803921548201e-04
6.598039215686253784e-04
6.308823529411744773e-04
6.039215686274490482e-04
6.318627450980371591e-04
6.264705882352921383e-04
5.980392156862726323e-04
6.602941176470567735e-04
6.073529411764687054e-04
6.151960784313705933e-04
6.249999999999979530e-04
6.245098039215666664e-04
6.362745098039194981e-04
5.995098039215667092e-04
6.308823529411744773e-04
6.397058823529392637e-04
6.357843137254883198e-04
6.499999999999980186e-04
6.259803921568607432e-04
6.196078431372529323e-04
6.441176470588216027e-04
6.436274509803900992e-04
6.406862745098018371e-04
6.161764705882332750e-04
6.338235294117626310e-04
6.357843137254882114e-04
6.426470588235273090e-04
6.259803921568607432e-04
6.083333333333313872e-04
6.107843137254883627e-04
5.970588235294098422e-04
6.132352941176451213e-04
6.200980392156843274e-04
6.308823529411744773e-04
6.348039215686254212e-04
6.406862745098018371e-04
6.450980392156841761e-04
6.485294117647038333e-04
6.352941176470568163e-04
6.215686274509784042e-04
6.259803921568607432e-04
6.058823529411745202e-04
6.294117647058802920e-04
6.450980392156841761e-04
6.563725490196057211e-04
6.416666666666646273e-04
6.137254901960765164e-04
5.838235294117628251e-04
6.196078431372529323e-04
6.235294117647038762e-04
6.186274509803901421e-04
6.323529411764686626e-04
6.240196078431352713e-04
6.333333333333313444e-04
6.348039215686255296e-04
6.480392156862724382e-04
6.112745098039196493e-04
6.372549019607822883e-04
6.308823529411744773e-04
6.299019607843116871e-04
6.362745098039194981e-04
6.504901960784293053e-04
6.642156862745077174e-04
6.450980392156841761e-04
6.504901960784293053e-04
6.205882352941156140e-04
6.279411764705862152e-04
6.161764705882332750e-04
5.872549019607824824e-04
6.372549019607822883e-04
6.490196078431352284e-04
6.156862745098019883e-04
6.225490196078411944e-04
6.549019607843116443e-04
6.215686274509785126e-04
6.313725490196058724e-04
6.147058823529391982e-04
5.975490196078412372e-04
6.436274509803902076e-04
6.191176470588215372e-04
6.205882352941156140e-04
6.294117647058802920e-04
6.205882352941157224e-04
6.367647058823508932e-04
6.142156862745078031e-04
6.367647058823508932e-04
6.367647058823508932e-04
6.710784313725468150e-04
5.931372549019588982e-04
6.490196078431352284e-04
6.039215686274490482e-04
6.235294117647039846e-04
6.607843137254880601e-04
6.490196078431351200e-04
6.284313725490176103e-04
6.225490196078411944e-04
6.313725490196059808e-04
6.186274509803901421e-04
6.352941176470568163e-04
6.294117647058802920e-04
6.382352941176450785e-04
6.004901960784294994e-04
6.137254901960765164e-04
6.490196078431352284e-04
6.269607843137235334e-04
6.186274509803902505e-04
6.632352941176449272e-04
6.137254901960765164e-04
6.406862745098018371e-04
6.519607843137233821e-04
6.343137254901940261e-04
6.313725490196058724e-04
6.142156862745078031e-04
6.073529411764687054e-04
6.161764705882332750e-04
6.450980392156841761e-04
6.343137254901940261e-04
6.019607843137235762e-04
5.916666666666648214e-04
6.019607843137235762e-04
6.161764705882332750e-04
6.137254901960766248e-04
6.372549019607822883e-04
6.406862745098018371e-04
6.098039215686254641e-04
6.186274509803901421e-04
6.401960784313705504e-04
6.377450980392137918e-04
6.549019607843116443e-04
6.249999999999979530e-04
6.098039215686254641e-04
6.416666666666646273e-04
6.205882352941156140e-04
6.259803921568607432e-04
5.999999999999981043e-04
6.534313725490174590e-04
6.220588235294099077e-04
5.936274509803902933e-04
6.504901960784293053e-04
6.455882352941155712e-04
6.083333333333313872e-04
6.196078431372529323e-04
6.465686274509783614e-04
6.284313725490177187e-04
6.063725490196059153e-04
6.117647058823509360e-04
6.230392156862724811e-04
6.333333333333313444e-04
6.210784313725470091e-04
6.264705882352921383e-04
6.102941176470568592e-04
5.686274509803903362e-04
6.397058823529392637e-04
6.348039215686254212e-04
6.686274509803900564e-04
6.372549019607822883e-04
6.823529411764683601e-04
6.210784313725470091e-04
6.254901960784293481e-04
6.151960784313705933e-04
6.308823529411744773e-04
6.230392156862724811e-04
6.044117647058804433e-04
6.367647058823508932e-04
5.936274509803904018e-04
6.181372549019589638e-04
6.499999999999979102e-04
6.161764705882332750e-04
6.406862745098018371e-04
6.230392156862724811e-04
6.387254901960763651e-04
6.387254901960763651e-04
6.117647058823509360e-04
5.970588235294098422e-04
6.264705882352921383e-04
6.867647058823506991e-04
6.186274509803901421e-04
6.196078431372529323e-04
6.142156862745078031e-04
6.230392156862724811e-04
6.142156862745078031e-04
5.995098039215667092e-04
6.387254901960763651e-04
6.343137254901940261e-04
6.014705882352921812e-04
6.230392156862724811e-04
6.455882352941155712e-04
6.034313725490176531e-04
6.323529411764685542e-04
6.137254901960765164e-04
6.225490196078411944e-04
6.240196078431352713e-04
6.093137254901941774e-04
6.088235294117627823e-04
6.225490196078411944e-04
6.529411764705861723e-04
6.333333333333314528e-04
6.289215686274490054e-04
6.274509803921549285e-04
6.068627450980373103e-04
6.161764705882332750e-04
6.215686274509784042e-04
6.352941176470568163e-04
6.406862745098019455e-04
6.245098039215666664e-04
6.112745098039196493e-04
6.382352941176449700e-04
5.906862745098020312e-04
6.014705882352921812e-04
6.215686274509785126e-04
6.053921568627431251e-04
6.088235294117627823e-04
6.205882352941156140e-04
6.068627450980373103e-04
6.029411764705863664e-04
5.818627450980373532e-04
6.186274509803901421e-04
6.460784313725469663e-04
6.401960784313705504e-04
6.196078431372529323e-04
6.225490196078411944e-04
6.161764705882332750e-04
6.289215686274490054e-04
6.019607843137235762e-04
6.578431372548999064e-04
6.284313725490176103e-04
6.235294117647038762e-04
6.318627450980371591e-04
6.053921568627431251e-04
6.441176470588214943e-04
6.289215686274490054e-04
6.078431372548999921e-04
6.279411764705862152e-04
6.196078431372529323e-04
6.107843137254882543e-04
6.171568627450960652e-04
6.254901960784293481e-04
6.264705882352921383e-04
6.264705882352921383e-04
6.107843137254882543e-04
6.137254901960765164e-04
6.284313725490176103e-04
6.436274509803900992e-04
6.073529411764687054e-04
6.230392156862724811e-04
6.274509803921548201e-04
6.200980392156843274e-04
6.504901960784293053e-04
6.274509803921548201e-04
6.362745098039194981e-04
6.156862745098019883e-04
6.284313725490176103e-04
6.343137254901940261e-04
6.220588235294099077e-04
6.289215686274490054e-04
6.426470588235273090e-04
6.504901960784293053e-04
6.063725490196059153e-04
6.269607843137235334e-04
6.485294117647038333e-04
6.387254901960763651e-04
6.553921568627430394e-04
6.455882352941155712e-04
6.220588235294097993e-04
6.024509803921549713e-04
5.975490196078412372e-04
6.372549019607822883e-04
6.274509803921548201e-04
6.181372549019589638e-04
6.377450980392136834e-04
6.323529411764685542e-04
6.279411764705862152e-04
6.259803921568607432e-04
6.264705882352921383e-04
5.975490196078412372e-04
6.210784313725470091e-04
6.235294117647038762e-04
6.200980392156843274e-04
6.343137254901940261e-04
6.156862745098019883e-04
6.470588235294096480e-04
6.284313725490176103e-04
6.357843137254882114e-04
6.220588235294097993e-04
6.210784313725470091e-04
6.387254901960763651e-04
6.112745098039196493e-04
6.509803921568607004e-04
6.544117647058802492e-04
6.401960784313705504e-04
6.191176470588215372e-04
6.465686274509783614e-04
6.558823529411743260e-04
6.372549019607822883e-04
6.274509803921548201e-04
6.161764705882332750e-04
6.318627450980371591e-04
5.970588235294098422e-04
6.220588235294097993e-04
6.235294117647038762e-04
6.039215686274490482e-04
6.348039215686254212e-04
6.029411764705863664e-04
6.779411764705860211e-04
6.573529411764685113e-04
7.269607843137231452e-04
7.480392156862720500e-04
7.710784313725466436e-04
8.607843137254875005e-04
8.426470588235267494e-04
9.318627450980362112e-04
9.549019607843106964e-04
9.666666666666635281e-04
9.710784313725458671e-04
9.754901960784282062e-04
1.000490196078428163e-03
1.044117647058820158e-03
1.018627450980388914e-03
1.033333333333330117e-03
1.067647058823526039e-03
1.059313725490192756e-03
1.058823529411761361e-03
1.033823529411761512e-03
1.081372549019604451e-03
1.058823529411761361e-03
1.064215686274506490e-03
1.045098039215682948e-03
1.005882352941173292e-03
1.071078431372545587e-03
1.059313725490192756e-03
1.072549019607839556e-03
1.055882352941173207e-03
1.022058823529408680e-03
1.042156862745094795e-03
1.055882352941173207e-03
1.017156862745094946e-03
1.002941176470585139e-03
1.029901960784310568e-03
9.897058823529379049e-04
9.970588235294086145e-04
1.025490196078428229e-03
9.960784313725458243e-04
9.877450980392125414e-04
1.023039215686271253e-03
1.004901960784310502e-03
1.023039215686271253e-03
9.720588235294085489e-04
9.862745098039183561e-04
9.906862745098006951e-04
9.647058823529380562e-04
1.003431372549016534e-03
9.607843137254871123e-04
1.000980392156859558e-03
9.965686274509772194e-04
9.568627450980360600e-04
9.857843137254869610e-04
9.666666666666635281e-04
9.745098039215656328e-04
9.848039215686243877e-04
9.588235294117616403e-04
9.446078431372518331e-04
9.401960784313694941e-04
9.759803921568596012e-04
9.715686274509772622e-04
9.426470588235263612e-04
9.357843137254870467e-04
9.490196078431341721e-04
9.568627450980361684e-04
9.392156862745068124e-04
9.578431372548988501e-04
9.279411764705852673e-04
9.617647058823499025e-04
9.200980392156833795e-04
8.999999999999971564e-04
8.740196078431345175e-04
8.985294117647029712e-04
9.181372549019579075e-04
9.259803921568599038e-04
9.117647058823499882e-04
9.558823529411733782e-04
9.117647058823499882e-04
9.328431372548990014e-04
9.083333333333304394e-04
8.882352941176442163e-04
8.774509803921540663e-04
8.946078431372520273e-04
9.093137254901931211e-04
9.205882352941145578e-04
9.102941176470559113e-04
8.892156862745070065e-04
9.004901960784285515e-04
8.823529411764678004e-04
8.627450980392129725e-04
9.196078431372518760e-04
9.039215686274481003e-04
8.784313725490168565e-04
8.818627450980362969e-04
8.764705882352912761e-04
8.892156862745068981e-04
8.774509803921540663e-04
9.029411764705853102e-04
8.882352941176441079e-04
8.906862745098010833e-04
8.833333333333304822e-04
8.936274509803893455e-04
8.926470588235265553e-04
8.480392156862718786e-04
8.749999999999971993e-04
8.720588235294090456e-04
8.681372549019578848e-04
8.740196078431345175e-04
8.632352941176442591e-04
8.602941176470561054e-04
9.034313725490167053e-04
9.186274509803891942e-04
9.112745098039187015e-04
9.544117647058793013e-04
9.313725490196048161e-04
8.877450980392128212e-04
9.382352941176439138e-04
9.696078431372517903e-04
9.426470588235263612e-04
9.789215686274478634e-04
9.328431372548988930e-04
9.598039215686243221e-04
9.519607843137224343e-04
9.764705882352909963e-04
9.725490196078400524e-04
9.367647058823499453e-04
9.906862745098006951e-04
9.470588235294087002e-04
9.426470588235263612e-04
9.578431372548988501e-04
9.799019607843106536e-04
9.725490196078400524e-04
9.803921568627420487e-04
1.015196078431369366e-03
9.862745098039183561e-04
9.960784313725458243e-04
9.823529411764674122e-04
9.897058823529379049e-04
9.892156862745067267e-04
1.012745098039212607e-03
9.950980392156830341e-04
9.686274509803890001e-04
1.019607843137251705e-03
9.661764705882322415e-04
1.037254901960781061e-03
1.001960784313722349e-03
9.946078431372516390e-04
9.759803921568596012e-04
1.032843137254898722e-03
9.480392156862714904e-04
1.012745098039212607e-03
1.059803921568624151e-03
1.045588235294114344e-03
1.008823529411761663e-03
1.018137254901957519e-03
1.011274509803918422e-03
9.936274509803890657e-04
9.700980392156830770e-04
1.020098039215682883e-03
1.018627450980388914e-03
9.887254901960753316e-04
9.882352941176439365e-04
9.705882352941145805e-04
9.975490196078400096e-04
1.009313725490192841e-03
1.029901960784310568e-03
1.025980392156859624e-03
1.023529411764702649e-03
1.031862745098035931e-03
1.016176470588232156e-03
9.568627450980361684e-04
9.911764705882320902e-04
9.823529411764674122e-04
1.004411764705879324e-03
9.960784313725458243e-04
9.715686274509772622e-04
9.980392156862711878e-04
9.524509803921538294e-04
1.012745098039212607e-03
9.999999999999967682e-04
1.004901960784310502e-03
9.754901960784282062e-04
1.012745098039212607e-03
9.946078431372516390e-04
9.877450980392125414e-04
9.955882352941144292e-04
9.651960784313694513e-04
9.970588235294086145e-04
9.808823529411732269e-04
1.002941176470585139e-03
9.725490196078400524e-04
9.455882352941146233e-04
9.897058823529379049e-04
9.946078431372516390e-04
9.563725490196047733e-04
9.921568627450948804e-04
9.926470588235262755e-04
1.023039215686271253e-03
9.470588235294085918e-04
9.843137254901929926e-04
9.622549019607811891e-04
9.642156862745066611e-04
9.749999999999968111e-04
9.965686274509772194e-04
9.627450980392125842e-04
9.426470588235262528e-04
9.397058823529382075e-04
9.397058823529382075e-04
9.852941176470557828e-04
9.720588235294086573e-04
9.730392156862713391e-04
9.362745098039185502e-04
9.887254901960753316e-04
9.749999999999968111e-04
9.759803921568596012e-04
9.593137254901930354e-04
1.019117647058820309e-03
9.735294117647027342e-04
9.749999999999969195e-04
1.001470588235290953e-03
9.794117647058792585e-04
9.436274509803891514e-04
9.779411764705850732e-04
9.828431372548988073e-04
9.867647058823497512e-04
9.588235294117615319e-04
9.632352941176439793e-04
1.008333333333330268e-03
9.602941176470557172e-04
1.008333333333330268e-03
9.519607843137224343e-04
9.681372549019577134e-04
9.602941176470556088e-04
9.946078431372516390e-04
9.318627450980361028e-04
9.495098039215655672e-04
1.004901960784310502e-03
9.715686274509772622e-04
9.387254901960753089e-04
9.289215686274480575e-04
9.897058823529379049e-04
9.558823529411733782e-04
9.754901960784282062e-04
9.245098039215657185e-04
9.318627450980362112e-04
9.495098039215655672e-04
9.622549019607811891e-04
9.715686274509772622e-04
9.647058823529380562e-04
9.372549019607812320e-04
9.666666666666635281e-04
9.495098039215655672e-04
9.220588235294088515e-04
9.583333333333302452e-04
9.308823529411735295e-04
1.008823529411761663e-03
9.740196078431340209e-04
9.343137254901930783e-04
9.509803921568597525e-04
9.171568627450951174e-04
9.499999999999969623e-04
9.259803921568597954e-04
9.362745098039185502e-04
9.460784313725460184e-04
9.583333333333302452e-04
9.607843137254871123e-04
9.392156862745068124e-04
9.686274509803890001e-04
9.622549019607811891e-04
9.656862745098008464e-04
9.431372549019577563e-04
9.593137254901929270e-04
9.284313725490166624e-04
9.151960784313696454e-04
9.392156862745068124e-04
9.259803921568597954e-04
9.416666666666636794e-04
9.568627450980361684e-04
9.700980392156831854e-04
9.264705882352911905e-04
9.509803921568597525e-04
9.426470588235263612e-04
9.764705882352909963e-04
9.686274509803890001e-04
9.529411764705852245e-04
9.348039215686243649e-04
9.465686274509774135e-04
9.480392156862713820e-04
9.514705882352909308e-04
9.294117647058793442e-04
9.730392156862713391e-04
9.450980392156831198e-04
9.465686274509774135e-04
9.338235294117616832e-04
9.259803921568597954e-04
9.504901960784283574e-04
9.392156862745068124e-04
9.279411764705852673e-04
9.308823529411735295e-04
9.495098039215654588e-04
9.191176470588205893e-04
9.544117647058793013e-04
9.323529411764676063e-04
9.411764705882322843e-04
9.210784313725460613e-04
9.318627450980362112e-04
9.485294117647028855e-04
9.049019607843108905e-04
9.274509803921538722e-04
9.382352941176440222e-04
8.901960784313696882e-04
9.382352941176440222e-04
9.225490196078402465e-04
8.882352941176442163e-04
9.220588235294088515e-04
9.289215686274480575e-04
9.392156862745068124e-04
8.892156862745070065e-04
8.882352941176442163e-04
9.348039215686244734e-04
9.098039215686245162e-04
9.068627450980363625e-04
9.210784313725460613e-04
9.004901960784285515e-04
9.044117647058794954e-04
8.794117647058795383e-04
9.416666666666636794e-04
9.343137254901929699e-04
9.107843137254873064e-04
8.705882352941148603e-04
8.808823529411736152e-04
9.210784313725460613e-04
9.181372549019579075e-04
9.112745098039187015e-04
9.102941176470559113e-04
9.088235294117618344e-04
9.362745098039184418e-04
8.960784313725462125e-04
9.127450980392127784e-04
9.142156862745068552e-04
9.142156862745068552e-04
8.833333333333304822e-04
9.088235294117617260e-04
8.848039215686246675e-04
8.999999999999971564e-04
9.308823529411735295e-04
9.176470588235265124e-04
8.965686274509774992e-04
9.245098039215657185e-04
9.083333333333304394e-04
8.960784313725462125e-04
9.235294117647028199e-04
8.990196078431343663e-04
9.289215686274480575e-04
9.058823529411734639e-04
8.950980392156834223e-04
9.357843137254871551e-04
9.122549019607812748e-04
9.127450980392127784e-04
9.053921568627420688e-04
9.029411764705852017e-04
8.946078431372520273e-04
9.024509803921540235e-04
9.490196078431341721e-04
8.833333333333303738e-04
9.147058823529382503e-04
8.740196078431344091e-04
8.946078431372520273e-04
8.754901960784284860e-04
9.254901960784284003e-04
8.985294117647029712e-04
8.926470588235265553e-04
8.823529411764676920e-04
8.803921568627423285e-04
8.990196078431342578e-04
9.053921568627421772e-04
8.843137254901932724e-04
8.995098039215657613e-04
9.024509803921540235e-04
9.053921568627420688e-04
8.872549019607814261e-04
9.073529411764675407e-04
8.573529411764677349e-04
9.151960784313696454e-04
8.485294117647031653e-04
9.151960784313696454e-04
8.710784313725462554e-04
8.730392156862717273e-04
8.549019607843109762e-04
8.558823529411736580e-04
8.818627450980364053e-04
8.602941176470561054e-04
9.088235294117618344e-04
8.995098039215656529e-04
9.112745098039187015e-04
8.921568627450951602e-04
8.622549019607814690e-04
8.715686274509776505e-04
8.715686274509776505e-04
8.911764705882324784e-04
8.906862745098010833e-04
8.867647058823500310e-04
8.799019607843109334e-04
9.088235294117618344e-04
8.794117647058795383e-04
8.710784313725462554e-04
8.877450980392128212e-04
8.852941176470560626e-04
9.107843137254873064e-04
8.882352941176442163e-04
8.529411764705853959e-04
8.999999999999970480e-04
8.779411764705854614e-04
8.534313725490168994e-04
8.754901960784285944e-04
8.838235294117618773e-04
9.058823529411735723e-04
8.813725490196050102e-04
8.735294117647031224e-04
8.970588235294088943e-04
8.460784313725462982e-04
8.946078431372520273e-04
9.044117647058794954e-04
8.465686274509775849e-04
8.794117647058794299e-04
8.789215686274480348e-04
8.392156862745070922e-04
8.612745098039188956e-04
8.647058823529384444e-04
8.843137254901932724e-04
8.720588235294090456e-04
8.534313725490168994e-04
8.754901960784284860e-04
8.485294117647031653e-04
8.784313725490168565e-04
8.691176470588207834e-04
8.651960784313698395e-04
8.470588235294090884e-04
9.068627450980363625e-04
8.725490196078402238e-04
8.882352941176442163e-04
8.583333333333306335e-04
8.544117647058796896e-04
8.303921568627424142e-04
8.700980392156834652e-04
8.578431372548992384e-04
8.691176470588206750e-04
8.999999999999971564e-04
8.578431372548992384e-04
8.946078431372520273e-04
8.808823529411737236e-04
8.808823529411737236e-04
8.455882352941149031e-04
8.818627450980364053e-04
8.774509803921539579e-04
8.661764705882324129e-04
8.078431372548994325e-04
8.857843137254873492e-04
8.602941176470559970e-04
8.651960784313698395e-04
8.642156862745070493e-04
8.465686274509775849e-04
8.480392156862718786e-04
8.656862745098011262e-04
8.808823529411737236e-04
8.299019607843110191e-04
8.416666666666639592e-04
8.328431372548991728e-04
8.725490196078403322e-04
8.495098039215659555e-04
8.749999999999971993e-04
8.034313725490169851e-04
8.387254901960758055e-04
8.509803921568599239e-04
8.617647058823501823e-04
8.656862745098011262e-04
8.205882352941150544e-04
8.421568627450953543e-04
8.372549019607816202e-04
8.411764705882326726e-04
8.348039215686248616e-04
8.245098039215659983e-04
8.313725490196052044e-04
8.245098039215659983e-04
8.470588235294089800e-04
8.769607843137226712e-04
8.338235294117620714e-04
8.387254901960756971e-04
8.333333333333306763e-04
8.495098039215659555e-04
8.499999999999973506e-04
8.392156862745072006e-04
8.382352941176444104e-04
8.387254901960758055e-04
8.647058823529384444e-04
8.308823529411737008e-04
8.343137254901934665e-04
8.294117647058796240e-04
8.181372549019580789e-04
8.519607843137228225e-04
8.225490196078405264e-04
