5.264705882352924181e-04
5.936274509803902933e-04
6.166666666666647785e-04
6.117647058823509360e-04
6.093137254901941774e-04
5.995098039215667092e-04
6.338235294117626310e-04
6.367647058823508932e-04
6.181372549019588554e-04
6.352941176470568163e-04
6.205882352941156140e-04
6.323529411764685542e-04
6.142156862745078031e-04
6.348039215686254212e-04
6.176470588235274603e-04
6.362745098039194981e-04
6.220588235294097993e-04
6.470588235294096480e-04
6.024509803921549713e-04
6.328431372548999493e-04
6.191176470588216456e-04
6.710784313725469234e-04
6.200980392156843274e-04
6.078431372548999921e-04
6.460784313725469663e-04
6.230392156862724811e-04
6.220588235294097993e-04
6.313725490196059808e-04
6.200980392156843274e-04
6.318627450980371591e-04
6.284313725490176103e-04
6.289215686274490054e-04
6.661764705882331893e-04
6.637254901960764307e-04
6.205882352941156140e-04
6.411764705882332322e-04
6.269607843137235334e-04
6.053921568627431251e-04
6.284313725490176103e-04
6.436274509803900992e-04
5.906862745098020312e-04
6.392156862745078686e-04
6.397058823529391553e-04
6.352941176470568163e-04
6.186274509803901421e-04
6.485294117647038333e-04
6.073529411764687054e-04
6.303921568627430822e-04
6.348039215686254212e-04
6.220588235294097993e-04
6.460784313725469663e-04
6.274509803921548201e-04
6.313725490196058724e-04
6.161764705882332750e-04
6.166666666666646701e-04
6.774509803921546260e-04
6.436274509803900992e-04
6.343137254901940261e-04
6.142156862745078031e-04
6.475490196078410431e-04
6.450980392156842845e-04
6.137254901960765164e-04
6.299019607843116871e-04
6.098039215686254641e-04
6.450980392156841761e-04
6.441176470588216027e-04
6.083333333333313872e-04
6.362745098039194981e-04
6.004901960784294994e-04
6.088235294117628907e-04
6.137254901960765164e-04
6.333333333333313444e-04
6.524509803921547772e-04
6.534313725490174590e-04
6.191176470588215372e-04
6.367647058823508932e-04
6.367647058823508932e-04
6.397058823529391553e-04
6.161764705882332750e-04
6.196078431372529323e-04
6.269607843137236418e-04
6.088235294117627823e-04
6.200980392156843274e-04
6.289215686274490054e-04
6.416666666666646273e-04
6.122549019607823311e-04
5.862745098039196922e-04
6.544117647058802492e-04
6.549019607843116443e-04
5.857843137254884055e-04
6.563725490196057211e-04
6.176470588235274603e-04
6.191176470588215372e-04
6.485294117647038333e-04
5.975490196078412372e-04
6.524509803921547772e-04
6.352941176470568163e-04
5.818627450980373532e-04
6.142156862745079115e-04
6.264705882352921383e-04
6.299019607843116871e-04
6.431372549019587041e-04
6.642156862745077174e-04
6.200980392156843274e-04
6.112745098039196493e-04
6.441176470588214943e-04
6.254901960784293481e-04
6.431372549019587041e-04
6.225490196078411944e-04
6.455882352941155712e-04
6.573529411764685113e-04
6.426470588235273090e-04
6.284313725490176103e-04
6.563725490196058296e-04
6.401960784313706588e-04
6.568627450980372246e-04
6.220588235294097993e-04
6.328431372548999493e-04
6.186274509803901421e-04
6.446078431372529978e-04
6.230392156862724811e-04
6.333333333333313444e-04
5.965686274509784471e-04
6.612745098039194552e-04
6.352941176470568163e-04
6.441176470588214943e-04
6.299019607843116871e-04
6.058823529411745202e-04
6.200980392156843274e-04
6.259803921568607432e-04
6.019607843137235762e-04
6.196078431372529323e-04
6.308823529411745857e-04
6.191176470588215372e-04
6.191176470588215372e-04
6.465686274509783614e-04
6.392156862745077602e-04
6.362745098039194981e-04
6.259803921568607432e-04
6.808823529411742832e-04
6.107843137254882543e-04
6.132352941176451213e-04
6.245098039215666664e-04
5.970588235294098422e-04
6.186274509803901421e-04
5.946078431372529751e-04
6.225490196078411944e-04
6.294117647058804004e-04
6.210784313725470091e-04
6.666666666666644760e-04
6.245098039215666664e-04
5.990196078431353141e-04
6.166666666666646701e-04
6.151960784313707017e-04
6.249999999999979530e-04
6.352941176470568163e-04
6.328431372548999493e-04
6.215686274509784042e-04
6.044117647058805517e-04
6.132352941176452297e-04
6.009803921568607861e-04
6.362745098039196065e-04
6.441176470588214943e-04
6.254901960784293481e-04
6.308823529411744773e-04
6.377450980392136834e-04
6.200980392156844358e-04
6.191176470588215372e-04
6.196078431372529323e-04
6.142156862745078031e-04
6.313725490196058724e-04
6.176470588235274603e-04
6.259803921568608516e-04
6.166666666666646701e-04
6.024509803921549713e-04
6.397058823529391553e-04
6.495098039215665151e-04
6.196078431372529323e-04
6.475490196078410431e-04
6.421568627450960224e-04
6.191176470588215372e-04
6.186274509803901421e-04
6.524509803921547772e-04
5.867647058823510873e-04
6.372549019607822883e-04
6.303921568627430822e-04
6.446078431372527810e-04
6.078431372548999921e-04
6.142156862745078031e-04
6.323529411764685542e-04
6.289215686274490054e-04
6.210784313725470091e-04
6.078431372548999921e-04
6.436274509803900992e-04
6.186274509803901421e-04
6.553921568627431478e-04
6.186274509803901421e-04
5.970588235294098422e-04
6.642156862745077174e-04
6.274509803921548201e-04
6.647058823529390040e-04
6.166666666666646701e-04
6.112745098039196493e-04
6.269607843137235334e-04
6.078431372548999921e-04
6.147058823529391982e-04
6.166666666666646701e-04
5.921568627450961081e-04
5.906862745098020312e-04
6.549019607843116443e-04
6.156862745098019883e-04
6.377450980392136834e-04
6.426470588235273090e-04
6.117647058823509360e-04
6.147058823529391982e-04
6.392156862745077602e-04
6.348039215686254212e-04
6.480392156862724382e-04
6.142156862745078031e-04
6.132352941176451213e-04
6.205882352941157224e-04
6.362745098039194981e-04
6.352941176470568163e-04
6.475490196078411516e-04
6.004901960784294994e-04
6.284313725490176103e-04
6.397058823529391553e-04
6.029411764705863664e-04
6.161764705882332750e-04
6.348039215686254212e-04
6.254901960784293481e-04
6.431372549019587041e-04
6.151960784313705933e-04
6.098039215686254641e-04
6.460784313725469663e-04
6.401960784313706588e-04
6.578431372548997980e-04
6.171568627450960652e-04
6.259803921568607432e-04
6.156862745098019883e-04
6.455882352941155712e-04
6.220588235294097993e-04
6.539215686274488541e-04
6.019607843137235762e-04
6.308823529411744773e-04
5.862745098039196922e-04
6.088235294117627823e-04
6.279411764705862152e-04
6.377450980392136834e-04
6.078431372548999921e-04
5.950980392156843702e-04
6.357843137254882114e-04
6.411764705882332322e-04
6.338235294117627395e-04
6.661764705882331893e-04
6.529411764705861723e-04
6.416666666666646273e-04
6.220588235294097993e-04
5.897058823529394578e-04
6.186274509803901421e-04
6.259803921568607432e-04
6.323529411764685542e-04
5.975490196078412372e-04
6.455882352941155712e-04
6.377450980392136834e-04
6.455882352941155712e-04
6.352941176470568163e-04
6.362745098039194981e-04
6.357843137254882114e-04
6.411764705882332322e-04
6.117647058823509360e-04
6.411764705882332322e-04
6.377450980392136834e-04
6.058823529411745202e-04
6.323529411764685542e-04
6.284313725490176103e-04
6.284313725490176103e-04
6.210784313725470091e-04
6.382352941176449700e-04
6.127450980392137262e-04
6.220588235294097993e-04
6.583333333333311931e-04
6.254901960784294565e-04
6.392156862745077602e-04
6.235294117647038762e-04
6.323529411764685542e-04
6.470588235294096480e-04
5.936274509803902933e-04
6.264705882352921383e-04
6.009803921568607861e-04
6.004901960784294994e-04
5.950980392156843702e-04
6.357843137254882114e-04
6.210784313725470091e-04
6.372549019607822883e-04
6.009803921568607861e-04
6.441176470588214943e-04
6.465686274509783614e-04
6.534313725490174590e-04
6.259803921568607432e-04
6.196078431372529323e-04
6.132352941176451213e-04
6.235294117647038762e-04
6.240196078431352713e-04
6.225490196078411944e-04
6.112745098039196493e-04
6.367647058823510016e-04
6.421568627450960224e-04
6.411764705882332322e-04
6.598039215686253784e-04
6.455882352941155712e-04
6.406862745098018371e-04
6.044117647058804433e-04
6.112745098039196493e-04
6.333333333333314528e-04
6.436274509803900992e-04
6.083333333333313872e-04
6.107843137254882543e-04
6.107843137254882543e-04
6.446078431372527810e-04
6.191176470588215372e-04
6.284313725490176103e-04
6.200980392156843274e-04
6.215686274509785126e-04
6.034313725490176531e-04
6.455882352941155712e-04
6.191176470588215372e-04
6.191176470588215372e-04
6.210784313725470091e-04
6.343137254901940261e-04
6.137254901960765164e-04
6.235294117647038762e-04
6.102941176470568592e-04
5.980392156862726323e-04
6.499999999999979102e-04
6.147058823529391982e-04
6.387254901960763651e-04
6.210784313725470091e-04
6.343137254901940261e-04
6.078431372548999921e-04
6.171568627450960652e-04
6.078431372548999921e-04
6.299019607843116871e-04
6.151960784313705933e-04
6.220588235294097993e-04
6.377450980392136834e-04
6.107843137254882543e-04
6.009803921568607861e-04
5.901960784313706361e-04
6.181372549019588554e-04
6.446078431372527810e-04
6.107843137254882543e-04
6.215686274509784042e-04
6.392156862745077602e-04
6.147058823529391982e-04
6.294117647058802920e-04
6.102941176470568592e-04
6.156862745098019883e-04
6.333333333333313444e-04
6.431372549019587041e-04
5.941176470588216884e-04
6.607843137254880601e-04
6.338235294117626310e-04
6.279411764705862152e-04
6.058823529411745202e-04
6.284313725490177187e-04
6.235294117647038762e-04
6.078431372548999921e-04
6.357843137254882114e-04
6.102941176470568592e-04
6.058823529411745202e-04
6.470588235294097565e-04
6.053921568627431251e-04
6.563725490196057211e-04
6.200980392156843274e-04
6.117647058823509360e-04
6.475490196078410431e-04
6.063725490196059153e-04
6.303921568627430822e-04
6.230392156862724811e-04
6.102941176470568592e-04
6.093137254901941774e-04
6.509803921568607004e-04
6.446078431372527810e-04
6.323529411764686626e-04
6.333333333333313444e-04
6.362745098039194981e-04
6.122549019607823311e-04
6.308823529411744773e-04
6.058823529411745202e-04
6.142156862745078031e-04
6.681372549019586613e-04
6.210784313725470091e-04
6.544117647058802492e-04
6.127450980392137262e-04
6.303921568627430822e-04
6.696078431372528466e-04
6.401960784313705504e-04
6.274509803921548201e-04
5.936274509803902933e-04
6.274509803921548201e-04
6.235294117647039846e-04
6.230392156862724811e-04
6.147058823529391982e-04
6.318627450980371591e-04
6.357843137254882114e-04
6.191176470588215372e-04
6.308823529411744773e-04
6.142156862745078031e-04
6.377450980392137918e-04
6.220588235294097993e-04
5.970588235294098422e-04
6.279411764705862152e-04
6.303921568627431906e-04
6.495098039215665151e-04
6.245098039215666664e-04
6.372549019607822883e-04
6.200980392156844358e-04
6.181372549019588554e-04
6.499999999999979102e-04
5.950980392156843702e-04
6.475490196078410431e-04
6.093137254901942858e-04
5.892156862745079543e-04
6.181372549019588554e-04
6.284313725490176103e-04
6.377450980392136834e-04
5.715686274509785983e-04
5.946078431372529751e-04
6.426470588235273090e-04
6.308823529411744773e-04
6.352941176470568163e-04
5.911764705882334263e-04
6.235294117647038762e-04
6.151960784313705933e-04
6.151960784313705933e-04
6.191176470588215372e-04
6.602941176470567735e-04
6.151960784313705933e-04
6.230392156862724811e-04
6.039215686274490482e-04
6.328431372548999493e-04
6.426470588235273090e-04
5.985294117647041359e-04
5.813725490196059581e-04
6.299019607843116871e-04
6.549019607843117527e-04
6.475490196078410431e-04
6.102941176470568592e-04
6.343137254901940261e-04
6.254901960784293481e-04
6.210784313725471175e-04
6.416666666666646273e-04
6.191176470588215372e-04
6.284313725490176103e-04
6.441176470588214943e-04
6.406862745098018371e-04
6.151960784313705933e-04
6.186274509803901421e-04
6.401960784313705504e-04
6.318627450980371591e-04
6.627450980392135321e-04
6.235294117647038762e-04
6.289215686274490054e-04
6.117647058823509360e-04
6.318627450980371591e-04
6.421568627450960224e-04
6.279411764705863236e-04
6.279411764705862152e-04
6.299019607843116871e-04
6.495098039215665151e-04
6.495098039215665151e-04
6.333333333333313444e-04
6.583333333333311931e-04
5.872549019607824824e-04
6.093137254901941774e-04
6.107843137254882543e-04
6.264705882352922467e-04
6.455882352941156796e-04
6.382352941176450785e-04
6.382352941176449700e-04
6.215686274509784042e-04
6.720588235294096052e-04
6.176470588235274603e-04
5.965686274509784471e-04
6.161764705882332750e-04
6.161764705882332750e-04
5.995098039215667092e-04
6.259803921568607432e-04
6.323529411764685542e-04
5.911764705882334263e-04
6.200980392156843274e-04
6.225490196078411944e-04
5.882352941176451641e-04
6.284313725490177187e-04
6.009803921568607861e-04
6.171568627450960652e-04
6.397058823529391553e-04
5.980392156862726323e-04
6.627450980392135321e-04
6.068627450980373103e-04
6.122549019607823311e-04
6.083333333333313872e-04
6.245098039215666664e-04
6.411764705882332322e-04
6.166666666666646701e-04
6.303921568627430822e-04
6.161764705882332750e-04
6.416666666666646273e-04
6.112745098039197578e-04
6.397058823529391553e-04
6.147058823529391982e-04
6.186274509803902505e-04
6.176470588235274603e-04
6.328431372548999493e-04
6.083333333333313872e-04
6.220588235294097993e-04
6.294117647058802920e-04
6.137254901960765164e-04
6.470588235294097565e-04
6.387254901960763651e-04
6.245098039215666664e-04
6.254901960784293481e-04
6.323529411764685542e-04
6.240196078431352713e-04
6.397058823529391553e-04
6.171568627450961736e-04
6.249999999999979530e-04
6.485294117647038333e-04
6.392156862745078686e-04
6.078431372548999921e-04
6.225490196078411944e-04
5.999999999999981043e-04
6.058823529411745202e-04
6.279411764705862152e-04
6.357843137254882114e-04
6.411764705882333406e-04
6.294117647058802920e-04
5.730392156862726752e-04
6.196078431372529323e-04
6.014705882352921812e-04
6.039215686274490482e-04
6.063725490196059153e-04
6.387254901960763651e-04
6.367647058823508932e-04
6.098039215686254641e-04
6.171568627450960652e-04
6.539215686274488541e-04
5.833333333333314301e-04
6.147058823529391982e-04
6.348039215686254212e-04
6.083333333333313872e-04
6.274509803921548201e-04
6.098039215686255725e-04
6.426470588235273090e-04
6.455882352941155712e-04
6.269607843137235334e-04
6.196078431372529323e-04
6.416666666666646273e-04
6.333333333333313444e-04
6.421568627450960224e-04
6.235294117647038762e-04
5.965686274509784471e-04
6.220588235294099077e-04
6.598039215686253784e-04
6.147058823529391982e-04
6.161764705882332750e-04
6.191176470588215372e-04
6.112745098039196493e-04
6.509803921568607004e-04
6.436274509803900992e-04
6.338235294117626310e-04
6.299019607843116871e-04
6.617647058823508503e-04
5.754901960784295422e-04
6.230392156862724811e-04
6.279411764705862152e-04
6.759803921568605491e-04
6.387254901960763651e-04
5.735294117647040703e-04
6.490196078431351200e-04
6.289215686274490054e-04
6.151960784313705933e-04
6.142156862745078031e-04
6.186274509803901421e-04
6.431372549019587041e-04
5.975490196078412372e-04
6.715686274509782101e-04
6.093137254901941774e-04
6.352941176470568163e-04
6.715686274509782101e-04
6.411764705882332322e-04
6.235294117647038762e-04
6.122549019607823311e-04
6.495098039215665151e-04
6.093137254901941774e-04
6.259803921568607432e-04
6.416666666666646273e-04
6.088235294117627823e-04
6.289215686274490054e-04
6.166666666666646701e-04
6.328431372548999493e-04
6.249999999999979530e-04
6.524509803921547772e-04
6.200980392156843274e-04
6.495098039215665151e-04
6.176470588235274603e-04
6.181372549019588554e-04
6.299019607843116871e-04
6.450980392156841761e-04
6.411764705882333406e-04
6.328431372548999493e-04
6.186274509803901421e-04
6.348039215686254212e-04
6.392156862745077602e-04
6.308823529411744773e-04
6.112745098039196493e-04
6.098039215686254641e-04
6.191176470588215372e-04
6.132352941176451213e-04
6.460784313725469663e-04
6.303921568627430822e-04
6.279411764705862152e-04
6.181372549019588554e-04
6.254901960784293481e-04
6.249999999999979530e-04
6.137254901960765164e-04
6.112745098039196493e-04
6.004901960784294994e-04
6.299019607843116871e-04
6.323529411764685542e-04
5.921568627450961081e-04
6.274509803921548201e-04
6.764705882352920526e-04
5.995098039215667092e-04
6.191176470588215372e-04
6.034313725490176531e-04
6.009803921568607861e-04
5.970588235294098422e-04
6.348039215686254212e-04
6.171568627450960652e-04
6.583333333333311931e-04
6.377450980392136834e-04
6.563725490196057211e-04
6.147058823529391982e-04
6.279411764705862152e-04
6.514705882352919870e-04
6.240196078431352713e-04
6.397058823529391553e-04
6.127450980392137262e-04
6.367647058823508932e-04
6.539215686274488541e-04
6.313725490196058724e-04
6.259803921568607432e-04
6.279411764705862152e-04
6.387254901960763651e-04
6.333333333333313444e-04
6.225490196078411944e-04
6.416666666666646273e-04
6.063725490196059153e-04
5.789215686274491995e-04
6.357843137254882114e-04
6.426470588235273090e-04
6.230392156862724811e-04
6.553921568627431478e-04
6.480392156862724382e-04
6.058823529411745202e-04
6.034313725490176531e-04
6.387254901960763651e-04
6.323529411764685542e-04
6.289215686274490054e-04
6.372549019607822883e-04
6.151960784313705933e-04
6.294117647058802920e-04
6.352941176470568163e-04
5.916666666666648214e-04
6.156862745098019883e-04
6.230392156862724811e-04
6.431372549019587041e-04
6.259803921568607432e-04
6.539215686274488541e-04
5.975490196078412372e-04
6.044117647058804433e-04
6.235294117647038762e-04
6.495098039215666235e-04
6.029411764705863664e-04
6.264705882352921383e-04
6.132352941176451213e-04
6.328431372548999493e-04
6.382352941176449700e-04
6.132352941176451213e-04
6.240196078431353797e-04
6.480392156862724382e-04
6.539215686274488541e-04
6.441176470588214943e-04
6.186274509803901421e-04
6.416666666666646273e-04
6.112745098039196493e-04
5.882352941176451641e-04
6.343137254901940261e-04
6.269607843137235334e-04
6.245098039215666664e-04
6.264705882352921383e-04
6.303921568627430822e-04
6.299019607843116871e-04
6.088235294117627823e-04
6.534313725490174590e-04
6.426470588235273090e-04
6.651960784313703991e-04
6.397058823529391553e-04
5.980392156862726323e-04
6.107843137254882543e-04
6.147058823529393066e-04
6.348039215686255296e-04
6.323529411764685542e-04
6.117647058823509360e-04
6.249999999999979530e-04
6.392156862745077602e-04
6.475490196078410431e-04
6.117647058823509360e-04
6.024509803921549713e-04
6.073529411764688139e-04
6.161764705882332750e-04
6.264705882352921383e-04
6.598039215686253784e-04
6.269607843137235334e-04
5.926470588235275032e-04
6.323529411764685542e-04
6.470588235294096480e-04
6.200980392156843274e-04
6.284313725490176103e-04
6.215686274509784042e-04
6.318627450980372675e-04
6.024509803921549713e-04
6.254901960784293481e-04
6.348039215686254212e-04
6.210784313725470091e-04
6.499999999999979102e-04
6.245098039215666664e-04
6.362745098039194981e-04
6.259803921568607432e-04
6.392156862745077602e-04
6.431372549019587041e-04
6.303921568627430822e-04
5.754901960784295422e-04
6.083333333333313872e-04
6.088235294117627823e-04
6.416666666666646273e-04
6.220588235294097993e-04
6.397058823529392637e-04
6.656862745098017942e-04
5.999999999999981043e-04
6.308823529411744773e-04
6.078431372548999921e-04
6.348039215686254212e-04
6.343137254901941345e-04
6.230392156862724811e-04
6.171568627450960652e-04
6.132352941176451213e-04
5.857843137254882971e-04
6.490196078431351200e-04
6.308823529411744773e-04
6.249999999999979530e-04
6.181372549019588554e-04
6.406862745098018371e-04
6.122549019607823311e-04
6.093137254901941774e-04
6.534313725490174590e-04
6.421568627450961308e-04
6.544117647058802492e-04
5.941176470588216884e-04
6.171568627450960652e-04
5.916666666666648214e-04
6.269607843137235334e-04
6.063725490196059153e-04
6.887254901960761710e-04
6.411764705882332322e-04
6.318627450980371591e-04
6.441176470588214943e-04
6.240196078431352713e-04
6.068627450980373103e-04
6.044117647058804433e-04
6.142156862745078031e-04
6.436274509803900992e-04
6.323529411764685542e-04
6.049019607843118384e-04
6.284313725490176103e-04
6.573529411764686197e-04
6.465686274509783614e-04
5.789215686274491995e-04
5.700980392156845215e-04
6.338235294117626310e-04
6.504901960784293053e-04
5.975490196078412372e-04
6.151960784313705933e-04
6.142156862745079115e-04
6.156862745098019883e-04
6.132352941176451213e-04
6.019607843137235762e-04
6.269607843137235334e-04
6.754901960784291540e-04
6.156862745098019883e-04
6.107843137254882543e-04
6.093137254901941774e-04
6.289215686274490054e-04
6.058823529411745202e-04
6.450980392156841761e-04
6.392156862745077602e-04
6.269607843137235334e-04
6.225490196078411944e-04
6.166666666666646701e-04
6.470588235294097565e-04
6.387254901960763651e-04
6.264705882352922467e-04
6.622549019607821370e-04
6.656862745098019027e-04
6.058823529411745202e-04
6.485294117647038333e-04
6.436274509803900992e-04
6.294117647058802920e-04
6.343137254901940261e-04
6.122549019607823311e-04
6.519607843137233821e-04
6.284313725490176103e-04
6.294117647058802920e-04
6.269607843137235334e-04
6.338235294117626310e-04
6.176470588235275687e-04
6.132352941176451213e-04
6.446078431372527810e-04
6.362745098039194981e-04
6.460784313725469663e-04
6.362745098039194981e-04
6.602941176470566650e-04
6.303921568627430822e-04
6.289215686274490054e-04
6.593137254901939833e-04
6.083333333333313872e-04
6.156862745098019883e-04
5.960784313725471604e-04
6.392156862745077602e-04
6.465686274509784698e-04
6.387254901960764735e-04
6.112745098039196493e-04
6.210784313725470091e-04
6.490196078431351200e-04
6.622549019607821370e-04
6.210784313725471175e-04
6.499999999999979102e-04
6.676470588235272662e-04
6.127450980392137262e-04
6.254901960784293481e-04
6.397058823529391553e-04
6.024509803921549713e-04
6.313725490196058724e-04
6.490196078431351200e-04
6.529411764705862807e-04
6.392156862745077602e-04
6.230392156862724811e-04
6.137254901960765164e-04
6.132352941176451213e-04
6.372549019607822883e-04
6.245098039215667748e-04
6.377450980392136834e-04
6.303921568627430822e-04
6.328431372548999493e-04
6.338235294117626310e-04
6.044117647058804433e-04
6.112745098039196493e-04
6.279411764705862152e-04
6.196078431372529323e-04
6.318627450980371591e-04
6.249999999999979530e-04
6.029411764705863664e-04
6.245098039215666664e-04
6.215686274509785126e-04
6.034313725490176531e-04
6.009803921568607861e-04
6.598039215686253784e-04
6.215686274509784042e-04
6.269607843137235334e-04
6.308823529411744773e-04
6.387254901960763651e-04
6.166666666666646701e-04
6.421568627450960224e-04
6.318627450980371591e-04
6.549019607843116443e-04
6.249999999999979530e-04
6.279411764705862152e-04
6.343137254901940261e-04
5.999999999999982127e-04
6.083333333333313872e-04
6.294117647058802920e-04
6.220588235294099077e-04
6.264705882352921383e-04
6.205882352941156140e-04
6.196078431372529323e-04
6.362745098039194981e-04
6.426470588235273090e-04
6.220588235294099077e-04
6.102941176470568592e-04
6.078431372548999921e-04
6.186274509803901421e-04
6.499999999999979102e-04
6.009803921568607861e-04
6.171568627450960652e-04
6.191176470588215372e-04
6.083333333333313872e-04
6.333333333333313444e-04
6.122549019607824395e-04
6.196078431372529323e-04
5.995098039215667092e-04
6.333333333333313444e-04
6.122549019607823311e-04
6.499999999999979102e-04
6.313725490196058724e-04
6.352941176470568163e-04
6.166666666666646701e-04
6.137254901960765164e-04
6.235294117647038762e-04
6.147058823529391982e-04
6.215686274509784042e-04
6.299019607843116871e-04
6.529411764705861723e-04
6.186274509803901421e-04
6.230392156862724811e-04
6.338235294117627395e-04
6.014705882352921812e-04
5.985294117647040274e-04
6.014705882352921812e-04
6.245098039215666664e-04
5.936274509803902933e-04
6.299019607843116871e-04
6.303921568627430822e-04
6.107843137254882543e-04
6.117647058823509360e-04
6.392156862745078686e-04
6.191176470588215372e-04
5.970588235294098422e-04
6.230392156862724811e-04
6.063725490196060237e-04
6.490196078431351200e-04
6.176470588235274603e-04
6.524509803921547772e-04
6.142156862745078031e-04
6.137254901960765164e-04
6.107843137254882543e-04
6.289215686274490054e-04
6.137254901960765164e-04
6.700980392156842417e-04
6.416666666666646273e-04
6.230392156862724811e-04
5.926470588235275032e-04
6.313725490196058724e-04
6.426470588235273090e-04
6.088235294117627823e-04
6.274509803921548201e-04
6.200980392156844358e-04
6.397058823529391553e-04
6.029411764705863664e-04
6.328431372548999493e-04
6.098039215686254641e-04
6.485294117647038333e-04
5.955882352941157653e-04
5.936274509803902933e-04
6.058823529411745202e-04
6.651960784313703991e-04
6.117647058823509360e-04
6.161764705882332750e-04
6.210784313725470091e-04
6.495098039215666235e-04
6.151960784313705933e-04
6.245098039215666664e-04
6.009803921568607861e-04
6.235294117647038762e-04
6.073529411764687054e-04
6.313725490196058724e-04
5.960784313725471604e-04
6.088235294117627823e-04
6.034313725490176531e-04
6.387254901960763651e-04
6.289215686274490054e-04
6.343137254901940261e-04
6.303921568627430822e-04
6.053921568627431251e-04
6.039215686274490482e-04
6.470588235294096480e-04
6.343137254901940261e-04
6.583333333333311931e-04
6.200980392156843274e-04
5.911764705882334263e-04
6.259803921568607432e-04
6.352941176470568163e-04
6.406862745098018371e-04
6.441176470588214943e-04
6.269607843137235334e-04
6.249999999999979530e-04
6.460784313725469663e-04
6.137254901960765164e-04
6.289215686274490054e-04
6.632352941176449272e-04
7.151960784313702050e-04
7.950980392156837022e-04
8.019607843137230166e-04
9.044117647058794954e-04
9.225490196078402465e-04
9.573529411764675635e-04
9.573529411764674550e-04
1.027941176470584988e-03
1.028921568627447778e-03
1.097058823529408226e-03
1.118137254901957348e-03
1.116176470588231768e-03
1.157843137254898399e-03
1.213725490196074621e-03
1.204901960784309943e-03
1.217647058823525565e-03
1.200980392156858999e-03
1.271078431372545028e-03
1.262745098039211745e-03
1.287745098039211594e-03
1.266666666666662689e-03
1.266176470588231294e-03
1.245098039215682389e-03
1.310294117647054684e-03
1.271078431372545028e-03
1.281862745098035069e-03
1.309803921568623289e-03
1.325980392156858459e-03
1.340196078431368266e-03
1.280392156862741101e-03
1.354901960784309252e-03
1.320098039215681935e-03
1.354411764705878074e-03
1.385294117647054447e-03
1.324999999999995669e-03
1.316666666666662386e-03
1.317156862745093781e-03
1.331372549019603588e-03
1.317156862745093781e-03
1.324999999999995669e-03
1.330882352941172193e-03
1.323039215686270306e-03
1.338725490196074081e-03
1.281862745098035069e-03
1.326960784313721249e-03
1.302450980392152579e-03
1.282352941176466464e-03
1.254901960784309640e-03
1.369607843137250454e-03
1.250980392156858696e-03
1.299019607843133030e-03
1.270588235294113633e-03
1.289705882352936957e-03
1.292647058823525328e-03
1.259803921568623374e-03
1.291666666666662537e-03
1.230882352941172582e-03
1.271078431372545028e-03
1.253431372549015672e-03
1.236274509803917711e-03
1.251470588235290091e-03
1.266176470588231294e-03
1.288725490196074384e-03
1.266666666666662689e-03
1.302450980392152579e-03
1.278921568627446916e-03
1.251960784313721486e-03
1.224999999999996057e-03
1.232352941176466550e-03
1.238725490196074469e-03
1.290686274509799747e-03
1.258823529411760584e-03
1.255882352941172430e-03
1.237254901960780284e-03
1.262745098039211745e-03
1.231372549019603977e-03
1.249999999999995906e-03
1.226470588235290243e-03
1.210784313725486250e-03
1.193137254901956894e-03
1.241176470588231228e-03
1.268627450980388052e-03
1.198529411764702023e-03
1.213725490196074621e-03
1.246568627450976357e-03
1.285784313725486013e-03
1.295098039215682086e-03
1.229901960784309791e-03
1.224999999999996057e-03
1.196078431372545265e-03
1.201470588235290394e-03
1.192647058823525716e-03
1.184803921568623611e-03
1.184803921568623611e-03
1.205882352941172733e-03
1.240686274509800050e-03
1.217647058823525565e-03
1.214705882352937411e-03
1.220588235294113718e-03
1.233823529411760735e-03
1.194607843137251079e-03
1.163725490196074706e-03
1.157352941176467004e-03
1.209313725490192282e-03
1.190686274509800135e-03
1.201960784313721572e-03
1.214705882352937411e-03
1.210784313725486250e-03
1.223529411764701872e-03
1.242156862745094018e-03
1.235294117647054921e-03
1.253921568627447067e-03
1.242156862745094018e-03
1.255392156862741035e-03
1.326960784313721249e-03
1.297549019607839062e-03
1.276960784313721335e-03
1.245588235294113567e-03
1.279901960784309706e-03
1.311274509803917257e-03
1.276960784313721335e-03
1.269607843137250842e-03
1.324509803921564274e-03
1.315196078431368418e-03
1.249999999999995906e-03
1.307843137254897708e-03
1.313725490196074232e-03
1.373039215686270003e-03
1.349019607843132944e-03
1.316176470588230991e-03
1.288235294117642989e-03
1.322549019607838910e-03
1.315686274509799596e-03
1.330882352941172193e-03
1.305882352941172345e-03
1.312254901960780047e-03
1.320098039215681935e-03
1.315196078431368418e-03
1.345098039215682001e-03
1.365686274509799510e-03
1.349019607843132944e-03
1.312254901960780047e-03
1.324509803921564274e-03
1.357843137254897622e-03
1.331862745098034984e-03
1.369607843137250454e-03
1.308333333333329103e-03
1.325490196078427064e-03
1.352941176470583888e-03
1.359803921568622986e-03
1.351470588235289703e-03
1.278921568627446916e-03
1.323039215686270306e-03
1.360294117647054381e-03
1.339705882352936871e-03
1.305882352941172345e-03
1.361764705882348566e-03
1.334803921568623137e-03
1.311274509803917257e-03
1.373039215686270003e-03
1.331372549019603588e-03
1.296568627450976272e-03
1.337745098039211291e-03
1.313235294117642837e-03
1.321568627450976120e-03
1.349509803921564340e-03
1.323529411764701701e-03
1.327941176470584040e-03
1.326470588235289854e-03
1.354901960784309252e-03
1.324509803921564274e-03
1.299509803921564425e-03
1.296568627450976272e-03
1.336764705882348718e-03
1.301960784313721401e-03
1.322058823529407515e-03
1.327941176470584040e-03
1.308333333333329103e-03
1.303921568627446764e-03
1.262745098039211745e-03
1.318137254901956571e-03
1.270588235294113633e-03
1.312254901960780047e-03
1.286764705882348803e-03
1.302450980392152579e-03
1.285294117647054618e-03
1.256372549019603825e-03
1.278921568627446916e-03
1.297058823529407667e-03
1.320098039215681935e-03
1.243137254901956808e-03
1.243137254901956808e-03
1.289215686274505562e-03
1.278921568627446916e-03
1.286764705882348803e-03
1.299999999999995820e-03
1.257352941176466616e-03
1.268137254901956657e-03
1.258823529411760584e-03
1.298039215686270240e-03
1.252450980392152882e-03
1.259803921568623374e-03
1.269117647058819447e-03
1.233823529411760735e-03
1.269117647058819447e-03
1.244117647058819599e-03
1.259803921568623374e-03
1.253431372549015672e-03
1.275980392156858762e-03
1.249509803921564728e-03
1.269117647058819447e-03
1.263725490196074318e-03
1.240196078431368655e-03
1.244117647058819599e-03
1.205882352941172733e-03
1.281372549019603674e-03
1.238725490196074469e-03
1.278431372549015520e-03
1.219117647058819750e-03
1.238725490196074469e-03
1.223529411764701872e-03
1.246078431372544962e-03
1.198529411764702023e-03
1.234803921568623526e-03
1.251470588235290091e-03
1.211764705882348823e-03
1.222058823529407904e-03
1.245098039215682389e-03
1.182352941176466853e-03
1.233823529411760735e-03
1.249509803921564728e-03
1.222058823529407904e-03
1.220098039215682323e-03
1.257843137254898011e-03
1.224019607843133267e-03
1.237254901960780284e-03
1.229901960784309791e-03
1.238725490196074469e-03
1.217647058823525565e-03
1.216176470588231379e-03
1.190196078431368740e-03
1.196078431372545265e-03
1.230882352941172582e-03
1.183823529411761038e-03
1.201470588235290394e-03
1.177450980392153118e-03
1.211274509803917645e-03
1.144117647058819987e-03
1.206862745098035306e-03
1.190196078431368740e-03
1.199509803921564813e-03
1.204901960784309943e-03
1.197058823529408055e-03
1.185294117647055006e-03
1.201960784313721572e-03
1.196568627450976660e-03
1.188725490196074555e-03
1.156372549019604214e-03
1.164705882352937497e-03
1.184803921568623611e-03
1.164215686274506101e-03
1.225490196078427452e-03
1.227941176470584211e-03
1.187254901960780587e-03
1.135294117647055309e-03
1.181862745098035457e-03
1.133823529411761124e-03
1.157843137254898399e-03
1.119607843137251316e-03
1.168137254901957045e-03
1.154411764705878633e-03
1.162745098039211916e-03
1.147058823529408141e-03
1.128431372549015994e-03
1.166176470588231682e-03
1.130882352941172970e-03
1.125980392156859236e-03
1.130882352941172970e-03
1.199999999999996209e-03
1.131862745098035543e-03
1.193627450980388289e-03
1.145588235294113955e-03
1.170588235294114021e-03
1.149509803921564899e-03
1.130392156862741575e-03
1.143627450980388592e-03
1.181862745098035457e-03
1.157352941176467004e-03
1.177450980392153118e-03
1.187254901960780587e-03
1.127450980392153204e-03
1.137254901960780672e-03
1.146568627450976529e-03
1.090196078431369129e-03
1.152450980392153270e-03
1.153431372549016060e-03
1.159803921568623762e-03
1.146568627450976745e-03
1.137745098039212067e-03
1.161274509803917948e-03
1.162254901960780521e-03
1.098039215686271016e-03
1.123039215686270865e-03
1.111274509803918033e-03
1.107352941176467090e-03
1.127450980392153204e-03
1.148529411764702326e-03
1.125490196078427841e-03
1.145098039215682560e-03
1.100980392156859170e-03
1.108333333333329880e-03
1.109313725490192670e-03
1.092647058823525887e-03
1.133823529411761124e-03
1.087254901960780975e-03
1.139215686274506253e-03
1.109313725490192670e-03
1.133333333333329728e-03
1.077450980392153507e-03
1.117647058823525953e-03
1.151470588235290480e-03
1.064215686274506490e-03
1.071568627450976982e-03
1.107352941176467090e-03
1.149509803921564899e-03
1.099019607843133807e-03
1.149019607843133721e-03
1.121568627450976897e-03
1.069607843137251619e-03
1.118627450980388526e-03
1.047549019607839924e-03
1.064705882352937885e-03
1.120098039215682711e-03
1.088235294117643548e-03
1.105392156862741509e-03
1.108823529411761275e-03
1.071078431372545587e-03
1.087745098039212370e-03
1.085294117647055395e-03
1.049509803921565287e-03
1.088725490196074943e-03
1.080882352941173056e-03
1.114215686274506187e-03
1.109803921568623848e-03
1.091176470588231919e-03
1.052941176470584836e-03
1.074999999999996531e-03
1.065686274509800675e-03
1.075980392156859321e-03
1.093137254901957282e-03
1.060294117647055546e-03
1.072058823529408378e-03
1.062745098039212304e-03
1.079411764705878870e-03
1.082843137254898636e-03
1.080392156862741660e-03
1.068137254901957434e-03
1.065196078431369280e-03
1.085784313725486790e-03
1.058823529411761361e-03
1.106862745098035694e-03
1.037254901960781061e-03
1.070588235294114192e-03
1.067647058823526039e-03
1.054411764705879022e-03
1.046568627450977134e-03
1.071568627450976982e-03
1.041666666666663400e-03
1.049509803921565287e-03
1.095588235294114258e-03
1.062745098039212304e-03
1.051960784313722263e-03
1.042156862745094795e-03
1.035784313725486875e-03
1.044117647058820158e-03
1.053921568627447626e-03
1.058823529411761361e-03
1.066176470588231853e-03
1.046568627450977134e-03
1.041666666666663400e-03
1.033823529411761512e-03
1.036274509803918270e-03
1.000980392156859558e-03
1.020098039215683100e-03
1.037254901960781061e-03
9.980392156862714047e-04
1.085294117647055395e-03
1.083333333333330031e-03
1.042647058823526190e-03
1.034803921568624302e-03
1.061274509803918336e-03
1.092156862745094709e-03
1.057352941176467175e-03
1.041176470588232005e-03
1.014705882352937970e-03
1.025980392156859624e-03
1.048039215686271319e-03
1.052450980392153658e-03
9.965686274509772194e-04
1.018137254901957519e-03
1.025490196078428229e-03
1.063725490196075095e-03
1.041666666666663400e-03
1.033823529411761512e-03
9.931372549019576706e-04
1.049019607843133892e-03
1.034313725490192907e-03
1.040196078431369214e-03
1.009313725490192841e-03
1.023039215686271253e-03
1.031862745098035931e-03
1.020098039215683100e-03
1.010294117647055415e-03
1.004901960784310502e-03
1.019607843137251705e-03
1.003431372549016534e-03
9.995098039215653731e-04
1.001470588235290953e-03
1.038235294117643851e-03
1.038235294117643634e-03
1.021568627450977285e-03
1.003431372549016534e-03
9.985294117647025829e-04
1.005392156862741897e-03
1.022549019607839858e-03
1.034803921568624302e-03
1.052450980392153658e-03
1.014705882352937754e-03
9.490196078431341721e-04
1.008333333333330268e-03
9.730392156862713391e-04
1.007843137254898873e-03
9.892156862745067267e-04
9.627450980392125842e-04
9.789215686274478634e-04
1.024999999999996834e-03
9.799019607843106536e-04
1.012254901960781212e-03
9.985294117647025829e-04
9.950980392156832510e-04
9.950980392156830341e-04
9.676470588235263183e-04
1.003921568627447929e-03
1.001470588235290953e-03
1.033823529411761512e-03
1.021568627450977285e-03
9.661764705882322415e-04
1.000490196078428163e-03
9.803921568627420487e-04
9.877450980392125414e-04
9.710784313725458671e-04
1.012254901960781212e-03
1.005882352941173292e-03
1.010784313725487027e-03
9.602941176470556088e-04
9.852941176470555659e-04
9.848039215686243877e-04
9.936274509803890657e-04
9.941176470588202439e-04
9.661764705882322415e-04
9.828431372548988073e-04
9.906862745098006951e-04
9.431372549019577563e-04
9.936274509803890657e-04
9.377450980392126271e-04
9.906862745098006951e-04
9.651960784313694513e-04
9.897058823529379049e-04
9.735294117647027342e-04
9.676470588235262099e-04
9.892156862745067267e-04
9.990196078431339780e-04
9.960784313725458243e-04
9.348039215686244734e-04
9.789215686274478634e-04
9.995098039215653731e-04
9.838235294117615975e-04
9.392156862745068124e-04
9.887254901960751147e-04
9.308823529411735295e-04
9.759803921568596012e-04
9.867647058823497512e-04
9.720588235294086573e-04
9.730392156862713391e-04
9.313725490196048161e-04
9.749999999999969195e-04
9.421568627450950745e-04
9.656862745098009548e-04
9.549019607843106964e-04
9.848039215686243877e-04
9.367647058823499453e-04
9.509803921568597525e-04
9.568627450980361684e-04
9.725490196078400524e-04
9.647058823529380562e-04
9.490196078431341721e-04
9.642156862745065527e-04
9.534313725490165111e-04
9.338235294117616832e-04
