5.749999999999986892e-04
6.145833333333319999e-04
6.645833333333319142e-04
6.145833333333318915e-04
7.333333333333316066e-04
7.416666666666648896e-04
7.312499999999982859e-04
7.979166666666646576e-04
7.874999999999979456e-04
8.437499999999979305e-04
7.479166666666649602e-04
8.187499999999979733e-04
8.166666666666646526e-04
8.208333333333310772e-04
8.499999999999977842e-04
8.708333333333309915e-04
8.354166666666646476e-04
7.958333333333313369e-04
7.854166666666647333e-04
9.187499999999976935e-04
8.354166666666645391e-04
7.999999999999979784e-04
8.229166666666645064e-04
8.208333333333312941e-04
8.124999999999979027e-04
8.999999999999974817e-04
8.124999999999980111e-04
8.854166666666644534e-04
8.229166666666646148e-04
8.083333333333313697e-04
8.270833333333312562e-04
8.437499999999980389e-04
8.604166666666643879e-04
8.770833333333310621e-04
7.770833333333314503e-04
7.895833333333314831e-04
8.666666666666644585e-04
8.020833333333314075e-04
8.854166666666644534e-04
9.583333333333307873e-04
8.020833333333314075e-04
8.229166666666646148e-04
8.041666666666647282e-04
8.187499999999979733e-04
7.541666666666649223e-04
8.416666666666646097e-04
8.437499999999979305e-04
8.354166666666645391e-04
8.770833333333310621e-04
8.208333333333311856e-04
8.187499999999980817e-04
7.916666666666646954e-04
8.541666666666645341e-04
8.395833333333311806e-04
8.166666666666645442e-04
8.458333333333313596e-04
7.958333333333313369e-04
8.499999999999978927e-04
8.791666666666643828e-04
8.020833333333315159e-04
8.770833333333310621e-04
8.083333333333312613e-04
7.562499999999982431e-04
8.895833333333312033e-04
8.583333333333310671e-04
9.124999999999976229e-04
7.354166666666649274e-04
7.520833333333312764e-04
8.645833333333310293e-04
8.208333333333312941e-04
8.541666666666645341e-04
8.083333333333314781e-04
8.729166666666644207e-04
8.062499999999979405e-04
8.791666666666644913e-04
8.187499999999978649e-04
8.354166666666645391e-04
8.229166666666645064e-04
8.062499999999980490e-04
7.291666666666648568e-04
8.104166666666646904e-04
7.729166666666647005e-04
8.249999999999978271e-04
7.645833333333313091e-04
7.979166666666648745e-04
7.854166666666646248e-04
8.729166666666643122e-04
7.916666666666646954e-04
8.479166666666644635e-04
8.645833333333312462e-04
8.604166666666644963e-04
8.249999999999981523e-04
8.708333333333310999e-04
8.812499999999977036e-04
8.270833333333312562e-04
8.562499999999978548e-04
7.708333333333313797e-04
8.104166666666646904e-04
8.145833333333313319e-04
8.020833333333315159e-04
8.437499999999979305e-04
7.708333333333313797e-04
7.729166666666649173e-04
8.666666666666643501e-04
8.166666666666646526e-04
8.479166666666645719e-04
7.812499999999980918e-04
8.083333333333313697e-04
8.854166666666644534e-04
8.187499999999979733e-04
8.395833333333312890e-04
8.291666666666645770e-04
8.541666666666644257e-04
8.604166666666644963e-04
8.479166666666646804e-04
8.874999999999978826e-04
9.083333333333309815e-04
8.687499999999976708e-04
7.666666666666648467e-04
7.520833333333313848e-04
7.604166666666646677e-04
7.249999999999984322e-04
7.874999999999980540e-04
8.416666666666646097e-04
8.749999999999977414e-04
8.104166666666646904e-04
8.583333333333311756e-04
8.291666666666644685e-04
8.770833333333309537e-04
8.041666666666648366e-04
7.624999999999983137e-04
8.708333333333310999e-04
8.645833333333311378e-04
8.249999999999979355e-04
7.333333333333314982e-04
8.062499999999980490e-04
8.354166666666644307e-04
8.020833333333314075e-04
8.437499999999979305e-04
8.979166666666643778e-04
8.583333333333311756e-04
8.104166666666644736e-04
8.437499999999978221e-04
7.812499999999979834e-04
7.791666666666646627e-04
7.979166666666647660e-04
8.291666666666645770e-04
7.687499999999981674e-04
8.124999999999979027e-04
7.749999999999980212e-04
8.249999999999980439e-04
8.249999999999980439e-04
8.812499999999980288e-04
8.520833333333312134e-04
8.354166666666644307e-04
7.770833333333315588e-04
8.687499999999977792e-04
8.708333333333308831e-04
7.374999999999982481e-04
8.354166666666644307e-04
7.895833333333312663e-04
8.124999999999980111e-04
7.624999999999980968e-04
8.291666666666645770e-04
8.187499999999979733e-04
7.541666666666648139e-04
7.958333333333314453e-04
8.437499999999979305e-04
7.479166666666648517e-04
8.083333333333313697e-04
8.145833333333314403e-04
8.562499999999978548e-04
8.020833333333314075e-04
8.604166666666643879e-04
7.062499999999982203e-04
8.291666666666644685e-04
8.562499999999978548e-04
8.624999999999978170e-04
8.708333333333310999e-04
8.229166666666646148e-04
8.624999999999978170e-04
7.937499999999980162e-04
8.062499999999980490e-04
8.708333333333312084e-04
8.520833333333312134e-04
7.645833333333315260e-04
8.583333333333311756e-04
8.708333333333310999e-04
8.062499999999979405e-04
8.437499999999979305e-04
8.458333333333312512e-04
8.333333333333312184e-04
8.083333333333311528e-04
8.499999999999977842e-04
7.916666666666645870e-04
7.979166666666647660e-04
8.791666666666642744e-04
8.083333333333313697e-04
8.124999999999980111e-04
7.999999999999979784e-04
7.999999999999979784e-04
7.687499999999981674e-04
8.083333333333313697e-04
8.499999999999978927e-04
8.166666666666646526e-04
7.916666666666646954e-04
8.520833333333311050e-04
7.770833333333314503e-04
7.687499999999981674e-04
8.312499999999977893e-04
8.354166666666644307e-04
7.895833333333313747e-04
8.249999999999977187e-04
8.229166666666646148e-04
8.749999999999976330e-04
8.395833333333312890e-04
8.208333333333312941e-04
7.937499999999980162e-04
8.291666666666645770e-04
7.624999999999982053e-04
8.791666666666643828e-04
7.937499999999982330e-04
8.416666666666645013e-04
7.833333333333314125e-04
8.229166666666645064e-04
8.041666666666646198e-04
8.270833333333313647e-04
8.583333333333310671e-04
8.104166666666646904e-04
8.166666666666645442e-04
8.124999999999980111e-04
8.458333333333311428e-04
8.145833333333312234e-04
8.583333333333311756e-04
8.812499999999977036e-04
7.645833333333314176e-04
8.249999999999978271e-04
8.583333333333310671e-04
8.749999999999976330e-04
8.145833333333314403e-04
8.062499999999980490e-04
7.458333333333314226e-04
8.812499999999977036e-04
7.937499999999980162e-04
8.249999999999979355e-04
8.166666666666647610e-04
7.645833333333314176e-04
9.354166666666642593e-04
7.791666666666647711e-04
8.104166666666647988e-04
8.354166666666646476e-04
8.791666666666645997e-04
8.437499999999979305e-04
8.562499999999979633e-04
7.604166666666648845e-04
8.291666666666646854e-04
9.354166666666642593e-04
8.374999999999978599e-04
8.291666666666644685e-04
7.812499999999980918e-04
7.895833333333312663e-04
8.520833333333312134e-04
8.791666666666643828e-04
7.999999999999979784e-04
8.479166666666645719e-04
8.416666666666646097e-04
8.729166666666644207e-04
8.770833333333310621e-04
7.770833333333315588e-04
8.145833333333313319e-04
8.520833333333312134e-04
8.520833333333312134e-04
7.999999999999980868e-04
8.333333333333312184e-04
8.291666666666646854e-04
7.833333333333314125e-04
8.395833333333312890e-04
8.541666666666645341e-04
8.249999999999980439e-04
7.708333333333314882e-04
7.812499999999980918e-04
8.604166666666644963e-04
8.291666666666645770e-04
8.395833333333312890e-04
7.916666666666645870e-04
8.520833333333311050e-04
8.020833333333312991e-04
8.208333333333312941e-04
9.416666666666642215e-04
8.624999999999978170e-04
7.749999999999981296e-04
8.624999999999979254e-04
8.416666666666646097e-04
7.937499999999979078e-04
8.312499999999978977e-04
8.229166666666645064e-04
8.020833333333314075e-04
8.270833333333311478e-04
8.062499999999980490e-04
7.687499999999981674e-04
8.583333333333311756e-04
7.979166666666646576e-04
8.145833333333313319e-04
7.895833333333313747e-04
8.374999999999980767e-04
7.770833333333315588e-04
7.791666666666646627e-04
8.499999999999978927e-04
7.604166666666648845e-04
7.833333333333313041e-04
8.208333333333312941e-04
7.749999999999982380e-04
7.541666666666649223e-04
8.541666666666645341e-04
7.895833333333313747e-04
7.729166666666648089e-04
8.354166666666644307e-04
7.874999999999979456e-04
8.249999999999978271e-04
8.729166666666645291e-04
8.770833333333310621e-04
8.520833333333311050e-04
8.083333333333312613e-04
8.395833333333311806e-04
7.729166666666648089e-04
7.666666666666647383e-04
8.291666666666645770e-04
8.499999999999978927e-04
8.083333333333312613e-04
8.645833333333310293e-04
8.020833333333314075e-04
8.124999999999979027e-04
7.874999999999980540e-04
8.458333333333312512e-04
8.770833333333311705e-04
9.083333333333310899e-04
7.812499999999979834e-04
7.937499999999980162e-04
8.791666666666644913e-04
8.229166666666643979e-04
8.833333333333312411e-04
8.770833333333311705e-04
7.583333333333317806e-04
8.499999999999977842e-04
7.916666666666648039e-04
8.166666666666646526e-04
8.041666666666647282e-04
9.145833333333308352e-04
8.458333333333311428e-04
8.083333333333313697e-04
7.895833333333312663e-04
8.708333333333310999e-04
8.291666666666645770e-04
7.583333333333315638e-04
7.916666666666648039e-04
8.520833333333311050e-04
8.520833333333311050e-04
8.416666666666646097e-04
8.687499999999977792e-04
8.124999999999979027e-04
7.624999999999982053e-04
8.479166666666644635e-04
7.583333333333315638e-04
7.666666666666648467e-04
8.499999999999978927e-04
7.708333333333313797e-04
8.395833333333311806e-04
8.041666666666647282e-04
8.437499999999979305e-04
8.166666666666646526e-04
8.479166666666646804e-04
8.354166666666645391e-04
8.249999999999979355e-04
8.083333333333312613e-04
7.708333333333313797e-04
8.083333333333313697e-04
8.083333333333312613e-04
8.124999999999980111e-04
8.791666666666643828e-04
7.145833333333316117e-04
8.437499999999979305e-04
9.020833333333311277e-04
7.979166666666647660e-04
8.958333333333311655e-04
7.520833333333316016e-04
7.979166666666646576e-04
7.770833333333314503e-04
8.874999999999977742e-04
8.437499999999978221e-04
8.812499999999979204e-04
8.124999999999980111e-04
8.812499999999975952e-04
8.145833333333312234e-04
8.104166666666646904e-04
8.270833333333313647e-04
8.624999999999977086e-04
8.520833333333311050e-04
8.499999999999978927e-04
8.416666666666646097e-04
8.437499999999979305e-04
8.124999999999980111e-04
7.729166666666649173e-04
8.749999999999976330e-04
8.416666666666647182e-04
8.749999999999977414e-04
8.208333333333312941e-04
7.645833333333315260e-04
7.416666666666647811e-04
7.583333333333315638e-04
8.458333333333311428e-04
8.458333333333313596e-04
7.645833333333314176e-04
7.729166666666648089e-04
8.999999999999976985e-04
8.104166666666646904e-04
8.083333333333314781e-04
9.041666666666643400e-04
9.145833333333309436e-04
8.166666666666646526e-04
7.874999999999980540e-04
7.395833333333314604e-04
7.166666666666650408e-04
8.270833333333311478e-04
8.145833333333314403e-04
8.645833333333310293e-04
7.895833333333313747e-04
9.249999999999974389e-04
7.979166666666647660e-04
7.979166666666647660e-04
7.916666666666646954e-04
7.874999999999978371e-04
7.937499999999980162e-04
7.645833333333314176e-04
8.770833333333310621e-04
8.854166666666644534e-04
8.499999999999978927e-04
8.416666666666646097e-04
8.562499999999979633e-04
8.416666666666646097e-04
8.270833333333311478e-04
8.020833333333314075e-04
8.041666666666647282e-04
8.645833333333311378e-04
8.937499999999977364e-04
8.666666666666644585e-04
7.249999999999983237e-04
7.979166666666647660e-04
8.145833333333313319e-04
8.333333333333312184e-04
7.541666666666649223e-04
7.937499999999980162e-04
8.270833333333312562e-04
7.749999999999981296e-04
7.833333333333313041e-04
7.854166666666647333e-04
7.770833333333313419e-04
8.437499999999979305e-04
9.145833333333310521e-04
8.666666666666643501e-04
8.458333333333312512e-04
8.166666666666646526e-04
8.020833333333314075e-04
7.562499999999982431e-04
8.229166666666647232e-04
8.229166666666645064e-04
7.124999999999982910e-04
7.520833333333316016e-04
8.312499999999978977e-04
8.312499999999980061e-04
7.916666666666646954e-04
9.124999999999975145e-04
8.812499999999977036e-04
7.395833333333315688e-04
8.520833333333311050e-04
9.229166666666642265e-04
8.729166666666644207e-04
7.812499999999980918e-04
8.166666666666645442e-04
8.374999999999978599e-04
8.229166666666646148e-04
8.166666666666644358e-04
7.687499999999980590e-04
8.708333333333310999e-04
8.916666666666645241e-04
8.333333333333312184e-04
8.541666666666645341e-04
8.479166666666646804e-04
8.541666666666645341e-04
8.104166666666646904e-04
7.937499999999979078e-04
8.437499999999979305e-04
8.458333333333312512e-04
7.770833333333314503e-04
8.104166666666646904e-04
8.395833333333312890e-04
8.354166666666645391e-04
7.374999999999982481e-04
8.312499999999980061e-04
7.854166666666646248e-04
7.958333333333314453e-04
8.187499999999980817e-04
8.479166666666645719e-04
8.062499999999980490e-04
7.708333333333314882e-04
8.229166666666646148e-04
9.124999999999976229e-04
8.666666666666645669e-04
8.479166666666645719e-04
8.354166666666645391e-04
8.312499999999977893e-04
8.208333333333314025e-04
8.187499999999979733e-04
8.374999999999978599e-04
8.479166666666645719e-04
7.645833333333314176e-04
8.666666666666644585e-04
8.354166666666645391e-04
7.729166666666648089e-04
7.770833333333315588e-04
8.562499999999979633e-04
8.270833333333311478e-04
7.291666666666650736e-04
7.999999999999980868e-04
7.979166666666647660e-04
8.062499999999980490e-04
7.499999999999980640e-04
7.999999999999980868e-04
8.416666666666643929e-04
7.499999999999981725e-04
9.145833333333309436e-04
7.687499999999980590e-04
8.124999999999979027e-04
7.833333333333314125e-04
7.208333333333316823e-04
7.770833333333313419e-04
8.437499999999978221e-04
8.104166666666646904e-04
8.354166666666644307e-04
8.312499999999977893e-04
8.124999999999979027e-04
8.312499999999978977e-04
7.895833333333312663e-04
8.229166666666646148e-04
8.520833333333312134e-04
8.083333333333314781e-04
8.791666666666642744e-04
7.666666666666647383e-04
8.312499999999977893e-04
8.374999999999978599e-04
7.833333333333314125e-04
8.124999999999980111e-04
7.874999999999980540e-04
8.249999999999978271e-04
8.499999999999978927e-04
7.437499999999982103e-04
7.562499999999982431e-04
8.270833333333311478e-04
7.437499999999982103e-04
7.708333333333313797e-04
8.166666666666645442e-04
8.249999999999979355e-04
8.416666666666646097e-04
8.208333333333312941e-04
7.374999999999983565e-04
8.437499999999980389e-04
8.645833333333310293e-04
9.062499999999975523e-04
7.104166666666650786e-04
8.041666666666646198e-04
7.708333333333313797e-04
7.937499999999980162e-04
8.395833333333312890e-04
7.666666666666647383e-04
8.229166666666646148e-04
7.874999999999980540e-04
8.395833333333313974e-04
7.979166666666646576e-04
7.729166666666648089e-04
8.499999999999978927e-04
8.854166666666645619e-04
8.208333333333311856e-04
8.354166666666646476e-04
8.395833333333311806e-04
8.104166666666645820e-04
7.979166666666646576e-04
8.416666666666647182e-04
8.895833333333310949e-04
8.249999999999979355e-04
8.437499999999981473e-04
9.145833333333309436e-04
7.812499999999980918e-04
8.208333333333312941e-04
8.416666666666646097e-04
8.416666666666645013e-04
7.874999999999980540e-04
7.729166666666649173e-04
9.062499999999977691e-04
8.208333333333312941e-04
8.104166666666644736e-04
7.812499999999979834e-04
8.187499999999978649e-04
8.833333333333311327e-04
8.104166666666645820e-04
7.937499999999982330e-04
8.499999999999980011e-04
8.291666666666644685e-04
8.312499999999977893e-04
7.958333333333314453e-04
7.687499999999980590e-04
8.166666666666647610e-04
7.770833333333314503e-04
8.916666666666644156e-04
8.083333333333312613e-04
7.104166666666649702e-04
8.270833333333312562e-04
8.166666666666647610e-04
8.541666666666645341e-04
8.312499999999980061e-04
7.666666666666649551e-04
7.916666666666646954e-04
8.770833333333310621e-04
7.916666666666646954e-04
8.270833333333312562e-04
7.541666666666648139e-04
8.020833333333315159e-04
8.229166666666646148e-04
8.645833333333310293e-04
8.583333333333311756e-04
8.729166666666643122e-04
8.291666666666645770e-04
8.083333333333314781e-04
8.854166666666645619e-04
8.520833333333312134e-04
8.312499999999978977e-04
7.666666666666647383e-04
8.999999999999976985e-04
8.291666666666645770e-04
7.895833333333313747e-04
8.041666666666647282e-04
8.520833333333311050e-04
7.999999999999980868e-04
8.229166666666646148e-04
7.833333333333313041e-04
8.312499999999977893e-04
7.937499999999980162e-04
8.374999999999978599e-04
8.020833333333314075e-04
8.166666666666645442e-04
8.145833333333313319e-04
8.624999999999978170e-04
8.333333333333313268e-04
8.499999999999977842e-04
7.999999999999980868e-04
7.687499999999981674e-04
8.624999999999978170e-04
8.270833333333312562e-04
8.666666666666643501e-04
7.854166666666647333e-04
8.333333333333313268e-04
8.104166666666647988e-04
8.562499999999978548e-04
7.854166666666647333e-04
8.208333333333312941e-04
8.687499999999977792e-04
7.958333333333314453e-04
8.166666666666646526e-04
8.770833333333309537e-04
8.999999999999976985e-04
8.208333333333312941e-04
7.770833333333314503e-04
8.166666666666646526e-04
8.437499999999978221e-04
8.020833333333312991e-04
8.479166666666644635e-04
7.562499999999982431e-04
7.354166666666649274e-04
8.062499999999980490e-04
8.291666666666644685e-04
8.854166666666645619e-04
7.583333333333314554e-04
8.833333333333311327e-04
8.374999999999980767e-04
7.833333333333314125e-04
7.499999999999980640e-04
8.083333333333313697e-04
7.770833333333315588e-04
8.145833333333313319e-04
7.958333333333314453e-04
8.458333333333311428e-04
8.312499999999978977e-04
7.604166666666648845e-04
8.499999999999978927e-04
8.749999999999976330e-04
7.937499999999979078e-04
9.395833333333307924e-04
8.166666666666646526e-04
8.541666666666646425e-04
7.895833333333313747e-04
8.395833333333312890e-04
8.437499999999978221e-04
7.437499999999981019e-04
8.562499999999978548e-04
7.854166666666646248e-04
9.104166666666643022e-04
8.374999999999977515e-04
8.895833333333312033e-04
8.166666666666646526e-04
8.520833333333312134e-04
8.249999999999978271e-04
8.333333333333311100e-04
7.541666666666649223e-04
8.645833333333311378e-04
8.104166666666645820e-04
8.020833333333314075e-04
7.708333333333314882e-04
8.437499999999979305e-04
8.333333333333311100e-04
8.416666666666645013e-04
8.624999999999977086e-04
7.812499999999980918e-04
8.645833333333311378e-04
9.124999999999976229e-04
8.395833333333311806e-04
8.062499999999981574e-04
8.395833333333312890e-04
8.062499999999979405e-04
7.583333333333314554e-04
8.041666666666647282e-04
8.624999999999978170e-04
8.041666666666646198e-04
8.229166666666646148e-04
7.999999999999979784e-04
8.291666666666646854e-04
8.020833333333312991e-04
8.604166666666644963e-04
8.520833333333311050e-04
8.583333333333310671e-04
7.541666666666648139e-04
8.958333333333309487e-04
7.770833333333313419e-04
8.874999999999976658e-04
7.999999999999979784e-04
8.458333333333312512e-04
8.041666666666646198e-04
8.312499999999978977e-04
7.604166666666647761e-04
8.833333333333310243e-04
7.708333333333314882e-04
8.562499999999978548e-04
8.583333333333310671e-04
8.229166666666646148e-04
8.458333333333312512e-04
8.499999999999980011e-04
8.604166666666644963e-04
8.854166666666644534e-04
7.895833333333313747e-04
8.291666666666645770e-04
7.812499999999980918e-04
8.770833333333309537e-04
8.104166666666645820e-04
8.104166666666645820e-04
8.333333333333312184e-04
8.374999999999980767e-04
8.624999999999977086e-04
8.562499999999977464e-04
8.458333333333311428e-04
8.333333333333311100e-04
8.395833333333312890e-04
7.958333333333314453e-04
7.979166666666646576e-04
7.458333333333313142e-04
8.354166666666645391e-04
7.708333333333312713e-04
8.791666666666644913e-04
8.208333333333311856e-04
7.937499999999980162e-04
8.395833333333315059e-04
8.708333333333308831e-04
8.395833333333312890e-04
9.145833333333309436e-04
8.395833333333312890e-04
7.333333333333316066e-04
7.791666666666646627e-04
8.333333333333312184e-04
8.208333333333312941e-04
7.895833333333312663e-04
7.729166666666647005e-04
7.749999999999981296e-04
8.166666666666647610e-04
8.249999999999978271e-04
8.041666666666646198e-04
7.770833333333314503e-04
8.562499999999978548e-04
8.354166666666646476e-04
7.916666666666648039e-04
8.354166666666645391e-04
7.916666666666645870e-04
8.604166666666644963e-04
7.812499999999979834e-04
7.437499999999983187e-04
8.666666666666644585e-04
8.979166666666643778e-04
8.333333333333311100e-04
8.541666666666644257e-04
8.124999999999980111e-04
8.333333333333313268e-04
7.145833333333317201e-04
8.062499999999979405e-04
8.145833333333313319e-04
7.104166666666651871e-04
7.749999999999980212e-04
8.874999999999978826e-04
8.187499999999979733e-04
7.666666666666648467e-04
7.791666666666646627e-04
8.749999999999976330e-04
8.645833333333310293e-04
8.124999999999980111e-04
8.124999999999979027e-04
8.312499999999978977e-04
8.208333333333311856e-04
8.166666666666646526e-04
8.604166666666644963e-04
7.979166666666647660e-04
9.124999999999977313e-04
7.708333333333313797e-04
7.999999999999980868e-04
7.479166666666649602e-04
8.499999999999978927e-04
7.916666666666648039e-04
8.062499999999981574e-04
8.249999999999980439e-04
8.437499999999980389e-04
8.354166666666645391e-04
7.708333333333313797e-04
8.333333333333312184e-04
8.708333333333309915e-04
8.145833333333313319e-04
7.749999999999981296e-04
8.208333333333312941e-04
8.187499999999979733e-04
8.187499999999978649e-04
8.354166666666644307e-04
7.729166666666649173e-04
7.708333333333315966e-04
7.937499999999980162e-04
7.937499999999980162e-04
7.416666666666648896e-04
8.374999999999977515e-04
8.395833333333313974e-04
8.249999999999978271e-04
7.958333333333313369e-04
7.874999999999978371e-04
8.062499999999980490e-04
9.145833333333309436e-04
8.854166666666644534e-04
7.749999999999982380e-04
8.041666666666647282e-04
8.437499999999979305e-04
8.124999999999980111e-04
8.020833333333312991e-04
8.374999999999978599e-04
8.604166666666646047e-04
8.812499999999977036e-04
7.979166666666647660e-04
8.312499999999978977e-04
8.458333333333311428e-04
8.270833333333311478e-04
8.729166666666645291e-04
8.124999999999980111e-04
7.874999999999980540e-04
7.479166666666648517e-04
8.291666666666644685e-04
7.999999999999980868e-04
7.791666666666647711e-04
7.958333333333314453e-04
7.791666666666648795e-04
7.937499999999980162e-04
7.874999999999980540e-04
8.124999999999980111e-04
8.166666666666646526e-04
8.229166666666647232e-04
8.312499999999978977e-04
7.708333333333314882e-04
8.645833333333310293e-04
8.770833333333310621e-04
8.187499999999978649e-04
8.687499999999976708e-04
7.729166666666647005e-04
8.541666666666645341e-04
8.312499999999978977e-04
8.208333333333312941e-04
7.874999999999980540e-04
7.666666666666647383e-04
8.166666666666645442e-04
8.479166666666645719e-04
8.041666666666647282e-04
7.729166666666647005e-04
8.145833333333312234e-04
8.374999999999978599e-04
7.979166666666646576e-04
8.416666666666646097e-04
7.812499999999980918e-04
8.020833333333314075e-04
8.666666666666645669e-04
8.083333333333312613e-04
8.479166666666645719e-04
8.979166666666642694e-04
7.604166666666649929e-04
8.249999999999979355e-04
8.645833333333313546e-04
7.937499999999980162e-04
8.437499999999980389e-04
7.999999999999979784e-04
7.645833333333315260e-04
8.291666666666645770e-04
8.020833333333312991e-04
7.895833333333312663e-04
7.541666666666649223e-04
7.895833333333313747e-04
8.354166666666645391e-04
7.979166666666647660e-04
7.916666666666648039e-04
7.749999999999980212e-04
7.999999999999980868e-04
8.479166666666645719e-04
9.041666666666643400e-04
8.374999999999978599e-04
8.708333333333310999e-04
8.312499999999980061e-04
8.645833333333310293e-04
8.437499999999979305e-04
8.083333333333312613e-04
7.395833333333315688e-04
8.729166666666644207e-04
8.166666666666645442e-04
7.979166666666647660e-04
8.124999999999980111e-04
8.645833333333312462e-04
8.729166666666644207e-04
8.854166666666643450e-04
8.520833333333313218e-04
8.208333333333312941e-04
8.416666666666646097e-04
8.062499999999979405e-04
7.729166666666647005e-04
7.624999999999980968e-04
7.479166666666648517e-04
7.958333333333314453e-04
7.770833333333313419e-04
7.999999999999980868e-04
8.791666666666643828e-04
7.666666666666648467e-04
9.020833333333310193e-04
8.104166666666647988e-04
8.979166666666642694e-04
7.729166666666647005e-04
8.437499999999979305e-04
8.145833333333312234e-04
8.854166666666645619e-04
8.479166666666644635e-04
7.708333333333314882e-04
8.604166666666644963e-04
7.770833333333313419e-04
8.374999999999978599e-04
8.124999999999979027e-04
7.812499999999980918e-04
8.145833333333312234e-04
7.249999999999983237e-04
8.187499999999979733e-04
8.708333333333310999e-04
8.145833333333312234e-04
8.354166666666644307e-04
7.958333333333313369e-04
8.354166666666645391e-04
8.145833333333313319e-04
8.270833333333311478e-04
8.333333333333311100e-04
8.395833333333312890e-04
8.854166666666644534e-04
8.520833333333312134e-04
8.104166666666646904e-04
7.687499999999980590e-04
8.562499999999978548e-04
7.999999999999980868e-04
8.520833333333311050e-04
8.395833333333311806e-04
8.333333333333312184e-04
8.020833333333314075e-04
8.124999999999980111e-04
8.187499999999978649e-04
8.520833333333312134e-04
8.208333333333312941e-04
8.979166666666643778e-04
7.374999999999981397e-04
8.249999999999978271e-04
8.520833333333312134e-04
8.270833333333313647e-04
8.312499999999977893e-04
9.083333333333310899e-04
7.895833333333313747e-04
1.002083333333330739e-03
1.175000000000001347e-03
1.195833333333336723e-03
1.287500000000004570e-03
1.510416666666676826e-03
1.539583333333344184e-03
1.606250000000013049e-03
1.827083333333347649e-03
1.785416666666683402e-03
1.841666666666682195e-03
1.960416666666683211e-03
1.939583333333349353e-03
1.975000000000016673e-03
2.004166666666682296e-03
2.029166666666683012e-03
2.054166666666683294e-03
2.164583333333350811e-03
2.058333333333352104e-03
2.162500000000014671e-03
2.031250000000016983e-03
2.179166666666680803e-03
2.131250000000015944e-03
2.120833333333350425e-03
2.166666666666681746e-03
2.277083333333349696e-03
2.222916666666683357e-03
2.233333333333349744e-03
2.235416666666682414e-03
2.081250000000015813e-03
2.304166666666683082e-03
2.293750000000016696e-03
2.216666666666682745e-03
2.281250000000017639e-03
2.256250000000015188e-03
2.256250000000013453e-03
2.316666666666685175e-03
2.229166666666681802e-03
2.297916666666680301e-03
2.387500000000014177e-03
2.287500000000016083e-03
2.270833333333349083e-03
2.264583333333348471e-03
2.247916666666682339e-03
2.318750000000016544e-03
2.262500000000015801e-03
2.225000000000014726e-03
2.337500000000012311e-03
2.327083333333350261e-03
2.335416666666684845e-03
2.243750000000018299e-03
2.393750000000014356e-03
2.316666666666678236e-03
2.362500000000012593e-03
2.385416666666679338e-03
2.327083333333346792e-03
2.406250000000013847e-03
2.347916666666684769e-03
2.337500000000017949e-03
2.402083333333346338e-03
2.306250000000020957e-03
2.435416666666684240e-03
2.354166666666683647e-03
2.364583333333348299e-03
2.377083333333347356e-03
2.527083333333349485e-03
2.350000000000017006e-03
2.354166666666684515e-03
2.431250000000019333e-03
2.433333333333348968e-03
2.395833333333352230e-03
2.556250000000014674e-03
2.441666666666685286e-03
2.529166666666682588e-03
2.387500000000016345e-03
2.468750000000013902e-03
2.354166666666683647e-03
2.372916666666683317e-03
2.489583333333350145e-03
2.570833333333344232e-03
2.452083333333349505e-03
2.441666666666681383e-03
2.431250000000015864e-03
2.383333333333348836e-03
2.379166666666680460e-03
2.366666666666681837e-03
2.483333333333349099e-03
2.587500000000014701e-03
2.516666666666680929e-03
2.400000000000013234e-03
2.418750000000014638e-03
2.406250000000016449e-03
2.506250000000017145e-03
2.506250000000016277e-03
2.452083333333348204e-03
2.550000000000017530e-03
2.512500000000013421e-03
2.450000000000015100e-03
2.581250000000017558e-03
2.408333333333351287e-03
2.416666666666680233e-03
1.968750000000016927e-03
1.668750000000013538e-03
1.462500000000009799e-03
1.377083333333340614e-03
1.275000000000005296e-03
1.102083333333334471e-03
9.624999999999974288e-04
9.083333333333309815e-04
9.354166666666642593e-04
8.708333333333310999e-04
7.291666666666648568e-04
7.041666666666651165e-04
7.291666666666649652e-04
7.749999999999981296e-04
6.895833333333318714e-04
6.687499999999985557e-04
6.520833333333317730e-04
6.729166666666650887e-04
6.291666666666653534e-04
6.687499999999985557e-04
6.895833333333316545e-04
5.833333333333321890e-04
5.958333333333320049e-04
5.937499999999986842e-04
6.458333333333319192e-04
6.187499999999985329e-04
6.229166666666654997e-04
5.791666666666652223e-04
5.854166666666654013e-04
5.333333333333320578e-04
5.583333333333321234e-04
5.604166666666655526e-04
6.020833333333319671e-04
5.687499999999987271e-04
5.395833333333322369e-04
5.249999999999988834e-04
5.458333333333323075e-04
5.624999999999986565e-04
5.729166666666653685e-04
5.312499999999988455e-04
5.583333333333321234e-04
5.229166666666654542e-04
4.854166666666657353e-04
5.645833333333321940e-04
5.770833333333320100e-04
5.145833333333322797e-04
5.166666666666656004e-04
5.354166666666655954e-04
5.229166666666655626e-04
5.312499999999988455e-04
5.291666666666656332e-04
5.208333333333322419e-04
5.749999999999986892e-04
5.458333333333321991e-04
5.562499999999989111e-04
5.374999999999990246e-04
5.249999999999988834e-04
5.708333333333320478e-04
4.958333333333322848e-04
4.895833333333324310e-04
5.374999999999989161e-04
5.437499999999989867e-04
5.104166666666656383e-04
5.312499999999989540e-04
4.916666666666656433e-04
5.270833333333322041e-04
5.583333333333321234e-04
5.416666666666655576e-04
5.874999999999988304e-04
4.958333333333323932e-04
5.624999999999988733e-04
5.062499999999991052e-04
5.541666666666655904e-04
4.979166666666657139e-04
5.166666666666657089e-04
5.354166666666655954e-04
5.562499999999988027e-04
5.833333333333319722e-04
5.124999999999989590e-04
5.541666666666654820e-04
5.416666666666655576e-04
5.354166666666657038e-04
5.312499999999989540e-04
5.416666666666654492e-04
5.208333333333324587e-04
5.624999999999988733e-04
5.479166666666656282e-04
5.270833333333323125e-04
5.520833333333322697e-04
5.437499999999988783e-04
6.083333333333319293e-04
6.208333333333319621e-04
5.354166666666655954e-04
5.458333333333323075e-04
4.999999999999990346e-04
5.749999999999986892e-04
5.333333333333321663e-04
4.979166666666657139e-04
5.166666666666656004e-04
5.812499999999988683e-04
5.416666666666656660e-04
4.833333333333324688e-04
4.999999999999990346e-04
5.833333333333320806e-04
5.312499999999988455e-04
5.312499999999989540e-04
5.416666666666655576e-04
5.729166666666653685e-04
6.166666666666654291e-04
5.958333333333321134e-04
5.645833333333320856e-04
5.187499999999989212e-04
5.666666666666655148e-04
6.249999999999987120e-04
5.916666666666654719e-04
6.041666666666655047e-04
5.645833333333319772e-04
6.145833333333319999e-04
5.729166666666653685e-04
5.937499999999986842e-04
5.895833333333321512e-04
5.874999999999987220e-04
5.604166666666655526e-04
5.729166666666653685e-04
5.958333333333321134e-04
5.499999999999988405e-04
5.666666666666655148e-04
5.791666666666655475e-04
5.562499999999989111e-04
5.749999999999987977e-04
5.333333333333321663e-04
5.687499999999988355e-04
5.624999999999987649e-04
5.833333333333320806e-04
5.354166666666655954e-04
5.166666666666656004e-04
5.354166666666658123e-04
5.729166666666653685e-04
6.124999999999984623e-04
6.124999999999986792e-04
6.062499999999987170e-04
5.749999999999986892e-04
5.833333333333320806e-04
5.729166666666654769e-04
5.687499999999988355e-04
5.687499999999987271e-04
5.312499999999988455e-04
5.770833333333320100e-04
6.374999999999985279e-04
5.812499999999987598e-04
5.937499999999987926e-04
6.083333333333319293e-04
6.354166666666653156e-04
5.958333333333320049e-04
5.791666666666652223e-04
5.749999999999986892e-04
5.437499999999988783e-04
6.083333333333320377e-04
5.874999999999988304e-04
6.583333333333317352e-04
5.624999999999987649e-04
5.416666666666655576e-04
5.229166666666655626e-04
5.645833333333321940e-04
5.854166666666654013e-04
5.312499999999988455e-04
5.749999999999987977e-04
5.999999999999987548e-04
5.895833333333321512e-04
5.458333333333321991e-04
5.916666666666653635e-04
5.520833333333321612e-04
5.624999999999988733e-04
5.479166666666655198e-04
5.687499999999987271e-04
6.458333333333319192e-04
6.624999999999983766e-04
4.958333333333323932e-04
6.020833333333319671e-04
6.145833333333318915e-04
5.687499999999987271e-04
6.229166666666652828e-04
5.979166666666653257e-04
5.833333333333321890e-04
5.958333333333321134e-04
6.083333333333319293e-04
5.770833333333320100e-04
5.479166666666655198e-04
5.979166666666652172e-04
6.270833333333319243e-04
6.249999999999986035e-04
5.958333333333320049e-04
5.583333333333322318e-04
6.062499999999987170e-04
6.541666666666650937e-04
5.354166666666657038e-04
6.583333333333317352e-04
6.437499999999985985e-04
5.458333333333323075e-04
5.645833333333321940e-04
5.729166666666653685e-04
5.541666666666654820e-04
6.249999999999987120e-04
6.249999999999987120e-04
6.291666666666651366e-04
6.270833333333320327e-04
5.479166666666655198e-04
5.937499999999986842e-04
6.520833333333317730e-04
6.437499999999985985e-04
6.333333333333318865e-04
5.937499999999986842e-04
5.749999999999985808e-04
5.916666666666654719e-04
6.083333333333319293e-04
6.541666666666650937e-04
5.854166666666655097e-04
6.333333333333319949e-04
5.749999999999989061e-04
6.041666666666653963e-04
5.937499999999986842e-04
6.458333333333318108e-04
5.708333333333319394e-04
6.354166666666654240e-04
6.145833333333318915e-04
5.499999999999987321e-04
5.937499999999986842e-04
5.979166666666653257e-04
5.833333333333320806e-04
6.666666666666651265e-04
6.312499999999985657e-04
5.937499999999986842e-04
6.416666666666652778e-04
5.916666666666654719e-04
6.291666666666653534e-04
6.312499999999985657e-04
6.083333333333320377e-04
6.270833333333319243e-04
5.999999999999986464e-04
6.249999999999986035e-04
5.520833333333321612e-04
5.749999999999985808e-04
6.499999999999984523e-04
6.499999999999984523e-04
6.270833333333320327e-04
6.416666666666651694e-04
6.083333333333320377e-04
6.333333333333319949e-04
6.437499999999984901e-04
5.979166666666653257e-04
6.624999999999983766e-04
5.729166666666653685e-04
5.895833333333320428e-04
6.416666666666652778e-04
6.666666666666651265e-04
5.416666666666655576e-04
6.624999999999983766e-04
5.999999999999987548e-04
6.354166666666653156e-04
6.624999999999983766e-04
6.312499999999985657e-04
6.354166666666652072e-04
6.708333333333317680e-04
6.666666666666652349e-04
6.833333333333318008e-04
6.833333333333318008e-04
5.874999999999987220e-04
6.083333333333320377e-04
6.458333333333319192e-04
6.604166666666649475e-04
6.458333333333319192e-04
6.666666666666653434e-04
6.312499999999986742e-04
6.062499999999986086e-04
6.270833333333320327e-04
6.145833333333318915e-04
6.312499999999985657e-04
6.791666666666651593e-04
6.958333333333317251e-04
6.395833333333318486e-04
5.999999999999986464e-04
5.541666666666654820e-04
6.729166666666651971e-04
6.354166666666652072e-04
6.145833333333319999e-04
6.395833333333319571e-04
6.583333333333316268e-04
6.229166666666653912e-04
6.499999999999985607e-04
6.145833333333319999e-04
6.520833333333317730e-04
6.062499999999987170e-04
6.437499999999985985e-04
6.604166666666650559e-04
5.999999999999986464e-04
6.520833333333317730e-04
6.458333333333317024e-04
6.770833333333319470e-04
6.354166666666653156e-04
6.437499999999985985e-04
6.687499999999984472e-04
6.416666666666651694e-04
5.770833333333320100e-04
6.062499999999986086e-04
6.437499999999984901e-04
6.479166666666652400e-04
6.937499999999982960e-04
6.270833333333319243e-04
6.708333333333316596e-04
6.437499999999985985e-04
6.312499999999985657e-04
6.708333333333317680e-04
6.479166666666651316e-04
6.604166666666650559e-04
6.791666666666651593e-04
6.062499999999987170e-04
6.624999999999984851e-04
6.833333333333318008e-04
6.979166666666650459e-04
6.562499999999984145e-04
6.874999999999984422e-04
7.145833333333316117e-04
6.354166666666652072e-04
6.624999999999984851e-04
6.187499999999986414e-04
6.520833333333317730e-04
6.791666666666652677e-04
5.937499999999986842e-04
6.270833333333319243e-04
6.270833333333320327e-04
7.229166666666647862e-04
6.770833333333317302e-04
6.791666666666650509e-04
6.104166666666653585e-04
6.708333333333317680e-04
6.687499999999985557e-04
7.145833333333317201e-04
6.499999999999985607e-04
5.979166666666653257e-04
6.791666666666651593e-04
7.187499999999982531e-04
6.729166666666650887e-04
6.916666666666650837e-04
6.770833333333317302e-04
7.020833333333317957e-04
6.916666666666649753e-04
7.333333333333316066e-04
6.666666666666651265e-04
6.520833333333318814e-04
6.124999999999985708e-04
6.645833333333319142e-04
6.229166666666652828e-04
6.229166666666653912e-04
7.041666666666650080e-04
5.729166666666653685e-04
6.083333333333320377e-04
7.187499999999982531e-04
6.791666666666650509e-04
6.208333333333319621e-04
6.604166666666650559e-04
6.666666666666652349e-04
6.937499999999984044e-04
6.208333333333318537e-04
7.249999999999984322e-04
6.791666666666651593e-04
6.583333333333318436e-04
6.458333333333318108e-04
6.604166666666651643e-04
7.124999999999982910e-04
6.333333333333318865e-04
7.604166666666647761e-04
6.687499999999983388e-04
6.916666666666650837e-04
6.666666666666651265e-04
7.062499999999982203e-04
7.208333333333314654e-04
6.916666666666650837e-04
6.812499999999985885e-04
7.104166666666650786e-04
6.083333333333319293e-04
6.937499999999982960e-04
6.666666666666651265e-04
7.166666666666650408e-04
6.166666666666653206e-04
6.708333333333317680e-04
7.249999999999982153e-04
6.749999999999985179e-04
7.416666666666648896e-04
6.249999999999984951e-04
7.312499999999981775e-04
6.666666666666651265e-04
6.437499999999984901e-04
6.874999999999983338e-04
7.020833333333316873e-04
6.645833333333319142e-04
6.416666666666651694e-04
6.999999999999983666e-04
6.645833333333321311e-04
6.999999999999983666e-04
