5.361111111111098188e-04
6.472222222222205829e-04
6.527777777777761048e-04
7.388888888888870202e-04
7.055555555555536717e-04
8.194444444444423051e-04
7.722222222222202602e-04
7.972222222222198921e-04
9.027777777777753511e-04
8.333333333333311100e-04
1.030555555555552789e-03
9.583333333333307873e-04
9.749999999999974616e-04
1.155555555555552250e-03
9.777777777777751141e-04
1.036111111111108311e-03
1.061111111111108160e-03
1.074999999999996965e-03
1.097222222222219053e-03
1.083333333333330248e-03
1.224999999999996491e-03
1.094444444444441509e-03
1.022222222222219506e-03
1.147222222222218967e-03
1.119444444444441140e-03
1.172222222222219033e-03
1.127777777777774640e-03
9.944444444444416800e-04
1.183333333333330076e-03
1.136111111111107923e-03
1.063888888888885704e-03
1.036111111111108095e-03
1.027777777777775028e-03
1.058333333333330399e-03
1.024999999999997267e-03
1.008333333333330485e-03
1.080555555555552704e-03
1.113888888888885835e-03
1.166666666666663511e-03
1.152777777777774489e-03
1.186111111111107837e-03
1.202777777777774403e-03
1.061111111111108160e-03
1.077777777777774943e-03
1.074999999999996965e-03
1.113888888888885619e-03
1.044444444444441377e-03
1.122222222222219118e-03
1.105555555555552552e-03
1.158333333333330011e-03
1.149999999999996728e-03
1.136111111111108140e-03
1.216666666666663208e-03
1.197222222222218881e-03
1.133333333333330162e-03
1.119444444444441357e-03
1.127777777777774640e-03
1.277777777777774383e-03
1.055555555555552638e-03
1.099999999999997031e-03
1.141666666666663445e-03
1.108333333333330097e-03
1.197222222222218881e-03
1.161111111111107772e-03
1.063888888888885921e-03
1.055555555555552638e-03
1.044444444444441377e-03
1.088888888888885987e-03
1.061111111111108160e-03
1.119444444444441357e-03
1.216666666666663208e-03
1.119444444444441357e-03
1.119444444444441357e-03
1.086111111111108226e-03
1.105555555555552552e-03
1.122222222222219118e-03
1.055555555555552638e-03
1.091666666666663748e-03
1.186111111111107837e-03
1.049999999999997116e-03
1.102777777777774575e-03
1.111111111111107858e-03
1.177777777777774555e-03
1.105555555555552336e-03
1.094444444444441509e-03
1.094444444444441292e-03
1.105555555555552552e-03
1.074999999999996748e-03
1.091666666666663748e-03
1.094444444444441292e-03
1.127777777777774640e-03
1.174999999999996794e-03
1.011111111111108463e-03
1.097222222222219270e-03
1.169444444444441272e-03
1.091666666666663748e-03
1.074999999999996965e-03
1.119444444444441357e-03
1.261111111111107600e-03
1.269444444444440883e-03
1.077777777777774509e-03
1.083333333333330248e-03
1.102777777777774575e-03
1.102777777777775008e-03
1.097222222222219270e-03
1.119444444444441357e-03
1.155555555555552250e-03
1.097222222222219053e-03
1.102777777777774575e-03
1.183333333333330076e-03
1.205555555555552164e-03
1.177777777777774555e-03
1.141666666666663445e-03
1.138888888888885684e-03
1.199999999999996642e-03
1.169444444444441272e-03
1.074999999999996748e-03
1.080555555555552704e-03
1.097222222222219270e-03
1.130555555555552184e-03
1.194444444444441337e-03
1.105555555555552552e-03
1.155555555555552467e-03
1.080555555555552704e-03
1.144444444444441206e-03
1.127777777777774640e-03
1.066666666666663682e-03
1.161111111111107772e-03
1.113888888888885619e-03
1.099999999999997031e-03
1.052777777777774660e-03
1.013888888888886224e-03
1.119444444444441357e-03
1.213888888888885447e-03
1.127777777777774640e-03
1.047222222222219355e-03
1.102777777777774575e-03
1.099999999999997247e-03
1.241666666666663274e-03
1.149999999999996728e-03
1.105555555555552552e-03
1.213888888888885447e-03
1.138888888888885684e-03
1.069444444444441443e-03
1.158333333333330011e-03
1.202777777777774620e-03
1.180555555555552315e-03
1.066666666666663465e-03
1.022222222222219506e-03
1.152777777777774489e-03
1.099999999999997031e-03
1.169444444444441055e-03
1.105555555555552552e-03
1.216666666666663208e-03
1.144444444444441206e-03
1.127777777777774640e-03
1.124999999999997096e-03
1.030555555555552789e-03
1.136111111111107923e-03
1.047222222222219355e-03
1.158333333333330011e-03
1.205555555555551947e-03
1.088888888888885987e-03
1.111111111111108074e-03
1.083333333333330465e-03
1.155555555555552250e-03
1.138888888888885901e-03
1.047222222222219355e-03
1.119444444444441357e-03
1.236111111111107535e-03
1.099999999999997031e-03
1.144444444444441206e-03
1.111111111111108074e-03
1.180555555555552532e-03
1.127777777777774640e-03
1.161111111111107772e-03
1.188888888888885598e-03
1.094444444444441292e-03
1.077777777777774943e-03
1.163888888888885750e-03
1.130555555555552401e-03
1.155555555555552250e-03
1.091666666666663748e-03
1.077777777777774943e-03
1.227777777777774469e-03
1.194444444444440903e-03
1.180555555555552099e-03
1.186111111111107837e-03
1.088888888888885987e-03
1.141666666666663445e-03
1.174999999999996794e-03
1.099999999999997031e-03
1.094444444444441292e-03
1.208333333333329925e-03
1.155555555555552250e-03
1.219444444444440969e-03
1.191666666666663359e-03
1.122222222222219118e-03
1.066666666666663465e-03
1.091666666666663748e-03
1.186111111111107837e-03
1.166666666666663511e-03
1.044444444444441377e-03
1.086111111111108009e-03
1.111111111111108074e-03
1.211111111111107686e-03
1.066666666666663465e-03
1.202777777777774403e-03
1.138888888888885684e-03
1.044444444444441594e-03
1.138888888888885684e-03
1.161111111111107772e-03
1.086111111111108226e-03
1.188888888888885598e-03
1.130555555555552835e-03
1.052777777777774660e-03
1.161111111111107772e-03
1.183333333333330076e-03
1.205555555555552164e-03
1.088888888888885987e-03
1.133333333333330162e-03
1.180555555555552532e-03
1.113888888888885835e-03
1.133333333333330162e-03
1.166666666666663511e-03
1.183333333333330076e-03
1.077777777777774509e-03
1.136111111111107923e-03
1.180555555555552315e-03
1.133333333333330162e-03
1.111111111111108074e-03
1.116666666666663379e-03
1.241666666666663057e-03
1.119444444444441357e-03
1.194444444444440903e-03
1.088888888888885987e-03
1.119444444444441140e-03
1.130555555555552401e-03
1.088888888888886203e-03
1.180555555555552315e-03
1.108333333333330313e-03
1.105555555555552552e-03
1.055555555555552638e-03
1.227777777777774252e-03
1.244444444444440818e-03
1.149999999999996511e-03
1.213888888888885447e-03
1.047222222222219355e-03
1.041666666666663833e-03
1.097222222222219270e-03
1.105555555555552769e-03
1.083333333333330248e-03
1.047222222222219355e-03
1.186111111111107837e-03
1.030555555555552789e-03
1.077777777777774943e-03
1.283333333333329688e-03
1.124999999999996879e-03
1.088888888888885987e-03
1.183333333333330076e-03
1.147222222222218967e-03
1.052777777777774877e-03
1.136111111111107923e-03
1.119444444444441357e-03
1.094444444444441509e-03
1.058333333333330182e-03
1.074999999999996965e-03
1.144444444444441206e-03
1.030555555555552789e-03
1.122222222222219118e-03
1.163888888888885750e-03
1.158333333333329794e-03
1.061111111111108160e-03
9.694444444444419396e-04
1.166666666666663511e-03
1.144444444444441206e-03
1.016666666666663985e-03
1.211111111111107686e-03
1.222222222222218730e-03
1.216666666666663208e-03
1.049999999999996899e-03
1.016666666666663985e-03
1.124999999999996879e-03
1.119444444444441357e-03
1.113888888888885835e-03
1.188888888888885598e-03
1.094444444444441509e-03
1.077777777777774509e-03
1.172222222222219033e-03
1.119444444444441357e-03
1.144444444444441206e-03
1.108333333333330313e-03
1.083333333333330465e-03
1.149999999999996511e-03
1.130555555555552401e-03
1.102777777777774575e-03
1.208333333333329925e-03
1.097222222222219270e-03
1.147222222222218750e-03
1.086111111111108226e-03
1.102777777777774791e-03
1.119444444444441574e-03
1.194444444444441120e-03
1.052777777777774877e-03
1.177777777777774555e-03
1.144444444444441206e-03
1.105555555555552552e-03
1.055555555555552421e-03
1.058333333333330399e-03
1.158333333333330011e-03
1.047222222222219138e-03
1.144444444444441206e-03
1.197222222222218881e-03
1.058333333333330399e-03
1.063888888888885921e-03
1.047222222222219138e-03
1.066666666666663465e-03
1.166666666666663511e-03
1.088888888888885987e-03
1.113888888888885835e-03
1.161111111111107772e-03
1.122222222222218901e-03
1.161111111111107772e-03
1.077777777777774509e-03
1.169444444444441272e-03
1.049999999999997116e-03
1.136111111111107923e-03
1.069444444444441226e-03
1.127777777777774640e-03
1.022222222222219506e-03
1.102777777777774791e-03
1.233333333333329774e-03
9.944444444444416800e-04
1.113888888888885619e-03
1.252777777777774318e-03
1.058333333333330399e-03
1.080555555555552704e-03
1.213888888888885664e-03
1.138888888888885684e-03
1.147222222222218750e-03
1.133333333333330162e-03
1.169444444444441272e-03
1.091666666666663531e-03
1.144444444444440989e-03
1.166666666666663511e-03
1.127777777777774640e-03
1.136111111111107923e-03
1.141666666666663445e-03
1.133333333333330162e-03
1.155555555555552250e-03
1.124999999999996879e-03
1.088888888888885770e-03
1.202777777777774620e-03
1.088888888888885987e-03
1.088888888888885987e-03
1.052777777777774660e-03
1.152777777777774489e-03
1.077777777777774943e-03
1.174999999999996794e-03
1.161111111111107772e-03
1.058333333333330182e-03
1.161111111111107772e-03
1.252777777777774318e-03
1.074999999999996965e-03
1.080555555555552487e-03
9.777777777777748973e-04
1.122222222222219118e-03
1.124999999999996879e-03
1.102777777777774575e-03
1.133333333333330162e-03
1.108333333333330313e-03
1.102777777777774575e-03
1.152777777777774489e-03
1.191666666666663359e-03
1.105555555555552552e-03
1.072222222222219204e-03
1.205555555555552381e-03
1.141666666666663445e-03
1.183333333333330293e-03
1.166666666666663511e-03
1.083333333333330248e-03
1.077777777777774509e-03
1.038888888888886072e-03
1.166666666666663511e-03
1.099999999999996814e-03
1.105555555555552552e-03
1.263888888888885145e-03
1.094444444444441509e-03
1.102777777777774575e-03
1.149999999999996728e-03
1.105555555555552552e-03
1.177777777777774555e-03
1.099999999999997031e-03
1.097222222222219270e-03
1.066666666666663899e-03
1.113888888888885835e-03
1.111111111111107858e-03
1.191666666666663576e-03
1.041666666666663833e-03
1.094444444444441509e-03
1.102777777777774791e-03
1.094444444444441509e-03
1.147222222222218967e-03
1.105555555555552552e-03
1.097222222222219270e-03
1.127777777777774640e-03
1.094444444444441509e-03
1.099999999999997031e-03
1.199999999999996859e-03
1.105555555555552552e-03
1.047222222222219355e-03
1.072222222222218987e-03
1.141666666666663445e-03
1.005555555555552941e-03
1.188888888888885815e-03
1.158333333333330011e-03
1.138888888888885684e-03
1.208333333333329925e-03
1.138888888888885684e-03
1.119444444444441357e-03
1.127777777777774640e-03
1.102777777777774791e-03
1.158333333333330228e-03
1.138888888888885684e-03
1.172222222222219249e-03
1.141666666666663445e-03
1.027777777777775028e-03
9.888888888888859412e-04
1.186111111111107837e-03
1.199999999999996425e-03
1.077777777777774943e-03
1.199999999999996642e-03
1.255555555555552079e-03
1.191666666666663143e-03
1.077777777777774509e-03
1.141666666666663445e-03
1.044444444444441811e-03
1.091666666666663748e-03
1.013888888888886224e-03
1.138888888888885684e-03
1.091666666666663748e-03
1.166666666666663727e-03
1.141666666666663445e-03
1.122222222222219118e-03
1.111111111111108074e-03
1.049999999999997116e-03
1.122222222222219118e-03
1.244444444444441035e-03
1.094444444444441292e-03
1.077777777777774943e-03
1.183333333333330076e-03
1.247222222222218579e-03
1.058333333333330616e-03
1.066666666666663682e-03
1.063888888888885921e-03
1.138888888888885684e-03
1.286111111111107449e-03
1.183333333333330076e-03
1.213888888888885230e-03
1.197222222222218881e-03
1.202777777777774403e-03
1.152777777777774489e-03
1.166666666666663511e-03
1.113888888888885835e-03
1.058333333333330399e-03
1.205555555555552164e-03
1.138888888888885467e-03
1.119444444444441140e-03
1.102777777777774791e-03
1.108333333333330313e-03
1.072222222222219204e-03
1.041666666666663833e-03
1.213888888888885447e-03
1.136111111111107923e-03
1.097222222222219270e-03
1.105555555555552336e-03
1.155555555555552250e-03
1.077777777777774509e-03
1.088888888888885770e-03
1.136111111111107923e-03
1.144444444444441206e-03
1.055555555555552638e-03
1.158333333333330011e-03
1.086111111111108226e-03
1.208333333333329925e-03
1.149999999999996728e-03
1.180555555555552315e-03
1.224999999999996491e-03
1.088888888888886203e-03
1.074999999999996965e-03
1.144444444444441206e-03
1.108333333333330313e-03
1.038888888888886072e-03
1.083333333333330248e-03
1.124999999999996662e-03
1.169444444444441272e-03
1.188888888888885598e-03
1.077777777777774509e-03
1.077777777777774943e-03
1.138888888888885684e-03
1.036111111111108311e-03
1.180555555555552315e-03
1.127777777777774423e-03
1.166666666666663294e-03
1.138888888888885684e-03
1.194444444444441337e-03
1.083333333333330465e-03
1.066666666666663682e-03
1.102777777777774791e-03
1.127777777777774640e-03
1.169444444444441055e-03
1.105555555555552552e-03
1.177777777777774555e-03
1.122222222222219335e-03
1.102777777777774791e-03
1.133333333333330379e-03
1.088888888888885987e-03
1.099999999999996814e-03
1.086111111111108226e-03
1.088888888888885770e-03
1.169444444444441272e-03
1.172222222222219033e-03
1.197222222222219098e-03
1.244444444444441035e-03
1.027777777777774812e-03
1.119444444444441140e-03
1.108333333333330313e-03
1.099999999999997031e-03
1.166666666666663294e-03
1.180555555555552315e-03
1.149999999999996728e-03
1.144444444444441206e-03
1.066666666666663465e-03
1.072222222222219421e-03
1.108333333333330097e-03
1.122222222222218901e-03
1.152777777777774272e-03
1.208333333333329925e-03
1.058333333333330399e-03
1.147222222222218967e-03
1.180555555555552315e-03
1.097222222222219270e-03
1.183333333333330076e-03
1.055555555555552638e-03
1.180555555555552315e-03
1.147222222222218967e-03
1.224999999999996491e-03
1.169444444444441272e-03
1.091666666666663748e-03
1.044444444444441377e-03
1.119444444444441357e-03
1.102777777777774791e-03
1.188888888888885598e-03
1.102777777777774791e-03
1.166666666666663511e-03
1.047222222222219138e-03
1.141666666666663445e-03
1.044444444444441594e-03
1.052777777777774877e-03
1.174999999999996794e-03
1.122222222222219118e-03
1.094444444444441509e-03
1.255555555555552079e-03
1.080555555555552704e-03
1.249999999999996340e-03
1.108333333333330097e-03
1.138888888888885467e-03
1.163888888888885750e-03
1.133333333333330162e-03
1.030555555555552789e-03
1.116666666666663379e-03
1.088888888888885987e-03
1.183333333333330076e-03
1.111111111111107858e-03
1.222222222222218730e-03
1.066666666666663465e-03
1.147222222222218967e-03
1.258333333333329839e-03
1.197222222222218881e-03
1.119444444444441357e-03
1.024999999999997267e-03
1.038888888888886072e-03
1.055555555555552638e-03
1.108333333333330097e-03
1.205555555555552164e-03
1.052777777777774660e-03
1.055555555555552421e-03
1.144444444444441206e-03
1.144444444444441206e-03
1.124999999999996662e-03
1.158333333333330011e-03
1.061111111111107943e-03
1.058333333333330616e-03
1.111111111111108074e-03
1.136111111111108140e-03
1.124999999999996879e-03
1.180555555555552315e-03
1.127777777777774423e-03
1.163888888888885750e-03
1.208333333333329925e-03
1.063888888888885921e-03
1.041666666666663833e-03
1.066666666666663682e-03
1.022222222222219506e-03
1.063888888888885921e-03
1.122222222222219335e-03
1.108333333333330313e-03
1.163888888888885750e-03
1.111111111111108074e-03
1.177777777777774555e-03
1.124999999999996879e-03
1.166666666666663294e-03
1.138888888888885684e-03
1.052777777777774660e-03
1.133333333333330162e-03
1.099999999999997031e-03
1.124999999999996879e-03
1.077777777777774943e-03
1.161111111111107772e-03
1.083333333333330465e-03
1.172222222222219249e-03
1.163888888888885316e-03
1.191666666666663359e-03
1.099999999999997031e-03
1.155555555555552250e-03
1.097222222222219053e-03
1.105555555555552552e-03
1.238888888888885513e-03
1.083333333333330465e-03
1.152777777777774272e-03
1.052777777777775094e-03
1.102777777777774575e-03
1.102777777777774575e-03
1.158333333333329794e-03
1.130555555555552401e-03
1.277777777777774166e-03
1.102777777777774575e-03
1.094444444444441509e-03
1.116666666666663596e-03
1.072222222222219204e-03
1.158333333333330011e-03
1.191666666666663359e-03
1.122222222222219118e-03
1.161111111111107772e-03
1.119444444444441357e-03
1.197222222222218664e-03
1.158333333333330011e-03
1.008333333333330702e-03
1.116666666666663596e-03
1.024999999999997267e-03
1.116666666666663596e-03
1.177777777777774555e-03
1.133333333333330162e-03
9.916666666666639190e-04
1.108333333333330313e-03
1.130555555555552401e-03
1.113888888888885619e-03
1.199999999999996642e-03
1.202777777777774403e-03
1.111111111111108074e-03
1.133333333333330162e-03
1.122222222222219335e-03
1.111111111111108074e-03
1.149999999999996728e-03
1.074999999999996748e-03
1.099999999999997031e-03
1.127777777777774640e-03
1.205555555555552381e-03
1.144444444444441206e-03
1.138888888888885684e-03
1.130555555555552401e-03
1.183333333333330076e-03
1.141666666666663445e-03
1.061111111111108160e-03
1.105555555555552552e-03
1.133333333333330162e-03
1.080555555555552704e-03
1.141666666666663228e-03
1.080555555555552704e-03
1.099999999999997031e-03
1.008333333333330702e-03
1.202777777777774403e-03
1.069444444444441443e-03
1.163888888888885750e-03
1.141666666666663445e-03
1.183333333333330076e-03
1.122222222222218901e-03
1.172222222222218816e-03
1.147222222222219184e-03
1.141666666666663445e-03
1.227777777777774252e-03
1.136111111111107923e-03
1.152777777777774489e-03
1.199999999999996642e-03
1.111111111111108074e-03
1.191666666666663359e-03
1.077777777777774509e-03
1.130555555555552401e-03
1.163888888888885750e-03
1.111111111111108074e-03
1.152777777777774489e-03
1.108333333333330313e-03
1.080555555555552704e-03
1.013888888888886007e-03
1.072222222222219204e-03
1.058333333333330399e-03
1.147222222222218967e-03
1.130555555555552401e-03
1.249999999999996340e-03
1.097222222222219270e-03
1.094444444444441509e-03
1.124999999999996879e-03
1.155555555555552033e-03
1.072222222222218987e-03
9.999999999999972019e-04
1.141666666666663445e-03
1.141666666666663228e-03
1.158333333333330011e-03
1.174999999999996794e-03
1.099999999999997031e-03
1.130555555555552401e-03
1.094444444444441509e-03
1.099999999999996814e-03
1.169444444444441272e-03
1.080555555555552487e-03
1.180555555555552315e-03
1.091666666666663531e-03
1.124999999999996662e-03
1.108333333333330097e-03
1.194444444444441120e-03
1.074999999999996748e-03
1.111111111111108074e-03
1.136111111111107706e-03
1.127777777777774640e-03
1.055555555555552421e-03
1.097222222222219053e-03
1.194444444444441120e-03
1.080555555555552704e-03
1.024999999999997051e-03
1.216666666666662991e-03
1.124999999999996662e-03
1.152777777777774489e-03
1.030555555555552573e-03
1.174999999999996794e-03
1.169444444444441272e-03
1.130555555555552401e-03
1.080555555555552704e-03
1.202777777777774403e-03
1.161111111111107772e-03
1.133333333333330162e-03
1.094444444444441509e-03
1.141666666666663445e-03
1.105555555555552552e-03
1.102777777777774575e-03
1.066666666666663682e-03
1.219444444444440969e-03
1.119444444444441140e-03
1.152777777777774489e-03
1.122222222222218901e-03
1.072222222222219204e-03
1.058333333333330182e-03
1.141666666666663445e-03
1.086111111111108226e-03
1.044444444444441594e-03
9.972222222222194409e-04
1.111111111111107858e-03
1.186111111111107837e-03
1.144444444444441206e-03
1.205555555555552164e-03
1.072222222222218987e-03
1.083333333333330248e-03
1.030555555555552789e-03
1.111111111111107858e-03
1.161111111111107772e-03
1.199999999999996642e-03
1.152777777777774489e-03
1.180555555555552315e-03
1.099999999999997031e-03
1.116666666666663379e-03
1.161111111111107989e-03
1.133333333333330162e-03
1.227777777777774469e-03
1.055555555555552421e-03
1.152777777777774489e-03
1.166666666666663511e-03
1.147222222222218750e-03
1.108333333333330530e-03
1.158333333333330011e-03
1.227777777777774252e-03
1.177777777777774338e-03
1.099999999999997247e-03
1.038888888888886072e-03
1.052777777777775094e-03
1.022222222222219290e-03
1.030555555555552789e-03
1.222222222222218513e-03
1.158333333333330011e-03
1.222222222222218513e-03
1.086111111111108226e-03
1.116666666666663596e-03
1.133333333333330379e-03
1.197222222222218881e-03
1.116666666666663379e-03
1.077777777777774943e-03
1.174999999999996794e-03
1.091666666666663748e-03
1.038888888888885855e-03
1.097222222222219270e-03
1.211111111111107686e-03
1.077777777777774943e-03
1.199999999999996642e-03
1.066666666666663682e-03
1.158333333333330011e-03
1.155555555555552033e-03
1.113888888888885835e-03
1.163888888888885750e-03
1.111111111111107858e-03
1.122222222222218901e-03
1.211111111111107686e-03
1.111111111111108074e-03
1.149999999999996728e-03
1.116666666666663813e-03
1.072222222222219204e-03
1.097222222222219270e-03
1.136111111111107706e-03
1.052777777777774660e-03
1.194444444444441120e-03
1.188888888888885598e-03
1.061111111111108160e-03
1.022222222222219506e-03
1.052777777777774877e-03
1.030555555555552789e-03
1.083333333333330465e-03
1.172222222222219033e-03
1.138888888888885684e-03
1.155555555555552250e-03
1.141666666666663445e-03
1.116666666666663379e-03
1.141666666666663445e-03
1.044444444444441594e-03
1.119444444444441357e-03
1.158333333333330011e-03
1.099999999999996814e-03
1.105555555555552552e-03
1.108333333333330313e-03
1.063888888888885704e-03
1.080555555555552704e-03
1.072222222222219204e-03
1.086111111111108226e-03
1.222222222222218730e-03
1.099999999999997031e-03
1.113888888888885835e-03
1.136111111111107923e-03
1.130555555555552401e-03
1.191666666666663359e-03
1.138888888888885467e-03
1.183333333333330076e-03
1.105555555555552336e-03
1.136111111111107923e-03
1.136111111111107923e-03
1.055555555555552638e-03
1.161111111111107772e-03
1.074999999999996965e-03
1.091666666666663531e-03
1.147222222222218967e-03
1.152777777777774489e-03
1.113888888888885835e-03
1.102777777777774791e-03
1.161111111111107772e-03
1.152777777777774489e-03
1.194444444444441120e-03
1.113888888888885835e-03
1.105555555555552552e-03
1.230555555555552013e-03
1.194444444444441120e-03
1.208333333333330142e-03
1.152777777777774272e-03
1.119444444444441357e-03
1.113888888888885835e-03
1.222222222222218730e-03
1.091666666666663748e-03
1.083333333333330465e-03
1.105555555555552552e-03
1.094444444444441292e-03
1.052777777777774877e-03
1.130555555555552401e-03
1.216666666666663425e-03
1.049999999999997116e-03
1.224999999999996491e-03
1.194444444444441337e-03
1.180555555555552315e-03
1.141666666666663445e-03
1.205555555555552164e-03
1.166666666666663511e-03
1.161111111111107772e-03
1.199999999999996425e-03
1.099999999999997247e-03
1.144444444444440989e-03
1.130555555555552401e-03
1.172222222222219033e-03
1.172222222222219033e-03
1.047222222222219355e-03
1.174999999999996794e-03
1.033333333333330550e-03
1.074999999999996965e-03
1.158333333333330011e-03
1.077777777777774943e-03
1.155555555555552250e-03
1.024999999999997267e-03
1.122222222222218901e-03
1.136111111111107706e-03
1.216666666666662991e-03
1.177777777777774555e-03
1.083333333333330465e-03
1.008333333333330485e-03
1.163888888888885750e-03
1.166666666666663511e-03
1.141666666666663445e-03
1.091666666666663748e-03
1.169444444444441488e-03
1.136111111111107706e-03
1.172222222222219033e-03
1.119444444444441357e-03
1.163888888888885750e-03
1.241666666666663057e-03
1.049999999999997116e-03
1.027777777777775028e-03
1.011111111111108463e-03
1.097222222222219053e-03
1.236111111111107535e-03
1.069444444444441443e-03
1.041666666666663833e-03
1.066666666666663682e-03
9.861111111111081802e-04
1.122222222222219118e-03
1.149999999999996511e-03
1.027777777777774812e-03
1.233333333333329557e-03
1.138888888888885901e-03
1.016666666666663768e-03
1.091666666666663748e-03
1.163888888888885750e-03
1.111111111111108074e-03
1.124999999999996662e-03
1.119444444444441140e-03
1.038888888888886072e-03
1.122222222222219118e-03
1.141666666666663445e-03
1.141666666666663445e-03
1.241666666666663057e-03
1.136111111111107923e-03
1.155555555555552250e-03
1.044444444444441377e-03
1.169444444444441488e-03
1.219444444444440969e-03
1.102777777777774575e-03
1.127777777777774640e-03
1.136111111111107923e-03
1.130555555555552401e-03
1.124999999999996879e-03
1.105555555555552552e-03
1.172222222222218816e-03
1.133333333333330162e-03
1.074999999999996748e-03
1.163888888888885750e-03
1.194444444444441120e-03
1.058333333333330182e-03
9.916666666666639190e-04
1.236111111111107318e-03
1.141666666666663445e-03
1.133333333333330162e-03
1.127777777777774640e-03
1.130555555555552401e-03
1.019444444444441529e-03
1.127777777777774640e-03
1.230555555555552013e-03
1.111111111111108074e-03
1.272222222222218644e-03
1.222222222222218947e-03
1.152777777777774489e-03
1.280555555555551927e-03
1.074999999999996965e-03
1.169444444444441272e-03
1.083333333333330248e-03
1.188888888888885598e-03
1.061111111111108160e-03
1.002777777777775180e-03
1.138888888888885684e-03
1.130555555555552618e-03
1.111111111111108074e-03
1.024999999999997267e-03
1.130555555555552401e-03
1.141666666666663228e-03
1.138888888888885467e-03
1.041666666666663833e-03
1.088888888888885987e-03
1.074999999999996748e-03
1.077777777777774943e-03
1.149999999999996728e-03
1.180555555555552099e-03
1.211111111111107469e-03
1.386111111111107278e-03
1.458333333333329063e-03
1.816666666666661312e-03
1.897222222222216381e-03
1.997222222222216643e-03
2.313888888888881827e-03
2.349999999999992720e-03
2.477777777777770158e-03
2.633333333333325206e-03
2.677777777777769382e-03
2.724999999999991752e-03
2.977777777777768434e-03
2.963888888888879629e-03
2.997222222222212761e-03
3.105555555555546306e-03
3.169444444444434374e-03
3.158333333333323330e-03
3.183333333333323179e-03
3.277777777777767486e-03
3.047222222222213325e-03
3.191666666666656462e-03
3.316666666666656139e-03
3.172222222222212135e-03
3.227777777777767788e-03
3.261111111111101354e-03
3.272222222222211964e-03
3.227777777777767788e-03
3.327777777777767617e-03
3.341666666666656422e-03
3.269444444444434203e-03
3.447222222222211772e-03
3.538888888888877884e-03
3.283333333333323008e-03
3.361111111111100749e-03
3.197222222222211984e-03
3.327777777777767183e-03
3.574999999999989211e-03
3.427777777777767446e-03
3.480555555555544904e-03
3.472222222222211187e-03
3.402777777777767597e-03
3.302777777777767768e-03
3.405555555555545358e-03
3.408333333333322685e-03
3.513888888888878036e-03
3.302777777777767335e-03
3.527777777777766841e-03
3.430555555555544773e-03
3.316666666666656573e-03
3.444444444444433578e-03
3.413888888888878207e-03
3.202777777777767940e-03
3.447222222222211772e-03
3.455555555555544622e-03
3.372222222222211359e-03
3.386111111111100597e-03
3.174999999999990330e-03
3.394444444444433880e-03
3.338888888888878227e-03
3.355555555555545227e-03
3.283333333333323441e-03
3.316666666666656573e-03
3.347222222222211510e-03
3.386111111111100597e-03
3.361111111111100749e-03
3.474999999999989382e-03
3.283333333333323441e-03
3.266666666666656442e-03
3.230555555555545549e-03
3.286111111111100769e-03
3.402777777777767597e-03
3.274999999999989725e-03
3.158333333333323330e-03
3.116666666666656916e-03
3.327777777777767617e-03
3.308333333333322857e-03
3.363888888888878076e-03
3.174999999999989896e-03
3.272222222222211964e-03
3.130555555555545721e-03
3.255555555555545398e-03
3.416666666666655968e-03
3.163888888888878852e-03
3.130555555555546154e-03
3.349999999999989271e-03
3.174999999999990330e-03
3.380555555555545075e-03
3.202777777777767940e-03
3.255555555555545398e-03
3.124999999999990199e-03
3.352777777777767032e-03
3.288888888888878530e-03
3.149999999999990481e-03
3.219444444444434505e-03
3.136111111111101243e-03
3.169444444444434374e-03
3.030555555555546760e-03
3.174999999999990330e-03
3.124999999999990632e-03
2.977777777777768867e-03
3.208333333333323462e-03
3.027777777777768565e-03
3.108333333333323633e-03
3.158333333333323330e-03
3.155555555555545569e-03
3.049999999999990653e-03
3.269444444444434637e-03
3.266666666666656442e-03
3.152777777777767809e-03
3.019444444444434848e-03
3.286111111111101202e-03
3.305555555555545529e-03
3.008333333333324238e-03
3.147222222222212287e-03
3.236111111111101071e-03
3.244444444444434788e-03
3.091666666666657067e-03
3.177777777777767657e-03
3.058333333333323936e-03
3.372222222222212226e-03
3.258333333333323159e-03
3.222222222222212700e-03
3.138888888888879004e-03
3.299999999999989574e-03
3.116666666666656916e-03
3.277777777777767920e-03
3.252777777777767637e-03
3.202777777777767940e-03
3.158333333333323330e-03
3.388888888888878792e-03
3.361111111111100749e-03
3.152777777777767809e-03
3.172222222222212135e-03
3.330555555555545378e-03
3.141666666666657198e-03
3.169444444444434374e-03
3.238888888888878832e-03
3.002777777777768282e-03
3.047222222222212892e-03
3.161111111111101091e-03
3.263888888888878681e-03
3.197222222222212851e-03
3.149999999999990048e-03
3.377777777777767748e-03
3.316666666666656573e-03
3.172222222222212135e-03
3.263888888888879115e-03
3.291666666666656724e-03
3.108333333333323633e-03
3.211111111111101223e-03
3.224999999999990461e-03
3.063888888888879891e-03
3.180555555555545418e-03
3.305555555555545529e-03
3.163888888888878852e-03
3.122222222222212438e-03
3.133333333333323482e-03
2.966666666666657390e-03
3.136111111111101676e-03
3.177777777777768091e-03
2.974999999999990673e-03
3.308333333333322857e-03
3.063888888888879891e-03
3.286111111111100769e-03
3.124999999999990632e-03
3.113888888888879155e-03
2.999999999999990521e-03
3.052777777777768414e-03
2.936111111111102019e-03
3.283333333333323441e-03
3.002777777777768282e-03
3.149999999999990048e-03
3.177777777777767657e-03
2.899999999999991560e-03
3.116666666666656916e-03
3.138888888888879437e-03
3.238888888888878832e-03
2.899999999999991127e-03
3.080555555555546023e-03
2.994444444444435433e-03
2.949999999999990824e-03
2.808333333333325015e-03
3.077777777777768262e-03
3.119444444444435111e-03
2.927777777777768736e-03
3.141666666666656765e-03
3.113888888888879589e-03
3.055555555555546175e-03
2.955555555555546346e-03
3.030555555555546326e-03
3.080555555555546023e-03
2.863888888888880234e-03
2.799999999999991298e-03
2.974999999999990673e-03
2.891666666666657844e-03
3.055555555555546608e-03
2.908333333333324409e-03
3.005555555555546043e-03
2.902777777777768888e-03
3.161111111111101525e-03
2.802777777777769059e-03
3.024999999999990370e-03
2.972222222222212912e-03
2.958333333333324107e-03
2.899999999999991127e-03
2.777777777777769210e-03
2.986111111111101717e-03
2.741666666666658318e-03
2.858333333333324712e-03
2.924999999999990975e-03
2.930555555555546931e-03
2.761111111111102644e-03
2.994444444444435433e-03
2.855555555555546951e-03
2.830555555555546669e-03
2.661111111111102816e-03
2.986111111111101717e-03
2.891666666666657844e-03
2.949999999999991258e-03
2.799999999999991298e-03
2.774999999999991449e-03
2.838888888888880385e-03
2.966666666666657390e-03
2.836111111111102191e-03
2.811111111111102342e-03
2.788888888888880688e-03
2.797222222222213537e-03
2.805555555555546820e-03
2.941666666666657975e-03
2.777777777777769210e-03
2.902777777777768888e-03
2.752777777777769361e-03
2.786111111111102927e-03
2.886111111111102322e-03
2.669444444444436099e-03
2.744444444444436512e-03
2.827777777777768908e-03
2.855555555555546951e-03
2.799999999999991298e-03
2.719444444444436230e-03
2.708333333333325186e-03
2.749999999999992034e-03
2.883333333333324561e-03
2.702777777777769664e-03
2.858333333333325146e-03
2.788888888888880254e-03
2.786111111111102493e-03
2.558333333333325660e-03
2.755555555555547122e-03
2.649999999999991772e-03
2.861111111111102907e-03
2.619444444444436401e-03
2.538888888888881333e-03
2.777777777777769210e-03
2.769444444444435927e-03
2.477777777777770158e-03
2.636111111111102967e-03
2.697222222222214142e-03
2.733333333333325035e-03
2.594444444444436552e-03
2.572222222222214465e-03
2.652777777777769533e-03
2.744444444444436079e-03
2.713888888888880708e-03
2.730555555555547274e-03
2.541666666666659094e-03
2.649999999999991772e-03
2.669444444444436099e-03
2.536111111111103572e-03
2.599999999999992074e-03
2.727777777777769513e-03
2.655555555555547727e-03
2.452777777777770309e-03
2.580555555555547748e-03
2.608333333333325357e-03
2.516666666666659245e-03
2.541666666666659094e-03
2.433333333333325983e-03
2.605555555555547596e-03
2.624999999999991923e-03
2.666666666666658338e-03
2.580555555555547748e-03
2.586111111111103270e-03
2.608333333333325357e-03
2.586111111111103270e-03
2.438888888888881504e-03
2.802777777777769059e-03
2.536111111111103572e-03
2.391666666666659568e-03
2.402777777777770612e-03
2.383333333333325851e-03
2.455555555555548070e-03
2.686111111111102664e-03
2.447222222222214787e-03
2.608333333333325357e-03
2.524999999999992962e-03
2.761111111111102644e-03
2.488888888888881202e-03
2.555555555555547899e-03
2.541666666666658660e-03
2.591666666666658791e-03
2.636111111111102967e-03
2.488888888888881202e-03
2.680555555555547576e-03
2.405555555555548373e-03
2.502777777777770007e-03
2.483333333333325680e-03
2.566666666666658943e-03
2.599999999999992074e-03
2.572222222222214898e-03
2.363888888888881958e-03
2.327777777777770632e-03
2.480555555555547919e-03
2.536111111111103572e-03
2.563888888888881182e-03
2.349999999999993153e-03
2.466666666666659114e-03
2.374999999999993002e-03
2.488888888888880768e-03
2.413888888888881656e-03
2.288888888888881978e-03
2.444444444444437026e-03
2.408333333333326134e-03
2.636111111111102967e-03
2.338888888888882110e-03
2.438888888888881071e-03
2.449999999999992548e-03
2.347222222222215392e-03
2.391666666666659568e-03
2.633333333333325206e-03
2.422222222222214939e-03
2.377777777777770763e-03
2.349999999999993153e-03
2.474999999999992397e-03
2.449999999999992548e-03
2.452777777777770309e-03
2.502777777777770007e-03
2.352777777777770914e-03
2.263888888888882130e-03
2.430555555555548222e-03
2.388888888888881807e-03
2.444444444444437026e-03
2.255555555555548847e-03
2.402777777777770612e-03
2.447222222222214787e-03
2.236111111111104520e-03
2.305555555555548544e-03
2.349999999999993153e-03
2.358333333333326436e-03
2.374999999999992568e-03
2.383333333333326285e-03
2.344444444444437631e-03
2.263888888888881696e-03
2.316666666666659588e-03
2.366666666666659719e-03
2.319444444444437349e-03
2.183333333333327061e-03
2.322222222222215110e-03
2.308333333333326305e-03
2.413888888888881656e-03
2.277777777777770501e-03
2.255555555555548847e-03
2.344444444444437631e-03
2.302777777777770783e-03
2.266666666666659891e-03
2.374999999999993002e-03
2.377777777777770329e-03
2.338888888888882543e-03
2.183333333333327061e-03
2.344444444444437631e-03
2.499999999999992246e-03
2.261111111111104369e-03
2.449999999999992548e-03
2.252777777777770652e-03
2.294444444444437500e-03
2.405555555555548373e-03
1.972222222222216360e-03
2.327777777777770632e-03
2.158333333333327213e-03
2.336111111111104349e-03
2.186111111111104822e-03
2.277777777777770934e-03
2.386111111111104046e-03
2.211111111111104238e-03
2.302777777777770783e-03
2.136111111111104691e-03
2.186111111111104822e-03
2.222222222222215715e-03
2.152777777777771257e-03
2.161111111111104974e-03
2.149999999999993496e-03
2.277777777777770934e-03
2.313888888888881827e-03
2.311111111111104066e-03
2.166666666666660496e-03
2.255555555555548847e-03
2.138888888888882452e-03
2.274999999999992740e-03
2.241666666666660042e-03
2.180555555555549301e-03
2.147222222222215735e-03
2.216666666666660193e-03
2.130555555555549169e-03
2.327777777777770632e-03
2.311111111111104066e-03
2.191666666666659911e-03
2.186111111111104822e-03
2.169444444444437823e-03
2.133333333333326497e-03
2.158333333333327213e-03
2.091666666666660082e-03
2.255555555555548847e-03
2.136111111111104691e-03
2.352777777777770914e-03
2.152777777777770823e-03
2.205555555555549149e-03
2.108333333333327082e-03
2.066666666666660667e-03
2.230555555555548564e-03
2.097222222222216038e-03
2.197222222222215866e-03
2.230555555555548998e-03
2.066666666666660667e-03
2.069444444444437994e-03
2.308333333333325871e-03
2.188888888888882583e-03
2.199999999999993627e-03
2.272222222222215413e-03
2.038888888888882624e-03
1.983333333333327404e-03
2.172222222222216018e-03
2.119444444444437692e-03
2.086111111111104994e-03
2.027777777777772013e-03
2.022222222222216492e-03
2.136111111111104691e-03
2.238888888888882281e-03
2.138888888888882452e-03
2.036111111111105296e-03
2.108333333333327082e-03
2.116666666666660365e-03
2.044444444444438579e-03
2.027777777777772013e-03
2.058333333333327384e-03
2.080555555555549472e-03
2.116666666666660365e-03
2.088888888888882321e-03
2.213888888888881998e-03
2.052777777777771862e-03
2.027777777777772013e-03
2.072222222222215755e-03
2.155555555555549018e-03
2.069444444444438428e-03
2.061111111111105145e-03
2.166666666666660496e-03
2.113888888888882604e-03
2.105555555555549321e-03
2.030555555555549341e-03
2.038888888888883057e-03
2.016666666666660970e-03
2.119444444444438126e-03
2.136111111111104691e-03
2.074999999999993516e-03
2.016666666666660536e-03
2.124999999999993214e-03
2.080555555555549472e-03
2.019444444444438731e-03
2.063888888888882906e-03
1.922222222222216446e-03
2.027777777777772013e-03
2.138888888888882019e-03
1.994444444444438882e-03
2.011111111111105448e-03
1.930555555555549512e-03
1.899999999999994358e-03
2.052777777777771429e-03
2.133333333333326497e-03
2.044444444444438146e-03
1.924999999999994207e-03
1.986111111111105165e-03
1.991666666666660687e-03
1.969444444444438166e-03
1.955555555555549361e-03
2.080555555555549038e-03
2.088888888888882755e-03
2.061111111111105145e-03
1.952777777777771817e-03
1.961111111111105317e-03
1.913888888888882946e-03
1.830555555555549900e-03
2.016666666666660970e-03
2.005555555555549926e-03
2.047222222222216340e-03
2.041666666666660818e-03
1.980555555555549210e-03
1.999999999999994404e-03
1.952777777777772250e-03
1.933333333333327490e-03
2.038888888888883057e-03
