5.388888888888875798e-04
6.111111111111094734e-04
6.416666666666649525e-04
6.583333333333317352e-04
8.111111111111090222e-04
8.611111111111089365e-04
7.583333333333313470e-04
8.222222222222199577e-04
8.666666666666642416e-04
8.805555555555532633e-04
9.111111111111085256e-04
1.033333333333330550e-03
1.049999999999996899e-03
1.099999999999997247e-03
1.069444444444441443e-03
9.916666666666637021e-04
1.024999999999997267e-03
1.022222222222219290e-03
1.091666666666663531e-03
1.069444444444441226e-03
1.172222222222219033e-03
1.130555555555552184e-03
1.152777777777774489e-03
1.024999999999997267e-03
1.074999999999996748e-03
1.172222222222219033e-03
1.108333333333330097e-03
1.061111111111107943e-03
1.133333333333330162e-03
1.088888888888885987e-03
1.113888888888885619e-03
1.011111111111108463e-03
1.038888888888886072e-03
1.022222222222219290e-03
1.119444444444441140e-03
1.077777777777774509e-03
1.091666666666663748e-03
1.011111111111108463e-03
1.133333333333330379e-03
1.261111111111107600e-03
1.024999999999997267e-03
1.174999999999996794e-03
1.094444444444441509e-03
1.111111111111108074e-03
1.044444444444441594e-03
1.088888888888885770e-03
1.222222222222218730e-03
1.280555555555551710e-03
1.224999999999996491e-03
1.097222222222219270e-03
1.161111111111107555e-03
1.180555555555552315e-03
1.077777777777774943e-03
1.152777777777774489e-03
1.061111111111108160e-03
1.036111111111108311e-03
1.158333333333330011e-03
1.161111111111107555e-03
1.130555555555552184e-03
1.216666666666663425e-03
1.127777777777774640e-03
1.169444444444441272e-03
1.052777777777774877e-03
1.105555555555552552e-03
1.080555555555552487e-03
1.161111111111107772e-03
1.144444444444441206e-03
1.088888888888885987e-03
1.111111111111108074e-03
1.080555555555552704e-03
1.149999999999996728e-03
1.144444444444441206e-03
1.116666666666663596e-03
1.169444444444441272e-03
1.288888888888885210e-03
1.177777777777774338e-03
1.144444444444441206e-03
1.147222222222218967e-03
9.999999999999972019e-04
1.183333333333329860e-03
1.122222222222219118e-03
1.027777777777775028e-03
1.066666666666663682e-03
1.180555555555552315e-03
1.080555555555552704e-03
1.077777777777774943e-03
1.197222222222218881e-03
1.066666666666663682e-03
1.138888888888885467e-03
1.111111111111107858e-03
1.030555555555552789e-03
1.166666666666663511e-03
1.122222222222219118e-03
1.111111111111108074e-03
1.177777777777774771e-03
1.027777777777774812e-03
1.080555555555552487e-03
1.122222222222219118e-03
1.141666666666663445e-03
1.197222222222219098e-03
1.072222222222218987e-03
1.124999999999996879e-03
1.047222222222219355e-03
1.208333333333329925e-03
1.099999999999997031e-03
1.177777777777774555e-03
1.155555555555552467e-03
1.224999999999996491e-03
1.133333333333330162e-03
1.180555555555552315e-03
1.127777777777774640e-03
1.163888888888885750e-03
1.211111111111107686e-03
1.083333333333330465e-03
1.041666666666663833e-03
1.113888888888885835e-03
1.133333333333330162e-03
1.130555555555552401e-03
1.061111111111108160e-03
1.099999999999997031e-03
1.024999999999997051e-03
1.119444444444441357e-03
1.033333333333330334e-03
1.002777777777775180e-03
1.138888888888885684e-03
1.133333333333330162e-03
1.136111111111107706e-03
1.144444444444441206e-03
1.019444444444441529e-03
1.219444444444440969e-03
1.172222222222219033e-03
1.197222222222218881e-03
1.108333333333330313e-03
1.086111111111108009e-03
1.074999999999996965e-03
1.099999999999997031e-03
1.127777777777774640e-03
1.119444444444441357e-03
1.236111111111107535e-03
1.124999999999996662e-03
1.097222222222219053e-03
1.163888888888885750e-03
1.122222222222218901e-03
1.055555555555552638e-03
1.224999999999996708e-03
1.152777777777774489e-03
1.161111111111107555e-03
1.069444444444441443e-03
1.058333333333330399e-03
1.086111111111108226e-03
1.161111111111107772e-03
1.119444444444441140e-03
1.194444444444441120e-03
1.108333333333330313e-03
1.133333333333330162e-03
1.155555555555552033e-03
1.061111111111108160e-03
1.152777777777774489e-03
1.027777777777775028e-03
1.233333333333329774e-03
1.177777777777774555e-03
1.094444444444441509e-03
1.108333333333330313e-03
1.147222222222218967e-03
1.124999999999996879e-03
1.105555555555552552e-03
1.119444444444441357e-03
1.166666666666663511e-03
1.119444444444441357e-03
1.180555555555552532e-03
1.144444444444440989e-03
1.080555555555552487e-03
1.180555555555552099e-03
1.124999999999996879e-03
1.083333333333330465e-03
1.124999999999996879e-03
1.119444444444441140e-03
1.166666666666663511e-03
1.158333333333330011e-03
1.066666666666663465e-03
1.119444444444441357e-03
1.038888888888885855e-03
1.174999999999996794e-03
9.972222222222194409e-04
1.222222222222218730e-03
1.230555555555552013e-03
1.102777777777774791e-03
1.138888888888885684e-03
1.072222222222218987e-03
1.122222222222219335e-03
1.141666666666663662e-03
1.136111111111107923e-03
1.166666666666663511e-03
1.002777777777775397e-03
1.163888888888885750e-03
1.183333333333330076e-03
1.205555555555552381e-03
1.108333333333330097e-03
1.227777777777774252e-03
1.147222222222218967e-03
1.161111111111107772e-03
1.116666666666663379e-03
1.166666666666663511e-03
1.016666666666663768e-03
1.133333333333330162e-03
1.177777777777774771e-03
1.191666666666663359e-03
1.136111111111107923e-03
1.216666666666663208e-03
1.049999999999996899e-03
1.102777777777774791e-03
1.102777777777774791e-03
1.105555555555552336e-03
1.077777777777774943e-03
1.108333333333330313e-03
1.055555555555552638e-03
1.111111111111108291e-03
1.158333333333330011e-03
1.122222222222219118e-03
1.099999999999996814e-03
1.141666666666663228e-03
1.113888888888885835e-03
1.211111111111107686e-03
1.083333333333330465e-03
1.074999999999996965e-03
1.080555555555552704e-03
1.147222222222218750e-03
1.124999999999996879e-03
1.119444444444441140e-03
1.080555555555552704e-03
1.119444444444441357e-03
1.177777777777774555e-03
1.077777777777774943e-03
1.163888888888885966e-03
1.144444444444441206e-03
1.163888888888885966e-03
1.088888888888885770e-03
1.086111111111108009e-03
1.116666666666663379e-03
1.133333333333329945e-03
1.119444444444441140e-03
1.094444444444441292e-03
1.022222222222219290e-03
1.102777777777774791e-03
1.197222222222218881e-03
1.094444444444441509e-03
1.116666666666663596e-03
1.141666666666663445e-03
1.122222222222218901e-03
9.944444444444416800e-04
1.141666666666663445e-03
1.163888888888885750e-03
1.116666666666663379e-03
1.130555555555552401e-03
1.161111111111107989e-03
1.108333333333330313e-03
1.097222222222219270e-03
1.161111111111107772e-03
1.083333333333330465e-03
1.227777777777774252e-03
1.036111111111108311e-03
1.102777777777774791e-03
1.194444444444441120e-03
1.163888888888885750e-03
1.044444444444441594e-03
1.083333333333330248e-03
1.108333333333330097e-03
1.083333333333330465e-03
1.116666666666663379e-03
1.124999999999996879e-03
1.063888888888885921e-03
1.097222222222219270e-03
1.202777777777774403e-03
1.161111111111107555e-03
1.127777777777774640e-03
1.211111111111107686e-03
1.019444444444441746e-03
1.202777777777774186e-03
1.155555555555552250e-03
1.094444444444441725e-03
1.177777777777774555e-03
1.274999999999996622e-03
1.122222222222219118e-03
1.199999999999996642e-03
1.099999999999997031e-03
1.088888888888885987e-03
1.055555555555552421e-03
1.099999999999997031e-03
1.094444444444441509e-03
1.199999999999996642e-03
1.033333333333330550e-03
1.105555555555552552e-03
1.138888888888885467e-03
1.116666666666663596e-03
1.208333333333329708e-03
1.149999999999996728e-03
1.197222222222218881e-03
1.169444444444441055e-03
1.144444444444441206e-03
1.144444444444441206e-03
1.166666666666663294e-03
1.219444444444440969e-03
1.147222222222218967e-03
1.127777777777774640e-03
1.102777777777774791e-03
1.094444444444441509e-03
1.166666666666663294e-03
1.136111111111107923e-03
1.124999999999996662e-03
1.111111111111107858e-03
1.213888888888885447e-03
1.155555555555552250e-03
1.111111111111107858e-03
1.177777777777774555e-03
1.141666666666663445e-03
1.133333333333330162e-03
1.166666666666663294e-03
1.122222222222219118e-03
1.133333333333329945e-03
1.027777777777774812e-03
1.080555555555552704e-03
1.041666666666663833e-03
1.186111111111107837e-03
1.127777777777774640e-03
1.149999999999996728e-03
1.130555555555552401e-03
1.058333333333330182e-03
1.177777777777774555e-03
1.219444444444441186e-03
1.069444444444441443e-03
1.130555555555552401e-03
1.144444444444441206e-03
1.094444444444441509e-03
1.130555555555552401e-03
1.102777777777774791e-03
1.277777777777774166e-03
1.116666666666663813e-03
1.091666666666663748e-03
1.163888888888885750e-03
1.177777777777774555e-03
1.255555555555552079e-03
1.066666666666663682e-03
1.122222222222218901e-03
1.061111111111108160e-03
1.022222222222219506e-03
1.133333333333330162e-03
1.099999999999996814e-03
1.113888888888885835e-03
1.152777777777774706e-03
1.094444444444441509e-03
1.055555555555552638e-03
1.072222222222219204e-03
1.077777777777774943e-03
1.024999999999997267e-03
1.111111111111108074e-03
1.213888888888885447e-03
1.027777777777774812e-03
1.072222222222218987e-03
1.144444444444441206e-03
1.083333333333330465e-03
1.049999999999996899e-03
1.202777777777774620e-03
1.099999999999996814e-03
1.088888888888885987e-03
1.161111111111107772e-03
1.141666666666663445e-03
1.169444444444441272e-03
1.113888888888885835e-03
1.111111111111108074e-03
1.005555555555552941e-03
1.044444444444441594e-03
1.202777777777774620e-03
1.066666666666663682e-03
1.124999999999996879e-03
1.149999999999996728e-03
1.086111111111108226e-03
1.133333333333330162e-03
1.108333333333330097e-03
1.047222222222219355e-03
1.141666666666663445e-03
1.161111111111107772e-03
1.244444444444440818e-03
1.127777777777774423e-03
1.063888888888885921e-03
1.208333333333330142e-03
1.099999999999997247e-03
1.124999999999996879e-03
1.066666666666663682e-03
1.186111111111107837e-03
1.158333333333330011e-03
1.122222222222219118e-03
1.172222222222219033e-03
1.005555555555552941e-03
1.122222222222219118e-03
1.080555555555552704e-03
1.194444444444441120e-03
1.122222222222219118e-03
1.094444444444441509e-03
1.147222222222218967e-03
1.236111111111107535e-03
1.052777777777774877e-03
1.124999999999996879e-03
1.116666666666663596e-03
1.130555555555552401e-03
1.066666666666663465e-03
1.097222222222219053e-03
1.041666666666663616e-03
1.108333333333330097e-03
1.147222222222218967e-03
1.122222222222219118e-03
1.077777777777774943e-03
1.172222222222219033e-03
1.136111111111107923e-03
1.130555555555552184e-03
1.244444444444440818e-03
1.208333333333329925e-03
1.208333333333329925e-03
1.130555555555552401e-03
1.119444444444441357e-03
1.194444444444441120e-03
1.097222222222219270e-03
9.805555555555528751e-04
1.180555555555552099e-03
1.238888888888885296e-03
1.138888888888885901e-03
1.055555555555552638e-03
1.183333333333330076e-03
1.136111111111107923e-03
1.191666666666663359e-03
1.108333333333330313e-03
1.105555555555552552e-03
1.063888888888885704e-03
1.149999999999996728e-03
1.127777777777774640e-03
1.141666666666663662e-03
1.041666666666663833e-03
1.172222222222219033e-03
1.149999999999996728e-03
1.197222222222218881e-03
1.083333333333330465e-03
9.999999999999972019e-04
1.030555555555552789e-03
1.066666666666663682e-03
1.063888888888885921e-03
1.158333333333330011e-03
1.155555555555552250e-03
1.066666666666663465e-03
1.163888888888885750e-03
1.041666666666663833e-03
1.141666666666663445e-03
1.197222222222218881e-03
1.213888888888885447e-03
1.099999999999997031e-03
1.083333333333330248e-03
1.074999999999996748e-03
1.077777777777774509e-03
1.027777777777775028e-03
1.091666666666663964e-03
1.097222222222219270e-03
1.124999999999996662e-03
1.122222222222219118e-03
1.113888888888885619e-03
1.102777777777774791e-03
1.027777777777775028e-03
1.233333333333329774e-03
1.099999999999997031e-03
1.236111111111107318e-03
1.013888888888886007e-03
1.172222222222219033e-03
1.174999999999996577e-03
1.155555555555552250e-03
1.191666666666663359e-03
1.127777777777774423e-03
1.122222222222219118e-03
1.130555555555552401e-03
1.147222222222219184e-03
1.222222222222218730e-03
1.194444444444441120e-03
1.116666666666663596e-03
1.094444444444441509e-03
1.030555555555552789e-03
1.161111111111107555e-03
1.172222222222219033e-03
1.169444444444441272e-03
1.127777777777774640e-03
1.163888888888885750e-03
1.063888888888885921e-03
1.152777777777774489e-03
1.158333333333330011e-03
1.169444444444441055e-03
1.108333333333330097e-03
1.141666666666663445e-03
1.099999999999997031e-03
1.077777777777774943e-03
1.147222222222218967e-03
1.116666666666663813e-03
1.152777777777774272e-03
1.105555555555552336e-03
1.127777777777774423e-03
1.249999999999996123e-03
1.055555555555552855e-03
1.161111111111107989e-03
1.191666666666663143e-03
1.174999999999996577e-03
1.041666666666663833e-03
1.066666666666663682e-03
1.063888888888886138e-03
1.133333333333330162e-03
1.116666666666663596e-03
1.186111111111107837e-03
1.086111111111108226e-03
1.172222222222219033e-03
1.094444444444441509e-03
1.008333333333330702e-03
1.197222222222218664e-03
1.083333333333330465e-03
1.172222222222219033e-03
1.202777777777774403e-03
1.024999999999997267e-03
1.113888888888885619e-03
1.133333333333329945e-03
1.169444444444441272e-03
1.147222222222218967e-03
1.038888888888886072e-03
1.163888888888885966e-03
1.174999999999996577e-03
1.127777777777774640e-03
1.052777777777774877e-03
1.083333333333330465e-03
1.097222222222219270e-03
1.149999999999996728e-03
1.133333333333330162e-03
1.052777777777774877e-03
1.074999999999996748e-03
1.183333333333330076e-03
1.230555555555552013e-03
1.113888888888885835e-03
1.111111111111108074e-03
1.111111111111107858e-03
1.127777777777774640e-03
1.172222222222219033e-03
1.144444444444441423e-03
1.197222222222218881e-03
1.119444444444441357e-03
1.224999999999996491e-03
1.036111111111108311e-03
1.047222222222219138e-03
1.177777777777774555e-03
1.122222222222218901e-03
1.186111111111108054e-03
1.108333333333330313e-03
1.174999999999996794e-03
1.211111111111107686e-03
1.191666666666663359e-03
1.047222222222219138e-03
1.094444444444441509e-03
1.127777777777774640e-03
1.136111111111107923e-03
1.147222222222218750e-03
1.136111111111107706e-03
1.133333333333330162e-03
1.152777777777774489e-03
1.122222222222218901e-03
1.119444444444441357e-03
1.074999999999996748e-03
1.083333333333330465e-03
1.130555555555552184e-03
1.177777777777774555e-03
1.124999999999996879e-03
1.074999999999997399e-03
1.133333333333330162e-03
1.191666666666663359e-03
1.061111111111108160e-03
1.138888888888885467e-03
1.191666666666663576e-03
1.061111111111108160e-03
1.180555555555552315e-03
1.188888888888885815e-03
1.094444444444441509e-03
1.011111111111108463e-03
1.091666666666663964e-03
1.011111111111108463e-03
1.083333333333330248e-03
1.116666666666663596e-03
1.180555555555552315e-03
1.041666666666663616e-03
1.102777777777774791e-03
1.147222222222218750e-03
1.052777777777774877e-03
1.163888888888885750e-03
1.186111111111107837e-03
1.022222222222219506e-03
1.102777777777774575e-03
1.094444444444441509e-03
1.166666666666663511e-03
1.163888888888885750e-03
1.133333333333330162e-03
1.199999999999996642e-03
1.149999999999996511e-03
1.183333333333329860e-03
1.088888888888885987e-03
1.111111111111108074e-03
1.194444444444441120e-03
1.094444444444441509e-03
1.163888888888885316e-03
1.152777777777774489e-03
1.088888888888885770e-03
1.141666666666663445e-03
1.116666666666663596e-03
1.122222222222219118e-03
1.177777777777774555e-03
1.188888888888885598e-03
1.124999999999996662e-03
1.149999999999996511e-03
1.188888888888885598e-03
1.272222222222218644e-03
1.069444444444441226e-03
1.024999999999997267e-03
1.149999999999996728e-03
1.091666666666663748e-03
1.049999999999996899e-03
1.030555555555552789e-03
1.044444444444441594e-03
1.088888888888885987e-03
1.058333333333330399e-03
1.138888888888885684e-03
1.244444444444440818e-03
1.061111111111108160e-03
1.155555555555552033e-03
1.294444444444440732e-03
1.055555555555552638e-03
1.105555555555552552e-03
1.088888888888885987e-03
1.169444444444441272e-03
1.224999999999996491e-03
1.188888888888885598e-03
1.083333333333330465e-03
1.161111111111107555e-03
1.119444444444441357e-03
1.105555555555552552e-03
1.119444444444441357e-03
1.080555555555552704e-03
1.091666666666663748e-03
1.083333333333330248e-03
1.161111111111107772e-03
1.163888888888885750e-03
1.172222222222219249e-03
1.158333333333330228e-03
1.155555555555552250e-03
1.069444444444441443e-03
1.144444444444441206e-03
1.080555555555552704e-03
1.116666666666663596e-03
1.099999999999997031e-03
1.133333333333330162e-03
1.147222222222218967e-03
1.224999999999996491e-03
1.219444444444440969e-03
1.144444444444441206e-03
1.141666666666663445e-03
1.041666666666663833e-03
1.213888888888885664e-03
1.166666666666663511e-03
1.113888888888885619e-03
1.133333333333329945e-03
1.072222222222219204e-03
1.116666666666663379e-03
1.163888888888885750e-03
1.144444444444441206e-03
1.111111111111107858e-03
1.108333333333330313e-03
1.163888888888885750e-03
1.219444444444440752e-03
1.127777777777774423e-03
1.080555555555552704e-03
1.133333333333329945e-03
1.116666666666663596e-03
1.211111111111107686e-03
1.091666666666663748e-03
1.030555555555552789e-03
1.188888888888885598e-03
1.133333333333330162e-03
1.061111111111108160e-03
1.130555555555552401e-03
1.169444444444441055e-03
1.127777777777774640e-03
1.086111111111108226e-03
1.072222222222219204e-03
1.077777777777774943e-03
1.058333333333330399e-03
1.136111111111107923e-03
1.072222222222218987e-03
1.094444444444441509e-03
1.197222222222218881e-03
1.136111111111107923e-03
1.180555555555552315e-03
1.186111111111107621e-03
1.124999999999996879e-03
1.080555555555552921e-03
1.133333333333330162e-03
1.111111111111108074e-03
1.099999999999997031e-03
1.130555555555552401e-03
1.122222222222219118e-03
1.130555555555552401e-03
1.113888888888885835e-03
1.119444444444441357e-03
1.038888888888886072e-03
1.122222222222219118e-03
1.149999999999996728e-03
1.155555555555552250e-03
1.077777777777774943e-03
1.194444444444441120e-03
1.019444444444441746e-03
1.163888888888885966e-03
1.113888888888885835e-03
1.233333333333329774e-03
1.094444444444441509e-03
1.130555555555552401e-03
1.138888888888885684e-03
1.180555555555552315e-03
1.144444444444441206e-03
1.186111111111107837e-03
1.186111111111107837e-03
1.086111111111108226e-03
1.124999999999996662e-03
1.058333333333330399e-03
1.136111111111107923e-03
9.972222222222194409e-04
1.183333333333330076e-03
1.138888888888885684e-03
1.097222222222219270e-03
1.216666666666663208e-03
1.044444444444441594e-03
1.074999999999996965e-03
1.213888888888885664e-03
1.155555555555552033e-03
1.094444444444441509e-03
1.169444444444441272e-03
1.080555555555552487e-03
1.158333333333330011e-03
1.136111111111107923e-03
1.197222222222218881e-03
1.144444444444440989e-03
1.122222222222219118e-03
1.155555555555552250e-03
1.158333333333330011e-03
1.177777777777774555e-03
1.072222222222219204e-03
1.197222222222218881e-03
1.091666666666663748e-03
1.188888888888885598e-03
1.094444444444441509e-03
1.111111111111108074e-03
1.080555555555552487e-03
1.138888888888885684e-03
1.186111111111107621e-03
1.263888888888885361e-03
1.161111111111107772e-03
1.233333333333329774e-03
1.158333333333329794e-03
1.072222222222219204e-03
1.047222222222219355e-03
1.099999999999997031e-03
1.047222222222219355e-03
1.072222222222219204e-03
1.177777777777774338e-03
1.091666666666663531e-03
1.091666666666663748e-03
1.161111111111107772e-03
1.183333333333330076e-03
1.072222222222219204e-03
1.149999999999996728e-03
1.158333333333330011e-03
1.063888888888885921e-03
1.052777777777774660e-03
1.122222222222218901e-03
1.069444444444441443e-03
1.161111111111107772e-03
1.077777777777775160e-03
1.252777777777774318e-03
1.127777777777774640e-03
1.130555555555552401e-03
1.155555555555552033e-03
1.119444444444441357e-03
1.105555555555552552e-03
1.208333333333329925e-03
1.069444444444441443e-03
1.247222222222218579e-03
1.211111111111107686e-03
1.124999999999996879e-03
1.102777777777774791e-03
1.086111111111108442e-03
1.083333333333330465e-03
1.163888888888885750e-03
1.108333333333330313e-03
1.074999999999996965e-03
1.144444444444441206e-03
1.183333333333330076e-03
1.094444444444441292e-03
1.108333333333330313e-03
1.113888888888886052e-03
1.180555555555552532e-03
1.136111111111107923e-03
1.119444444444441357e-03
1.180555555555552315e-03
1.091666666666663748e-03
1.049999999999997116e-03
1.147222222222218967e-03
1.002777777777775180e-03
1.130555555555552401e-03
1.144444444444441206e-03
1.072222222222219204e-03
1.172222222222218816e-03
1.144444444444441206e-03
1.161111111111107772e-03
1.174999999999996794e-03
1.122222222222219118e-03
1.077777777777775160e-03
1.099999999999997031e-03
1.122222222222219118e-03
1.091666666666663531e-03
1.111111111111108074e-03
1.208333333333330142e-03
1.105555555555552336e-03
1.169444444444441055e-03
1.069444444444441226e-03
1.094444444444441509e-03
1.149999999999996728e-03
1.094444444444441292e-03
1.147222222222218967e-03
1.194444444444441120e-03
1.055555555555552421e-03
1.097222222222219270e-03
1.136111111111107923e-03
1.116666666666663596e-03
1.188888888888885382e-03
1.133333333333330162e-03
1.197222222222218881e-03
1.149999999999996511e-03
1.111111111111107858e-03
1.191666666666663143e-03
1.086111111111108226e-03
1.202777777777774403e-03
1.088888888888885770e-03
1.161111111111107772e-03
1.080555555555552704e-03
1.136111111111107923e-03
1.252777777777774318e-03
1.158333333333330011e-03
1.141666666666663445e-03
1.077777777777774943e-03
1.111111111111108074e-03
1.197222222222218881e-03
1.105555555555552769e-03
1.086111111111108226e-03
1.208333333333329925e-03
1.169444444444441272e-03
1.094444444444441725e-03
1.036111111111108311e-03
1.163888888888885750e-03
1.077777777777774509e-03
1.052777777777774877e-03
1.155555555555552250e-03
1.252777777777774318e-03
1.127777777777774640e-03
1.130555555555552401e-03
1.183333333333330076e-03
1.247222222222218579e-03
1.061111111111108160e-03
1.111111111111108074e-03
1.080555555555552704e-03
1.122222222222218901e-03
1.113888888888885835e-03
1.211111111111107686e-03
1.091666666666663748e-03
1.116666666666663813e-03
1.224999999999996491e-03
1.077777777777775160e-03
1.213888888888885447e-03
1.127777777777774640e-03
1.074999999999996748e-03
1.069444444444441443e-03
1.063888888888885704e-03
1.049999999999997116e-03
1.136111111111107923e-03
1.116666666666663596e-03
1.113888888888885619e-03
1.111111111111108074e-03
1.116666666666663596e-03
1.127777777777774640e-03
1.013888888888886007e-03
1.016666666666663985e-03
1.105555555555552552e-03
1.080555555555552487e-03
1.105555555555552552e-03
1.088888888888885987e-03
1.208333333333329925e-03
1.158333333333330011e-03
1.030555555555552789e-03
1.230555555555552013e-03
1.208333333333329925e-03
1.099999999999997031e-03
1.102777777777774791e-03
1.124999999999996879e-03
1.191666666666663359e-03
1.108333333333330313e-03
1.122222222222219118e-03
1.183333333333330076e-03
1.111111111111107858e-03
1.113888888888885835e-03
1.099999999999997031e-03
1.088888888888885987e-03
1.074999999999996748e-03
1.108333333333330313e-03
1.008333333333330702e-03
1.088888888888885987e-03
1.161111111111107772e-03
1.138888888888885684e-03
1.108333333333330097e-03
1.122222222222219118e-03
1.127777777777774640e-03
1.122222222222219118e-03
1.119444444444441357e-03
1.180555555555552532e-03
1.072222222222218987e-03
1.069444444444441226e-03
1.144444444444440989e-03
1.077777777777774943e-03
1.172222222222219033e-03
1.099999999999997031e-03
1.122222222222219118e-03
1.149999999999996728e-03
1.133333333333329945e-03
1.080555555555552921e-03
1.149999999999996728e-03
1.172222222222219033e-03
1.144444444444441206e-03
1.116666666666663379e-03
1.077777777777774509e-03
1.202777777777774403e-03
1.130555555555552401e-03
1.161111111111107772e-03
1.119444444444441357e-03
1.036111111111108095e-03
1.183333333333329860e-03
1.033333333333330550e-03
1.166666666666663511e-03
1.122222222222219118e-03
1.049999999999996899e-03
1.091666666666663531e-03
1.094444444444441509e-03
1.038888888888886072e-03
1.202777777777774186e-03
1.086111111111108009e-03
1.052777777777775094e-03
1.077777777777774943e-03
1.166666666666663511e-03
1.047222222222219355e-03
1.163888888888885750e-03
1.116666666666663596e-03
1.102777777777774791e-03
1.113888888888885619e-03
1.172222222222219033e-03
1.136111111111108140e-03
1.224999999999996491e-03
1.105555555555552552e-03
1.097222222222219053e-03
1.169444444444441272e-03
1.116666666666663379e-03
1.152777777777774489e-03
1.108333333333330313e-03
1.124999999999996662e-03
1.047222222222219355e-03
1.172222222222219033e-03
1.199999999999996642e-03
1.261111111111107384e-03
1.138888888888885684e-03
1.108333333333330313e-03
1.158333333333329794e-03
1.072222222222219204e-03
1.047222222222219355e-03
1.030555555555552789e-03
1.180555555555552099e-03
1.097222222222219270e-03
1.049999999999996899e-03
1.108333333333330313e-03
1.163888888888885750e-03
1.091666666666663748e-03
1.069444444444441443e-03
1.149999999999996945e-03
1.144444444444441206e-03
1.186111111111107837e-03
1.033333333333330767e-03
1.191666666666663359e-03
1.102777777777774791e-03
1.113888888888885619e-03
1.119444444444441357e-03
1.152777777777774489e-03
1.063888888888885921e-03
1.252777777777774318e-03
1.352777777777773929e-03
1.544444444444440087e-03
1.608333333333328589e-03
1.949999999999994489e-03
2.077777777777771711e-03
2.005555555555549926e-03
2.194444444444438105e-03
2.249999999999993325e-03
2.197222222222215866e-03
2.380555555555548524e-03
2.405555555555548373e-03
2.352777777777770914e-03
2.505555555555548201e-03
2.466666666666659114e-03
2.547222222222214616e-03
2.527777777777770289e-03
2.524999999999992528e-03
2.727777777777769513e-03
2.549999999999992377e-03
2.677777777777769382e-03
2.552777777777770138e-03
2.680555555555547576e-03
2.555555555555547899e-03
2.583333333333325509e-03
2.630555555555547445e-03
2.647222222222214011e-03
2.419444444444437178e-03
2.649999999999991772e-03
2.616666666666658640e-03
2.680555555555547576e-03
2.661111111111103249e-03
2.502777777777770007e-03
2.688888888888880859e-03
2.755555555555547122e-03
2.394444444444437329e-03
2.486111111111103441e-03
2.486111111111103441e-03
2.474999999999992397e-03
2.647222222222214011e-03
2.583333333333325509e-03
2.422222222222214939e-03
2.577777777777770420e-03
2.599999999999992074e-03
2.602777777777769835e-03
2.477777777777770158e-03
2.472222222222214636e-03
2.613888888888881313e-03
2.674999999999991621e-03
2.633333333333325206e-03
2.669444444444436099e-03
2.558333333333326094e-03
2.566666666666658943e-03
2.613888888888880879e-03
2.444444444444437026e-03
2.538888888888881333e-03
2.452777777777770309e-03
2.502777777777770007e-03
2.441666666666659265e-03
2.397222222222215090e-03
2.608333333333325357e-03
2.424999999999992700e-03
2.452777777777770309e-03
2.449999999999992548e-03
2.408333333333326134e-03
2.469444444444436875e-03
2.513888888888881484e-03
2.577777777777769987e-03
2.474999999999992397e-03
2.433333333333325983e-03
2.624999999999991923e-03
2.338888888888882110e-03
2.338888888888882110e-03
2.338888888888882110e-03
2.508333333333326396e-03
2.352777777777770914e-03
2.480555555555548353e-03
2.449999999999992548e-03
2.402777777777770612e-03
2.299999999999993022e-03
2.352777777777770914e-03
2.397222222222215524e-03
2.424999999999992700e-03
2.272222222222215413e-03
2.158333333333327213e-03
2.230555555555548998e-03
2.519444444444437006e-03
2.397222222222215090e-03
2.433333333333325983e-03
2.252777777777771086e-03
2.288888888888881545e-03
2.236111111111104086e-03
2.405555555555548373e-03
2.444444444444437026e-03
2.472222222222214636e-03
2.338888888888881676e-03
2.272222222222215413e-03
2.402777777777770612e-03
2.213888888888881998e-03
2.355555555555548675e-03
2.277777777777770934e-03
2.336111111111104349e-03
2.449999999999992548e-03
2.361111111111104197e-03
2.408333333333326134e-03
2.441666666666659265e-03
2.394444444444437329e-03
2.497222222222214485e-03
2.380555555555548524e-03
2.416666666666659417e-03
2.413888888888881656e-03
2.286111111111104217e-03
2.319444444444437349e-03
2.436111111111103743e-03
2.219444444444437954e-03
2.291666666666659739e-03
2.411111111111103895e-03
2.411111111111103895e-03
2.527777777777770289e-03
2.491666666666658963e-03
2.452777777777770309e-03
2.355555555555548675e-03
2.519444444444437006e-03
2.327777777777770632e-03
2.233333333333326759e-03
2.286111111111104217e-03
2.388888888888881807e-03
2.291666666666659739e-03
2.297222222222215261e-03
2.330555555555548393e-03
2.438888888888881504e-03
2.366666666666659286e-03
2.294444444444437500e-03
2.155555555555549018e-03
2.322222222222215110e-03
2.613888888888880879e-03
2.355555555555548242e-03
2.233333333333326759e-03
2.386111111111104046e-03
2.308333333333326305e-03
2.494444444444436724e-03
2.366666666666659719e-03
2.377777777777770763e-03
2.463888888888881353e-03
2.472222222222214636e-03
2.291666666666659739e-03
2.472222222222214636e-03
2.324999999999992871e-03
2.261111111111104369e-03
2.372222222222215241e-03
2.330555555555548393e-03
2.313888888888881827e-03
2.447222222222215221e-03
2.358333333333326436e-03
2.283333333333326456e-03
2.222222222222215715e-03
2.430555555555548222e-03
2.391666666666659568e-03
2.263888888888882130e-03
2.269444444444437652e-03
2.422222222222214939e-03
2.405555555555548373e-03
2.202777777777771388e-03
2.463888888888881353e-03
2.294444444444437500e-03
2.352777777777770914e-03
2.330555555555548393e-03
2.372222222222215241e-03
2.191666666666660344e-03
2.399999999999992851e-03
2.238888888888882281e-03
2.186111111111104822e-03
2.369444444444437480e-03
2.191666666666660344e-03
2.205555555555549149e-03
2.194444444444438105e-03
2.488888888888881202e-03
2.197222222222215866e-03
2.269444444444437652e-03
2.263888888888882130e-03
2.202777777777770955e-03
2.166666666666660062e-03
2.377777777777770763e-03
2.258333333333326608e-03
2.202777777777771388e-03
2.094444444444438277e-03
2.216666666666660193e-03
2.258333333333326608e-03
2.233333333333326759e-03
2.241666666666660042e-03
2.272222222222215413e-03
2.347222222222215392e-03
2.166666666666660496e-03
2.255555555555548847e-03
2.263888888888882130e-03
2.216666666666659759e-03
2.074999999999993950e-03
2.024999999999994253e-03
2.124999999999993647e-03
2.261111111111104369e-03
2.302777777777770783e-03
2.213888888888882432e-03
2.169444444444438257e-03
2.238888888888882281e-03
2.230555555555548998e-03
2.208333333333326910e-03
2.333333333333325720e-03
2.047222222222216340e-03
2.191666666666660344e-03
2.219444444444437954e-03
2.124999999999993647e-03
2.327777777777770632e-03
2.155555555555549018e-03
2.205555555555549149e-03
2.230555555555548564e-03
2.213888888888882432e-03
2.197222222222215433e-03
2.086111111111104994e-03
2.155555555555549018e-03
2.247222222222215564e-03
2.241666666666659608e-03
2.216666666666660193e-03
1.966666666666660838e-03
2.252777777777770652e-03
2.130555555555549169e-03
2.119444444444438126e-03
2.097222222222215604e-03
2.188888888888882583e-03
2.066666666666660233e-03
2.122222222222215453e-03
2.127777777777771408e-03
2.177777777777771540e-03
2.105555555555549321e-03
2.224999999999993476e-03
2.130555555555549169e-03
2.188888888888882583e-03
2.236111111111104520e-03
2.036111111111105296e-03
2.216666666666660193e-03
2.144444444444437541e-03
2.069444444444438428e-03
1.983333333333326971e-03
2.074999999999993950e-03
2.152777777777771257e-03
2.138888888888882019e-03
2.094444444444438277e-03
2.299999999999993022e-03
2.172222222222216018e-03
1.999999999999994404e-03
1.983333333333326971e-03
2.172222222222216018e-03
1.947222222222216729e-03
1.955555555555549795e-03
2.116666666666660365e-03
2.044444444444438579e-03
2.252777777777771086e-03
2.224999999999993476e-03
2.099999999999993365e-03
2.188888888888882583e-03
2.166666666666660496e-03
2.183333333333327061e-03
2.149999999999993496e-03
1.955555555555549795e-03
2.161111111111104106e-03
2.080555555555549472e-03
2.036111111111104863e-03
2.180555555555548867e-03
2.169444444444438257e-03
2.130555555555549169e-03
2.108333333333327082e-03
2.044444444444438579e-03
2.008333333333327687e-03
2.136111111111104691e-03
2.102777777777771560e-03
2.047222222222215907e-03
1.947222222222216295e-03
1.983333333333327404e-03
2.202777777777771388e-03
2.102777777777771560e-03
2.022222222222216058e-03
2.072222222222215755e-03
2.002777777777772165e-03
2.066666666666660667e-03
1.980555555555549643e-03
2.086111111111104994e-03
2.013888888888883209e-03
2.116666666666660365e-03
1.905555555555549663e-03
1.949999999999994056e-03
2.016666666666660536e-03
1.936111111111105251e-03
2.111111111111104409e-03
2.174999999999993779e-03
2.016666666666660970e-03
2.052777777777771862e-03
2.074999999999993950e-03
2.047222222222216340e-03
1.969444444444438599e-03
2.024999999999994253e-03
2.002777777777772165e-03
2.136111111111104258e-03
1.972222222222216360e-03
2.097222222222216038e-03
2.083333333333327233e-03
2.230555555555548998e-03
1.927777777777771751e-03
2.005555555555549926e-03
2.027777777777772013e-03
1.991666666666660687e-03
1.966666666666660838e-03
1.955555555555549795e-03
2.019444444444438297e-03
1.999999999999993970e-03
1.897222222222216814e-03
2.055555555555549190e-03
1.930555555555549729e-03
1.752777777777772593e-03
1.961111111111104883e-03
1.969444444444438599e-03
2.027777777777772013e-03
2.027777777777772013e-03
2.011111111111105014e-03
1.927777777777771968e-03
2.072222222222216189e-03
1.888888888888883314e-03
2.013888888888882775e-03
1.908333333333327641e-03
1.930555555555549729e-03
2.008333333333327687e-03
1.911111111111105402e-03
1.991666666666660687e-03
2.047222222222216340e-03
2.008333333333327687e-03
1.924999999999994207e-03
1.941666666666660556e-03
1.952777777777772034e-03
1.969444444444438599e-03
1.911111111111105185e-03
1.913888888888883163e-03
1.877777777777772487e-03
1.949999999999994273e-03
1.805555555555550052e-03
1.977777777777771882e-03
1.974999999999994121e-03
1.836111111111105422e-03
1.858333333333327727e-03
1.913888888888883380e-03
1.933333333333327490e-03
1.930555555555549729e-03
2.005555555555549926e-03
1.961111111111105317e-03
1.891666666666661075e-03
1.736111111111105811e-03
1.919444444444438468e-03
1.833333333333327878e-03
1.949999999999994056e-03
1.988888888888882926e-03
1.991666666666660687e-03
2.019444444444439164e-03
1.891666666666661075e-03
1.955555555555549795e-03
1.894444444444438836e-03
2.016666666666660970e-03
1.811111111111106007e-03
1.880555555555549815e-03
1.874999999999994510e-03
1.766666666666661398e-03
1.899999999999994141e-03
1.872222222222216532e-03
2.002777777777772165e-03
1.963888888888883077e-03
1.799999999999994747e-03
1.897222222222216597e-03
2.083333333333327233e-03
1.949999999999994273e-03
1.808333333333328029e-03
1.830555555555550117e-03
1.816666666666661312e-03
1.799999999999994530e-03
1.916666666666660924e-03
1.908333333333327424e-03
2.005555555555549926e-03
1.811111111111105574e-03
1.802777777777772291e-03
1.788888888888883486e-03
1.852777777777771988e-03
1.913888888888882946e-03
1.888888888888883098e-03
1.824999999999994595e-03
1.833333333333327661e-03
1.902777777777772119e-03
1.863888888888883466e-03
1.830555555555549684e-03
1.794444444444439225e-03
1.947222222222216512e-03
1.794444444444439008e-03
1.805555555555550052e-03
1.727777777777772744e-03
1.891666666666661075e-03
1.824999999999994595e-03
1.788888888888883703e-03
1.919444444444438685e-03
1.844444444444438922e-03
1.802777777777772291e-03
1.791666666666661464e-03
1.738888888888883572e-03
1.852777777777771988e-03
1.855555555555549966e-03
1.791666666666661464e-03
1.916666666666661141e-03
1.686111111111106113e-03
1.908333333333327641e-03
1.772222222222217137e-03
1.883333333333327793e-03
1.808333333333328029e-03
1.816666666666661312e-03
1.933333333333327490e-03
1.699999999999994918e-03
1.827777777777772139e-03
1.908333333333327641e-03
1.833333333333327878e-03
1.874999999999994510e-03
1.841666666666660944e-03
1.833333333333327661e-03
1.863888888888883466e-03
1.886111111111105553e-03
1.697222222222217374e-03
1.855555555555549966e-03
1.836111111111105639e-03
1.774999999999994681e-03
1.997222222222216209e-03
1.888888888888883314e-03
1.877777777777772271e-03
1.927777777777771751e-03
1.847222222222216466e-03
1.866666666666661227e-03
1.761111111111105659e-03
1.761111111111105659e-03
1.847222222222216683e-03
1.774999999999994898e-03
1.741666666666661549e-03
1.799999999999994747e-03
1.833333333333328095e-03
1.744444444444439093e-03
1.672222222222217091e-03
1.819444444444439290e-03
1.697222222222217157e-03
1.736111111111105811e-03
1.705555555555550657e-03
1.802777777777772074e-03
1.833333333333327661e-03
1.816666666666661312e-03
1.755555555555550137e-03
1.708333333333328418e-03
1.824999999999994378e-03
1.788888888888883703e-03
1.822222222222216834e-03
1.786111111111105942e-03
1.747222222222216854e-03
1.761111111111105876e-03
1.813888888888883551e-03
1.841666666666660944e-03
1.841666666666661161e-03
1.908333333333327858e-03
1.744444444444439093e-03
1.611111111111106350e-03
1.847222222222216466e-03
1.630555555555550894e-03
1.786111111111105725e-03
1.880555555555550032e-03
1.655555555555550526e-03
1.824999999999994595e-03
1.680555555555550374e-03
1.797222222222216986e-03
1.738888888888883788e-03
1.780555555555550420e-03
1.494444444444439956e-03
1.727777777777772528e-03
1.777777777777772876e-03
1.813888888888883551e-03
1.774999999999995115e-03
1.611111111111106567e-03
1.794444444444439225e-03
1.788888888888883486e-03
1.597222222222217762e-03
1.816666666666661096e-03
1.841666666666661161e-03
1.694444444444439396e-03
1.791666666666661464e-03
1.672222222222217091e-03
1.686111111111106330e-03
1.802777777777772291e-03
1.652777777777772981e-03
1.791666666666661464e-03
1.674999999999994852e-03
1.761111111111105876e-03
1.638888888888884177e-03
1.783333333333327964e-03
1.841666666666660944e-03
1.719444444444439462e-03
