5.246323529411747949e-04
5.731617647058805240e-04
6.003676470588216506e-04
5.996323529411745580e-04
6.117647058823509360e-04
6.349264705882333784e-04
6.227941176470568919e-04
6.297794117647038383e-04
6.702205882352919820e-04
6.466911764705862101e-04
6.459558823529391175e-04
6.580882352941154955e-04
6.845588235294095296e-04
6.713235294117625125e-04
6.669117647058801735e-04
6.654411764705860967e-04
6.647058823529390040e-04
6.856617647058801685e-04
6.897058823529389612e-04
7.363970588235271755e-04
6.749999999999978673e-04
7.102941176470564709e-04
7.080882352941153014e-04
6.772058823529390368e-04
6.988970588235271855e-04
7.128676470588211867e-04
6.886029411764684307e-04
6.845588235294095296e-04
7.033088235294095245e-04
7.069852941176447709e-04
7.323529411764682744e-04
7.194852941176446953e-04
7.264705882352917501e-04
7.113970588235271099e-04
7.191176470588212574e-04
7.334558823529388049e-04
7.235294117647034879e-04
7.529411764705858925e-04
7.040441176470565087e-04
7.143382352941154805e-04
7.327205882352918207e-04
7.316176470588211817e-04
7.345588235294093354e-04
7.481617647058798988e-04
7.275735294117624975e-04
7.437499999999976682e-04
7.312499999999977438e-04
7.246323529411741269e-04
7.573529411764681231e-04
7.544117647058798609e-04
7.194852941176446953e-04
7.676470588235269864e-04
7.235294117647035964e-04
7.562499999999974841e-04
7.253676470588213280e-04
7.444852941176446524e-04
7.503676470588210683e-04
7.099264705882330330e-04
7.363970588235270670e-04
7.305147058823505428e-04
7.621323529411741168e-04
7.488970588235270998e-04
7.720588235294092170e-04
7.511029411764681609e-04
7.404411764705859681e-04
7.330882352941153670e-04
7.595588235294092926e-04
7.606617647058799316e-04
7.224264705882329574e-04
7.691176470588211717e-04
7.551470588235269536e-04
7.419117647058799366e-04
7.529411764705857841e-04
7.459558823529387293e-04
7.238970588235270343e-04
7.323529411764681659e-04
7.805147058823503486e-04
7.536764705882328767e-04
7.650735294117621621e-04
7.356617647058800828e-04
7.496323529411741925e-04
7.555147058823506083e-04
7.680147058823504243e-04
7.022058823529388856e-04
7.415441176470563903e-04
7.654411764705858169e-04
7.466911764705859303e-04
7.452205882352917450e-04
7.426470588235270292e-04
7.503676470588210683e-04
7.191176470588212574e-04
7.481617647058798988e-04
7.536764705882329851e-04
7.224264705882329574e-04
7.639705882352916316e-04
7.470588235294093682e-04
7.573529411764681231e-04
7.738970588235269486e-04
7.360294117647035207e-04
7.555147058823504999e-04
7.551470588235270620e-04
7.488970588235269914e-04
7.724264705882327633e-04
7.591911764705857463e-04
7.128676470588211867e-04
7.408088235294095145e-04
7.716911764705856706e-04
7.713235294117623412e-04
7.327205882352917123e-04
7.558823529411740462e-04
7.573529411764681231e-04
7.485294117647034451e-04
7.595588235294092926e-04
7.702205882352917022e-04
7.658088235294092548e-04
7.088235294117623941e-04
7.599264705882328389e-04
7.400735294117623134e-04
7.529411764705857841e-04
7.481617647058800072e-04
7.378676470588211439e-04
7.477941176470563524e-04
7.448529411764681987e-04
7.569852941176445768e-04
6.867647058823508075e-04
7.459558823529388377e-04
7.643382352941151779e-04
7.591911764705858547e-04
7.551470588235269536e-04
7.661764705882328011e-04
7.599264705882329473e-04
7.794117647058799265e-04
7.408088235294095145e-04
7.470588235294094766e-04
7.738970588235269486e-04
7.389705882352916744e-04
7.841911764705857034e-04
7.617647058823505705e-04
7.205882352941153342e-04
7.724264705882328717e-04
7.415441176470564987e-04
7.647058823529387242e-04
7.691176470588210632e-04
7.323529411764681659e-04
7.279411764705859354e-04
7.492647058823505377e-04
7.547794117647034073e-04
7.591911764705857463e-04
7.533088235294094388e-04
7.485294117647034451e-04
7.455882352941152914e-04
7.308823529411740891e-04
7.639705882352917400e-04
7.448529411764683071e-04
7.477941176470563524e-04
7.518382352941153620e-04
7.485294117647035535e-04
7.496323529411739756e-04
7.658088235294092548e-04
7.422794117647035913e-04
7.419117647058800450e-04
7.676470588235268780e-04
7.382352941176446902e-04
7.463235294117622756e-04
7.441176470588212145e-04
7.356617647058799744e-04
7.687499999999975169e-04
7.448529411764683071e-04
7.522058823529387999e-04
7.610294117647033695e-04
7.727941176470563096e-04
7.606617647058798231e-04
7.165441176470565415e-04
7.499999999999975219e-04
7.466911764705859303e-04
7.334558823529389133e-04
7.632352941176445390e-04
7.555147058823504999e-04
7.536764705882329851e-04
7.522058823529386914e-04
7.422794117647034829e-04
7.496323529411739756e-04
7.466911764705859303e-04
7.650735294117621621e-04
7.216911764705859732e-04
7.602941176470563852e-04
7.441176470588211061e-04
7.551470588235269536e-04
7.610294117647034779e-04
7.749999999999975875e-04
7.591911764705858547e-04
7.492647058823505377e-04
7.720588235294092170e-04
7.367647058823506134e-04
7.573529411764681231e-04
7.433823529411740134e-04
7.511029411764682693e-04
7.805147058823504571e-04
7.143382352941153720e-04
7.444852941176446524e-04
7.507352941176446146e-04
7.683823529411740790e-04
7.305147058823506512e-04
7.363970588235271755e-04
7.632352941176445390e-04
7.327205882352917123e-04
7.731617647058798559e-04
7.562499999999975926e-04
7.580882352941153242e-04
7.352941176470564281e-04
7.470588235294093682e-04
7.584558823529387621e-04
7.231617647058800500e-04
7.345588235294094439e-04
7.628676470588209926e-04
7.341911764705860060e-04
7.602941176470564937e-04
7.735294117647035107e-04
7.540441176470563146e-04
7.573529411764681231e-04
7.533088235294094388e-04
7.599264705882329473e-04
7.492647058823505377e-04
7.051470588235271477e-04
7.419117647058800450e-04
7.514705882352918156e-04
7.378676470588211439e-04
7.433823529411741219e-04
7.485294117647034451e-04
7.768382352941152107e-04
7.705882352941151401e-04
7.430147058823506840e-04
7.452205882352918535e-04
7.720588235294092170e-04
7.540441176470565315e-04
7.209558823529389890e-04
7.499999999999976304e-04
7.297794117647036670e-04
7.621323529411741168e-04
7.404411764705859681e-04
7.665441176470563474e-04
7.316176470588212901e-04
7.816176470588209876e-04
7.636029411764681937e-04
7.525735294117622378e-04
7.511029411764681609e-04
7.411764705882329524e-04
7.540441176470563146e-04
7.437499999999976682e-04
7.764705882352916644e-04
7.529411764705858925e-04
7.393382352941153292e-04
7.761029411764681181e-04
7.522058823529386914e-04
7.268382352941152964e-04
7.408088235294094060e-04
7.746323529411739328e-04
7.371323529411741597e-04
7.316176470588212901e-04
7.327205882352918207e-04
7.665441176470564558e-04
7.349264705882328818e-04
7.514705882352918156e-04
7.533088235294094388e-04
7.716911764705856706e-04
7.713235294117622327e-04
7.481617647058800072e-04
7.775735294117623033e-04
7.694852941176445011e-04
7.488970588235269914e-04
7.566176470588211389e-04
7.466911764705859303e-04
7.621323529411741168e-04
7.356617647058799744e-04
7.588235294117622000e-04
7.544117647058798609e-04
7.235294117647035964e-04
7.345588235294093354e-04
7.488970588235270998e-04
7.202205882352917879e-04
7.463235294117623840e-04
7.433823529411740134e-04
7.455882352941152914e-04
7.529411764705858925e-04
7.507352941176446146e-04
7.665441176470563474e-04
7.503676470588210683e-04
7.661764705882328011e-04
7.540441176470565315e-04
7.621323529411740084e-04
7.514705882352917072e-04
7.882352941176446045e-04
7.474264705882329145e-04
7.720588235294093254e-04
7.338235294117623512e-04
7.360294117647036291e-04
7.636029411764681937e-04
7.529411764705857841e-04
7.290441176470564659e-04
7.621323529411741168e-04
7.588235294117622000e-04
7.371323529411740513e-04
7.430147058823506840e-04
7.441176470588212145e-04
7.577205882352916694e-04
7.466911764705858219e-04
7.426470588235271376e-04
7.834558823529387192e-04
7.860294117647034350e-04
7.551470588235269536e-04
7.132352941176448415e-04
7.334558823529389133e-04
7.415441176470564987e-04
7.386029411764683450e-04
7.378676470588211439e-04
7.551470588235270620e-04
7.533088235294094388e-04
7.433823529411740134e-04
7.683823529411739706e-04
7.470588235294094766e-04
7.481617647058800072e-04
7.555147058823504999e-04
7.297794117647036670e-04
7.632352941176446474e-04
7.485294117647034451e-04
7.294117647058800122e-04
7.643382352941151779e-04
7.327205882352918207e-04
7.562499999999975926e-04
7.547794117647034073e-04
7.930147058823504898e-04
7.477941176470564609e-04
7.411764705882328439e-04
7.658088235294093632e-04
7.643382352941151779e-04
7.430147058823505755e-04
7.643382352941151779e-04
7.426470588235270292e-04
7.643382352941152863e-04
7.624999999999976632e-04
7.466911764705858219e-04
7.419117647058800450e-04
7.669117647058798937e-04
7.525735294117623462e-04
7.584558823529387621e-04
7.194852941176446953e-04
7.705882352941152485e-04
7.705882352941152485e-04
7.477941176470564609e-04
7.349264705882329902e-04
7.591911764705857463e-04
7.823529411764680802e-04
7.441176470588211061e-04
7.669117647058800022e-04
7.477941176470564609e-04
7.507352941176446146e-04
7.514705882352918156e-04
7.323529411764682744e-04
7.466911764705858219e-04
7.198529411764682416e-04
7.742647058823504949e-04
7.338235294117623512e-04
7.514705882352917072e-04
7.562499999999974841e-04
7.650735294117622706e-04
7.452205882352917450e-04
7.827205882352916266e-04
7.382352941176446902e-04
7.367647058823506134e-04
7.356617647058800828e-04
7.511029411764682693e-04
7.496323529411739756e-04
7.176470588235270721e-04
7.536764705882329851e-04
7.294117647058800122e-04
7.474264705882330230e-04
7.187499999999977110e-04
7.738970588235269486e-04
7.569852941176445768e-04
7.518382352941153620e-04
7.555147058823504999e-04
7.525735294117623462e-04
7.455882352941152914e-04
7.540441176470565315e-04
7.503676470588210683e-04
7.599264705882329473e-04
7.786764705882327255e-04
7.819852941176445339e-04
7.705882352941151401e-04
7.613970588235269158e-04
7.411764705882328439e-04
7.702205882352917022e-04
7.389705882352917829e-04
7.231617647058801585e-04
7.606617647058798231e-04
7.764705882352915560e-04
7.797794117647033644e-04
7.356617647058799744e-04
7.352941176470565365e-04
7.536764705882329851e-04
7.595588235294094010e-04
7.591911764705857463e-04
7.437499999999975598e-04
7.400735294117623134e-04
7.580882352941153242e-04
7.672794117647033316e-04
7.610294117647033695e-04
7.525735294117622378e-04
7.415441176470563903e-04
7.731617647058799643e-04
7.665441176470564558e-04
7.448529411764681987e-04
7.672794117647034401e-04
7.411764705882329524e-04
7.547794117647034073e-04
7.503676470588210683e-04
7.529411764705857841e-04
7.514705882352917072e-04
7.624999999999976632e-04
7.268382352941152964e-04
7.481617647058800072e-04
7.731617647058799643e-04
7.397058823529387671e-04
7.573529411764681231e-04
7.301470588235271049e-04
7.400735294117623134e-04
7.507352941176447230e-04
7.558823529411741547e-04
7.477941176470563524e-04
7.547794117647035157e-04
7.522058823529386914e-04
7.433823529411741219e-04
7.577205882352916694e-04
7.242647058823506890e-04
7.588235294117623084e-04
7.558823529411740462e-04
7.610294117647033695e-04
7.294117647058800122e-04
7.205882352941153342e-04
7.352941176470564281e-04
7.323529411764681659e-04
7.580882352941152157e-04
7.566176470588210305e-04
7.591911764705858547e-04
7.716911764705856706e-04
7.507352941176447230e-04
7.558823529411741547e-04
7.422794117647035913e-04
7.525735294117622378e-04
7.536764705882328767e-04
7.224264705882330658e-04
7.448529411764683071e-04
7.628676470588209926e-04
7.669117647058800022e-04
7.161764705882329952e-04
7.654411764705858169e-04
7.591911764705857463e-04
7.676470588235269864e-04
7.356617647058800828e-04
7.948529411764681130e-04
7.522058823529387999e-04
7.397058823529388755e-04
7.588235294117622000e-04
7.588235294117623084e-04
7.474264705882329145e-04
7.716911764705856706e-04
7.665441176470563474e-04
7.430147058823506840e-04
7.577205882352917778e-04
7.687499999999976253e-04
7.529411764705858925e-04
7.661764705882329095e-04
7.746323529411739328e-04
7.378676470588211439e-04
7.474264705882330230e-04
7.477941176470563524e-04
7.705882352941152485e-04
7.797794117647033644e-04
7.698529411764680475e-04
7.441176470588211061e-04
7.463235294117623840e-04
7.216911764705859732e-04
7.334558823529388049e-04
7.569852941176445768e-04
7.356617647058799744e-04
7.647058823529388327e-04
7.937499999999974741e-04
7.389705882352916744e-04
7.602941176470564937e-04
7.227941176470565037e-04
7.529411764705858925e-04
7.378676470588212523e-04
7.312499999999976354e-04
7.492647058823506461e-04
7.834558823529387192e-04
7.415441176470563903e-04
7.636029411764680853e-04
7.477941176470563524e-04
7.507352941176446146e-04
7.503676470588211767e-04
7.669117647058800022e-04
7.422794117647035913e-04
7.922794117647033972e-04
7.647058823529387242e-04
7.220588235294094111e-04
7.485294117647034451e-04
7.455882352941151829e-04
7.591911764705857463e-04
7.602941176470564937e-04
7.522058823529386914e-04
7.691176470588210632e-04
7.529411764705858925e-04
7.235294117647034879e-04
7.356617647058800828e-04
7.459558823529388377e-04
7.301470588235271049e-04
7.580882352941152157e-04
7.610294117647033695e-04
7.573529411764682315e-04
7.389705882352917829e-04
7.632352941176445390e-04
7.628676470588211011e-04
7.224264705882329574e-04
7.647058823529387242e-04
7.547794117647035157e-04
7.555147058823506083e-04
7.555147058823504999e-04
7.536764705882328767e-04
7.437499999999975598e-04
7.518382352941151451e-04
7.389705882352916744e-04
7.691176470588210632e-04
7.433823529411741219e-04
7.654411764705857085e-04
7.283088235294093733e-04
7.172794117647035258e-04
7.529411764705857841e-04
7.382352941176446902e-04
7.580882352941153242e-04
7.264705882352917501e-04
7.481617647058798988e-04
7.680147058823504243e-04
7.330882352941153670e-04
7.470588235294094766e-04
7.507352941176446146e-04
7.558823529411741547e-04
7.705882352941152485e-04
7.518382352941153620e-04
7.691176470588210632e-04
7.786764705882327255e-04
7.680147058823504243e-04
7.680147058823505327e-04
7.621323529411740084e-04
7.492647058823506461e-04
7.580882352941153242e-04
7.555147058823506083e-04
7.742647058823504949e-04
7.558823529411740462e-04
7.522058823529386914e-04
7.481617647058798988e-04
7.591911764705857463e-04
7.455882352941152914e-04
7.709558823529386864e-04
7.485294117647034451e-04
7.492647058823505377e-04
7.647058823529387242e-04
7.363970588235270670e-04
7.632352941176446474e-04
7.231617647058800500e-04
7.915441176470563046e-04
7.408088235294095145e-04
7.558823529411740462e-04
7.672794117647033316e-04
7.459558823529387293e-04
7.588235294117622000e-04
7.698529411764680475e-04
7.430147058823506840e-04
7.683823529411740790e-04
7.658088235294092548e-04
7.555147058823504999e-04
7.613970588235269158e-04
7.136029411764683878e-04
7.676470588235268780e-04
7.187499999999977110e-04
7.617647058823505705e-04
7.430147058823505755e-04
8.036764705882326826e-04
7.669117647058798937e-04
7.444852941176447608e-04
7.507352941176447230e-04
7.426470588235270292e-04
7.624999999999976632e-04
7.183823529411741647e-04
7.647058823529387242e-04
7.261029411764682038e-04
7.654411764705858169e-04
7.540441176470565315e-04
7.459558823529387293e-04
7.610294117647033695e-04
7.849264705882327961e-04
7.661764705882328011e-04
7.345588235294093354e-04
7.683823529411739706e-04
7.209558823529388805e-04
7.514705882352917072e-04
7.757352941176446802e-04
7.595588235294092926e-04
7.672794117647033316e-04
7.294117647058800122e-04
7.610294117647033695e-04
7.382352941176447986e-04
7.643382352941152863e-04
7.404411764705858597e-04
7.496323529411739756e-04
7.617647058823504621e-04
7.672794117647034401e-04
7.643382352941152863e-04
7.485294117647034451e-04
7.709558823529387948e-04
7.808823529411740034e-04
7.488970588235270998e-04
7.797794117647034728e-04
7.415441176470563903e-04
7.643382352941151779e-04
7.584558823529387621e-04
7.386029411764683450e-04
7.338235294117624596e-04
7.205882352941153342e-04
7.654411764705857085e-04
7.761029411764680096e-04
7.555147058823506083e-04
7.897058823529386814e-04
7.661764705882329095e-04
7.444852941176447608e-04
7.533088235294094388e-04
7.459558823529387293e-04
7.371323529411741597e-04
7.158088235294094489e-04
7.650735294117622706e-04
7.430147058823506840e-04
7.713235294117622327e-04
7.687499999999975169e-04
7.783088235294091791e-04
7.367647058823505049e-04
7.349264705882328818e-04
7.459558823529387293e-04
7.415441176470564987e-04
7.455882352941152914e-04
7.459558823529388377e-04
7.569852941176446852e-04
7.488970588235270998e-04
7.481617647058798988e-04
7.665441176470564558e-04
7.753676470588210254e-04
7.386029411764682365e-04
7.408088235294094060e-04
7.404411764705859681e-04
7.584558823529387621e-04
7.352941176470564281e-04
7.529411764705857841e-04
7.536764705882329851e-04
7.683823529411740790e-04
7.408088235294094060e-04
7.860294117647034350e-04
7.437499999999975598e-04
7.323529411764682744e-04
7.610294117647034779e-04
7.871323529411739656e-04
7.264705882352918585e-04
7.257352941176446574e-04
7.437499999999976682e-04
7.194852941176448037e-04
7.481617647058800072e-04
7.808823529411740034e-04
7.404411764705858597e-04
7.558823529411741547e-04
7.481617647058798988e-04
7.422794117647034829e-04
7.602941176470563852e-04
7.238970588235270343e-04
7.658088235294093632e-04
7.544117647058798609e-04
7.290441176470564659e-04
7.562499999999975926e-04
7.341911764705860060e-04
7.488970588235269914e-04
7.647058823529387242e-04
7.345588235294094439e-04
7.496323529411739756e-04
7.316176470588212901e-04
7.437499999999976682e-04
7.378676470588212523e-04
7.529411764705857841e-04
7.808823529411738950e-04
7.301470588235269964e-04
7.488970588235269914e-04
7.444852941176447608e-04
7.503676470588211767e-04
7.389705882352917829e-04
7.308823529411740891e-04
7.419117647058800450e-04
7.647058823529387242e-04
7.419117647058800450e-04
7.588235294117623084e-04
7.411764705882329524e-04
7.676470588235269864e-04
7.621323529411741168e-04
7.492647058823505377e-04
7.783088235294092876e-04
7.705882352941151401e-04
7.279411764705858269e-04
7.569852941176445768e-04
7.382352941176447986e-04
7.452205882352917450e-04
7.573529411764681231e-04
7.408088235294095145e-04
7.356617647058799744e-04
7.856617647058798887e-04
7.658088235294092548e-04
7.713235294117622327e-04
7.455882352941151829e-04
7.360294117647036291e-04
7.360294117647036291e-04
7.272058823529388427e-04
7.628676470588211011e-04
7.437499999999976682e-04
7.242647058823505806e-04
7.562499999999974841e-04
7.735294117647035107e-04
7.227941176470565037e-04
7.433823529411740134e-04
7.477941176470564609e-04
7.602941176470564937e-04
7.422794117647034829e-04
7.794117647058798181e-04
7.650735294117621621e-04
7.422794117647034829e-04
7.308823529411740891e-04
7.345588235294094439e-04
7.397058823529387671e-04
7.735294117647035107e-04
7.702205882352917022e-04
7.536764705882328767e-04
7.290441176470564659e-04
7.834558823529387192e-04
7.356617647058799744e-04
7.503676470588210683e-04
7.551470588235269536e-04
7.551470588235269536e-04
7.312499999999976354e-04
7.327205882352917123e-04
7.279411764705859354e-04
7.448529411764681987e-04
7.374999999999977060e-04
7.404411764705859681e-04
7.617647058823504621e-04
7.643382352941151779e-04
7.415441176470563903e-04
7.408088235294095145e-04
7.694852941176446096e-04
7.544117647058799694e-04
7.382352941176446902e-04
7.330882352941152586e-04
7.452205882352917450e-04
7.628676470588209926e-04
7.393382352941152208e-04
7.709558823529386864e-04
7.624999999999976632e-04
7.577205882352917778e-04
7.419117647058799366e-04
7.577205882352916694e-04
7.654411764705857085e-04
7.415441176470563903e-04
7.643382352941152863e-04
7.613970588235270242e-04
7.246323529411742353e-04
7.658088235294092548e-04
7.624999999999975547e-04
7.488970588235270998e-04
7.176470588235271805e-04
7.459558823529387293e-04
7.595588235294094010e-04
7.830882352941151729e-04
7.290441176470564659e-04
7.676470588235269864e-04
7.477941176470564609e-04
7.485294117647035535e-04
7.595588235294094010e-04
7.580882352941153242e-04
7.374999999999977060e-04
7.555147058823504999e-04
7.691176470588210632e-04
7.371323529411740513e-04
7.297794117647036670e-04
7.334558823529389133e-04
7.316176470588211817e-04
7.430147058823505755e-04
7.588235294117623084e-04
7.764705882352916644e-04
7.249999999999976732e-04
7.665441176470564558e-04
7.555147058823504999e-04
7.463235294117623840e-04
7.628676470588211011e-04
7.374999999999975976e-04
7.591911764705857463e-04
7.477941176470564609e-04
7.389705882352917829e-04
7.334558823529388049e-04
7.779411764705858497e-04
7.727941176470563096e-04
7.632352941176446474e-04
7.209558823529388805e-04
7.514705882352917072e-04
7.430147058823505755e-04
7.602941176470564937e-04
7.529411764705858925e-04
7.749999999999975875e-04
7.742647058823504949e-04
7.279411764705859354e-04
7.499999999999975219e-04
7.187499999999978195e-04
7.437499999999975598e-04
7.283088235294093733e-04
7.389705882352916744e-04
7.474264705882330230e-04
7.257352941176447659e-04
7.525735294117623462e-04
7.474264705882330230e-04
7.371323529411741597e-04
7.272058823529388427e-04
7.433823529411740134e-04
7.474264705882329145e-04
7.595588235294094010e-04
7.742647058823504949e-04
7.433823529411740134e-04
7.492647058823506461e-04
7.448529411764681987e-04
7.227941176470565037e-04
7.360294117647035207e-04
7.511029411764681609e-04
7.691176470588211717e-04
7.382352941176447986e-04
7.430147058823505755e-04
7.378676470588211439e-04
7.496323529411739756e-04
7.264705882352918585e-04
7.463235294117623840e-04
7.466911764705858219e-04
7.720588235294093254e-04
7.628676470588209926e-04
7.713235294117622327e-04
7.496323529411741925e-04
7.536764705882328767e-04
7.330882352941153670e-04
7.433823529411741219e-04
7.731617647058798559e-04
7.569852941176446852e-04
7.319852941176447280e-04
7.356617647058799744e-04
7.746323529411739328e-04
7.283088235294094817e-04
7.606617647058798231e-04
7.290441176470565743e-04
7.856617647058797803e-04
7.459558823529388377e-04
7.613970588235270242e-04
7.327205882352918207e-04
7.595588235294094010e-04
7.466911764705859303e-04
7.805147058823504571e-04
7.525735294117622378e-04
7.382352941176446902e-04
7.573529411764681231e-04
7.499999999999975219e-04
7.389705882352916744e-04
7.422794117647034829e-04
7.632352941176446474e-04
7.227941176470565037e-04
7.536764705882329851e-04
7.558823529411741547e-04
7.338235294117623512e-04
7.161764705882329952e-04
7.371323529411740513e-04
7.558823529411741547e-04
7.632352941176446474e-04
7.341911764705858975e-04
7.628676470588209926e-04
7.544117647058798609e-04
7.588235294117623084e-04
7.794117647058799265e-04
7.716911764705857791e-04
7.393382352941153292e-04
7.669117647058798937e-04
7.191176470588211489e-04
7.566176470588211389e-04
7.522058823529387999e-04
7.511029411764682693e-04
7.911764705882328667e-04
7.308823529411740891e-04
7.558823529411741547e-04
7.599264705882328389e-04
7.452205882352917450e-04
7.503676470588210683e-04
7.430147058823505755e-04
7.463235294117623840e-04
7.470588235294093682e-04
7.551470588235270620e-04
7.852941176470563424e-04
7.441176470588211061e-04
7.474264705882329145e-04
7.419117647058799366e-04
7.595588235294094010e-04
7.419117647058799366e-04
7.525735294117622378e-04
7.485294117647035535e-04
7.352941176470564281e-04
7.264705882352917501e-04
7.378676470588212523e-04
7.786764705882327255e-04
7.242647058823505806e-04
7.514705882352918156e-04
7.988970588235269057e-04
7.764705882352916644e-04
7.867647058823505277e-04
7.617647058823504621e-04
7.305147058823506512e-04
7.363970588235270670e-04
7.562499999999974841e-04
7.558823529411740462e-04
7.496323529411739756e-04
7.227941176470566121e-04
7.474264705882330230e-04
7.249999999999976732e-04
7.691176470588210632e-04
7.238970588235270343e-04
7.713235294117622327e-04
7.349264705882328818e-04
7.665441176470563474e-04
7.411764705882329524e-04
7.408088235294094060e-04
7.632352941176445390e-04
7.474264705882330230e-04
7.522058823529387999e-04
7.496323529411741925e-04
7.558823529411740462e-04
7.507352941176447230e-04
7.338235294117624596e-04
7.426470588235270292e-04
7.573529411764682315e-04
7.444852941176446524e-04
7.643382352941152863e-04
7.455882352941152914e-04
7.709558823529386864e-04
7.441176470588212145e-04
7.511029411764682693e-04
7.323529411764682744e-04
7.540441176470563146e-04
7.272058823529389511e-04
7.529411764705857841e-04
7.735294117647035107e-04
7.470588235294093682e-04
7.613970588235269158e-04
7.448529411764681987e-04
7.415441176470563903e-04
7.547794117647034073e-04
7.536764705882329851e-04
7.544117647058798609e-04
7.452205882352917450e-04
7.669117647058800022e-04
7.536764705882328767e-04
7.680147058823505327e-04
7.360294117647036291e-04
7.720588235294093254e-04
7.797794117647034728e-04
7.441176470588211061e-04
7.389705882352916744e-04
7.312499999999977438e-04
7.650735294117621621e-04
7.713235294117623412e-04
7.294117647058800122e-04
7.808823529411740034e-04
7.481617647058800072e-04
7.374999999999977060e-04
7.408088235294094060e-04
7.551470588235269536e-04
7.606617647058799316e-04
7.709558823529387948e-04
7.834558823529387192e-04
7.499999999999976304e-04
7.397058823529387671e-04
7.452205882352918535e-04
7.378676470588211439e-04
7.779411764705858497e-04
7.874999999999975119e-04
7.455882352941151829e-04
7.463235294117623840e-04
7.562499999999975926e-04
7.658088235294093632e-04
7.349264705882328818e-04
7.904411764705857740e-04
8.033088235294092447e-04
8.783088235294090078e-04
9.470588235294087002e-04
9.624999999999968867e-04
1.000367647058820206e-03
1.057720588235293649e-03
1.100367647058824805e-03
1.141911764705884997e-03
1.256617647058830582e-03
1.254044117647066950e-03
1.329779411764714240e-03
1.372426470588247347e-03
1.428676470588247007e-03
1.508088235294129976e-03
1.469117647058837319e-03
1.580882352941192365e-03
1.622058823529427601e-03
1.654044117647075155e-03
1.652205882352957315e-03
1.692647058823546760e-03
1.749264705882371592e-03
1.794117647058842292e-03
1.798529411764722245e-03
1.795955882352958831e-03
1.822794117647076086e-03
1.933455882352964070e-03
1.893382352941199581e-03
1.940441176470607222e-03
2.041911764705905356e-03
1.991544117647078317e-03
2.050735294117667865e-03
2.078676470588257386e-03
2.097794117647081361e-03
2.068014705882375084e-03
2.100735294117672767e-03
2.138970588235315946e-03
2.154779411764727245e-03
2.221691176470614194e-03
2.213235294117669484e-03
2.253308823529432455e-03
2.248161764705906927e-03
2.234558823529433219e-03
2.263235294117672217e-03
2.247426470588256581e-03
2.245588235294143729e-03
2.258823529411787059e-03
2.256617647058849901e-03
2.307352941176494306e-03
2.315441176470611675e-03
2.304779411764731976e-03
2.306985294117668700e-03
2.323529411764730778e-03
2.326102941176492675e-03
2.338970588235315604e-03
2.380882352941201402e-03
2.328676470588261944e-03
2.317647058823553603e-03
2.356250000000023256e-03
2.302205882352967477e-03
2.381985294117669114e-03
2.437132352941202579e-03
2.404044117647081893e-03
2.411029411764731550e-03
2.326102941176497012e-03
2.358088235294143048e-03
2.360661764705910583e-03
2.363235294117666842e-03
2.382720588235322061e-03
2.405147058823555676e-03
2.415808823529437543e-03
2.417647058823549529e-03
2.425367647058846061e-03
2.438970588235318902e-03
2.445588235294142519e-03
2.440073529411790516e-03
2.434191176470611173e-03
2.439705882352965777e-03
2.438602941176492862e-03
2.463235294117669272e-03
2.450735294117671083e-03
2.438970588235319335e-03
2.427205882352964552e-03
2.424632352941198752e-03
2.413602941176494748e-03
2.472058823529437420e-03
2.461764705882375955e-03
2.414705882352965061e-03
2.481617647058848540e-03
2.506250000000026686e-03
2.429044117647079573e-03
2.452573529411787839e-03
2.486397058823551932e-03
2.415073529411791535e-03
2.441911764705908573e-03
2.484558823529436477e-03
2.458455882352965881e-03
2.454779411764732803e-03
2.486764705882374502e-03
2.521691176470612812e-03
2.399632352941200204e-03
2.164338235294140968e-03
1.962867647058843656e-03
1.861397058823549208e-03
1.646691176470605096e-03
1.592647058823545630e-03
1.461764705882365309e-03
1.378308823529423004e-03
1.287132352941184384e-03
1.301470588235304100e-03
1.145588235294120460e-03
1.097426470588237519e-03
1.108455882352943258e-03
1.005514705882350071e-03
9.713235294117615647e-04
9.246323529411735673e-04
8.816176470588207078e-04
8.878676470588206700e-04
8.463235294117619958e-04
8.525735294117618495e-04
8.029411764705856984e-04
8.077205882352914753e-04
7.999999999999975447e-04
7.709558823529387948e-04
7.694852941176445011e-04
7.764705882352916644e-04
7.095588235294094867e-04
6.944852941176448465e-04
6.724264705882331515e-04
6.687499999999979051e-04
6.911764705882330381e-04
6.709558823529389662e-04
6.783088235294095674e-04
6.544117647058803576e-04
6.378676470588215321e-04
6.378676470588216406e-04
6.382352941176449700e-04
6.345588235294097237e-04
6.499999999999980186e-04
6.338235294117626310e-04
6.033088235294098043e-04
6.209558823529392688e-04
6.220588235294097993e-04
6.286764705882333078e-04
6.095588235294098749e-04
6.257352941176450457e-04
6.069852941176451591e-04
6.158088235294099455e-04
6.084558823529392360e-04
5.966911764705862958e-04
5.871323529411746336e-04
5.996323529411745580e-04
5.985294117647040274e-04
6.040441176470568970e-04
5.966911764705862958e-04
5.812499999999981093e-04
5.797794117647040325e-04
5.838235294117628251e-04
5.911764705882334263e-04
5.871323529411746336e-04
5.889705882352922568e-04
5.922794117647039568e-04
6.106617647058804055e-04
5.665441176470570155e-04
5.801470588235275788e-04
5.911764705882334263e-04
5.900735294117627873e-04
5.897058823529393494e-04
5.772058823529393166e-04
5.713235294117629008e-04
5.698529411764688239e-04
6.036764705882333507e-04
5.761029411764687861e-04
5.845588235294099178e-04
5.871323529411746336e-04
5.753676470588216935e-04
5.584558823529394301e-04
5.838235294117628251e-04
5.830882352941158409e-04
5.889705882352922568e-04
5.849264705882334641e-04
5.768382352941157703e-04
5.823529411764687483e-04
5.529411764705864521e-04
5.889705882352922568e-04
5.647058823529393923e-04
5.966911764705862958e-04
6.007352941176453054e-04
5.952205882352923274e-04
5.639705882352922996e-04
5.665441176470570155e-04
5.650735294117629386e-04
5.886029411764687105e-04
5.963235294117628579e-04
5.963235294117628579e-04
5.408088235294100741e-04
5.742647058823511629e-04
5.992647058823510117e-04
5.841911764705863715e-04
5.816176470588216556e-04
5.724264705882334313e-04
5.805147058823511251e-04
5.860294117647039946e-04
5.580882352941158838e-04
5.713235294117629008e-04
5.801470588235275788e-04
5.602941176470570533e-04
5.944852941176451263e-04
6.040441176470568970e-04
5.786764705882335019e-04
5.639705882352922996e-04
5.941176470588217969e-04
5.974264705882333885e-04
5.746323529411746008e-04
5.948529411764686727e-04
5.819852941176452020e-04
6.003676470588216506e-04
5.727941176470569776e-04
5.999999999999981043e-04
5.970588235294098422e-04
5.904411764705863336e-04
5.981617647058804811e-04
5.834558823529392788e-04
5.783088235294099556e-04
6.007352941176451969e-04
5.749999999999981471e-04
6.069852941176451591e-04
5.749999999999981471e-04
6.069852941176451591e-04
5.904411764705863336e-04
6.147058823529391982e-04
6.095588235294098749e-04
6.007352941176451969e-04
6.117647058823509360e-04
5.794117647058804861e-04
6.080882352941156897e-04
6.007352941176451969e-04
5.871323529411747420e-04
6.040441176470568970e-04
5.823529411764687483e-04
6.029411764705863664e-04
6.286764705882333078e-04
5.808823529411746714e-04
6.117647058823509360e-04
6.202205882352921761e-04
5.805147058823512335e-04
5.871323529411746336e-04
5.963235294117628579e-04
6.176470588235274603e-04
5.863970588235275410e-04
5.727941176470569776e-04
5.908088235294098800e-04
5.966911764705862958e-04
6.069852941176451591e-04
6.029411764705863664e-04
5.904411764705863336e-04
5.941176470588216884e-04
6.110294117647039518e-04
6.191176470588215372e-04
6.007352941176451969e-04
6.165441176470568213e-04
5.919117647058805189e-04
5.830882352941158409e-04
5.941176470588216884e-04
5.823529411764687483e-04
6.147058823529391982e-04
6.044117647058804433e-04
6.198529411764686298e-04
6.069852941176451591e-04
6.249999999999979530e-04
5.941176470588216884e-04
5.981617647058804811e-04
6.132352941176451213e-04
5.893382352941158031e-04
6.352941176470568163e-04
5.911764705882334263e-04
6.198529411764686298e-04
5.911764705882334263e-04
6.275735294117626688e-04
6.139705882352921055e-04
5.959558823529393116e-04
6.216911764705862530e-04
6.029411764705863664e-04
6.088235294117627823e-04
6.095588235294098749e-04
5.944852941176451263e-04
6.165441176470568213e-04
6.080882352941156897e-04
5.985294117647040274e-04
5.952205882352922190e-04
6.283088235294097615e-04
5.886029411764687105e-04
6.231617647058803298e-04
6.341911764705861774e-04
6.194852941176450835e-04
6.066176470588216128e-04
6.033088235294098043e-04
6.124999999999980287e-04
6.264705882352921383e-04
6.029411764705863664e-04
6.261029411764685920e-04
5.878676470588216178e-04
5.955882352941157653e-04
6.150735294117627445e-04
6.018382352941157275e-04
6.220588235294097993e-04
5.981617647058804811e-04
5.941176470588216884e-04
6.400735294117627016e-04
6.110294117647039518e-04
6.169117647058803677e-04
6.165441176470568213e-04
6.172794117647039140e-04
5.992647058823510117e-04
6.106617647058804055e-04
6.286764705882333078e-04
5.955882352941157653e-04
6.150735294117627445e-04
6.128676470588215750e-04
6.386029411764685164e-04
6.073529411764687054e-04
6.297794117647038383e-04
6.411764705882332322e-04
6.047794117647039896e-04
5.963235294117628579e-04
6.102941176470568592e-04
6.305147058823509310e-04
6.117647058823509360e-04
6.117647058823509360e-04
6.124999999999981371e-04
6.408088235294096859e-04
5.985294117647041359e-04
6.367647058823510016e-04
6.091911764705863286e-04
6.018382352941157275e-04
5.963235294117628579e-04
6.088235294117627823e-04
6.117647058823509360e-04
6.246323529411745151e-04
6.338235294117626310e-04
6.283088235294097615e-04
6.275735294117626688e-04
6.102941176470568592e-04
6.452205882352920249e-04
6.349264705882332700e-04
6.290441176470568541e-04
6.363970588235273469e-04
6.319852941176450078e-04
6.279411764705862152e-04
6.470588235294096480e-04
6.566176470588214187e-04
6.415441176470567785e-04
6.124999999999980287e-04
6.014705882352921812e-04
6.378676470588216406e-04
6.415441176470567785e-04
6.062499999999980665e-04
6.279411764705863236e-04
6.058823529411745202e-04
6.312499999999980236e-04
6.349264705882332700e-04
6.330882352941156468e-04
6.040441176470568970e-04
6.334558823529391931e-04
6.400735294117628101e-04
6.573529411764685113e-04
6.242647058823509688e-04
6.308823529411744773e-04
6.213235294117628151e-04
6.312499999999980236e-04
6.400735294117627016e-04
6.275735294117626688e-04
6.536764705882331565e-04
6.235294117647039846e-04
6.297794117647038383e-04
6.371323529411744395e-04
6.389705882352920627e-04
6.286764705882334162e-04
6.323529411764685542e-04
6.143382352941156518e-04
6.205882352941156140e-04
6.397058823529391553e-04
6.558823529411743260e-04
6.246323529411746235e-04
6.319852941176450078e-04
6.051470588235275359e-04
6.411764705882332322e-04
6.044117647058804433e-04
6.466911764705862101e-04
6.257352941176450457e-04
6.610294117647037577e-04
6.286764705882333078e-04
6.477941176470567407e-04
6.205882352941156140e-04
6.477941176470568491e-04
6.301470588235273847e-04
6.238970588235274225e-04
6.647058823529390040e-04
6.393382352941156090e-04
6.676470588235273746e-04
6.275735294117626688e-04
6.459558823529391175e-04
6.191176470588215372e-04
6.349264705882332700e-04
6.367647058823508932e-04
6.268382352941157930e-04
6.588235294117625882e-04
6.235294117647038762e-04
6.378676470588215321e-04
6.433823529411744017e-04
6.275735294117626688e-04
6.720588235294096052e-04
6.290441176470568541e-04
6.665441176470566272e-04
6.433823529411744017e-04
6.477941176470567407e-04
6.327205882352921005e-04
6.525735294117626260e-04
6.397058823529391553e-04
6.437499999999979480e-04
6.411764705882332322e-04
6.408088235294097943e-04
6.477941176470567407e-04
6.577205882352919492e-04
6.397058823529391553e-04
6.319852941176450078e-04
6.665441176470567356e-04
6.209558823529391603e-04
6.474264705882331944e-04
6.216911764705862530e-04
6.393382352941156090e-04
6.481617647058802870e-04
6.507352941176450028e-04
6.488970588235274881e-04
6.294117647058802920e-04
6.580882352941154955e-04
6.316176470588214615e-04
6.599264705882333356e-04
6.525735294117626260e-04
6.474264705882331944e-04
6.389705882352920627e-04
6.341911764705861774e-04
6.374999999999979858e-04
6.838235294117625453e-04
6.393382352941156090e-04
6.496323529411743639e-04
6.757352941176448516e-04
6.588235294117625882e-04
6.242647058823509688e-04
6.742647058823507747e-04
6.691176470588213430e-04
6.547794117647039039e-04
6.584558823529390419e-04
6.238970588235274225e-04
6.371323529411744395e-04
6.455882352941155712e-04
6.694852941176448894e-04
6.624999999999978345e-04
6.529411764705862807e-04
6.216911764705862530e-04
6.591911764705861345e-04
6.536764705882332650e-04
6.724264705882331515e-04
6.319852941176450078e-04
6.415441176470567785e-04
6.371323529411744395e-04
6.426470588235273090e-04
6.522058823529390797e-04
6.411764705882332322e-04
6.455882352941155712e-04
6.334558823529391931e-04
6.569852941176449650e-04
6.617647058823509587e-04
6.547794117647037955e-04
6.566176470588214187e-04
6.529411764705862807e-04
6.448529411764684785e-04
6.286764705882333078e-04
6.555147058823508881e-04
6.624999999999978345e-04
6.386029411764685164e-04
6.551470588235273418e-04
6.658088235294097514e-04
6.584558823529391503e-04
6.305147058823509310e-04
6.330882352941156468e-04
6.573529411764685113e-04
6.503676470588214565e-04
6.356617647058803626e-04
6.705882352941155283e-04
6.580882352941154955e-04
6.492647058823508175e-04
6.389705882352920627e-04
6.533088235294098271e-04
6.514705882352920955e-04
6.775735294117624747e-04
6.636029411764684735e-04
6.511029411764685491e-04
6.812499999999978295e-04
6.562499999999978724e-04
