5.112745098039199292e-04
5.779411764705864093e-04
6.034313725490176531e-04
6.352941176470568163e-04
5.921568627450961081e-04
6.264705882352921383e-04
6.465686274509783614e-04
6.455882352941155712e-04
6.299019607843116871e-04
6.656862745098017942e-04
6.725490196078410003e-04
6.534313725490174590e-04
6.602941176470566650e-04
6.558823529411743260e-04
6.764705882352920526e-04
6.602941176470566650e-04
6.754901960784292624e-04
6.720588235294097136e-04
6.892156862745076745e-04
6.789215686274489197e-04
6.965686274509781672e-04
6.916666666666644332e-04
6.897058823529389612e-04
7.127450980392133380e-04
6.833333333333311502e-04
6.848039215686252271e-04
6.926470588235272233e-04
7.303921568627426940e-04
7.073529411764683172e-04
7.088235294117623941e-04
7.568627450980367280e-04
7.019607843137232964e-04
7.063725490196056354e-04
7.352941176470564281e-04
7.455882352941151829e-04
7.289215686274487255e-04
6.999999999999978245e-04
6.877450980392134892e-04
7.421568627450956341e-04
7.352941176470565365e-04
7.093137254901938976e-04
7.460784313725465780e-04
7.465686274509780816e-04
7.593137254901937035e-04
7.681372549019582730e-04
7.642156862745073291e-04
7.490196078431349486e-04
7.519607843137231023e-04
7.289215686274487255e-04
7.230392156862722013e-04
7.436274509803897110e-04
7.352941176470565365e-04
7.328431372548995610e-04
7.387254901960759769e-04
7.147058823529388099e-04
7.367647058823505049e-04
7.308823529411740891e-04
7.656862745098014060e-04
7.759803921568601609e-04
7.436274509803897110e-04
7.205882352941154426e-04
7.401960784313701622e-04
7.294117647058801206e-04
7.348039215686250330e-04
8.142156862745072434e-04
7.598039215686250986e-04
7.303921568627428024e-04
7.754901960784289826e-04
7.421568627450956341e-04
7.558823529411741547e-04
7.499999999999975219e-04
7.622549019607818572e-04
7.661764705882329095e-04
7.387254901960759769e-04
7.573529411764681231e-04
7.377450980392132951e-04
7.588235294117623084e-04
7.602941176470563852e-04
7.465686274509779731e-04
7.313725490196054842e-04
7.289215686274487255e-04
7.480392156862721584e-04
7.749999999999975875e-04
7.598039215686249901e-04
7.852941176470563424e-04
7.274509803921545403e-04
7.450980392156838963e-04
7.696078431372524583e-04
7.441176470588211061e-04
7.499999999999975219e-04
7.485294117647035535e-04
7.642156862745074376e-04
7.490196078431349486e-04
7.598039215686250986e-04
7.328431372548996695e-04
7.568627450980368364e-04
7.264705882352917501e-04
7.274509803921545403e-04
7.318627450980369877e-04
7.289215686274486171e-04
7.490196078431348402e-04
7.225490196078408062e-04
7.696078431372524583e-04
7.563725490196053329e-04
7.578431372548995182e-04
7.598039215686250986e-04
7.338235294117624596e-04
7.406862745098015573e-04
7.583333333333310217e-04
7.794117647058799265e-04
7.553921568627426511e-04
7.666666666666641962e-04
7.499999999999975219e-04
7.549019607843112560e-04
7.362745098039192183e-04
7.436274509803897110e-04
7.446078431372525012e-04
7.612745098039191754e-04
7.284313725490172220e-04
7.813725490196052901e-04
7.318627450980368793e-04
7.357843137254878232e-04
7.220588235294094111e-04
7.593137254901937035e-04
7.382352941176446902e-04
7.171568627450957854e-04
7.549019607843112560e-04
7.431372549019584243e-04
7.490196078431348402e-04
7.401960784313702706e-04
7.426470588235270292e-04
7.769607843137229511e-04
7.431372549019583159e-04
8.029411764705855900e-04
7.088235294117623941e-04
7.397058823529387671e-04
7.499999999999975219e-04
7.450980392156840047e-04
7.230392156862722013e-04
7.441176470588212145e-04
7.838235294117621571e-04
7.480392156862720500e-04
7.446078431372525012e-04
7.475490196078407633e-04
7.480392156862721584e-04
7.676470588235269864e-04
7.426470588235270292e-04
7.745098039215661924e-04
7.470588235294094766e-04
7.303921568627426940e-04
7.323529411764681659e-04
7.210784313725467293e-04
7.470588235294093682e-04
7.593137254901935950e-04
7.563725490196053329e-04
7.397058823529387671e-04
7.774509803921543461e-04
7.553921568627427596e-04
7.514705882352917072e-04
7.490196078431349486e-04
7.499999999999976304e-04
7.519607843137229939e-04
7.759803921568601609e-04
7.514705882352918156e-04
7.480392156862720500e-04
7.455882352941151829e-04
7.470588235294093682e-04
7.348039215686250330e-04
7.460784313725465780e-04
7.544117647058799694e-04
7.343137254901938547e-04
7.455882352941151829e-04
7.338235294117623512e-04
7.617647058823504621e-04
7.617647058823504621e-04
7.225490196078408062e-04
7.877450980392132094e-04
7.563725490196053329e-04
7.700980392156838534e-04
7.495098039215662353e-04
7.504901960784290255e-04
7.539215686274486827e-04
7.387254901960761937e-04
7.568627450980368364e-04
7.671568627450954829e-04
7.764705882352916644e-04
7.397058823529388755e-04
7.549019607843112560e-04
7.593137254901937035e-04
7.397058823529388755e-04
7.686274509803897766e-04
7.602941176470563852e-04
7.558823529411740462e-04
7.475490196078406549e-04
7.686274509803896681e-04
7.558823529411740462e-04
7.656862745098015144e-04
7.892156862745072863e-04
7.769607843137229511e-04
7.441176470588212145e-04
7.651960784313701193e-04
7.269607843137232536e-04
7.196078431372525440e-04
7.764705882352916644e-04
7.612745098039190670e-04
7.637254901960759340e-04
7.392156862745074804e-04
7.803921568627426083e-04
7.622549019607818572e-04
7.377450980392132951e-04
7.377450980392132951e-04
7.769607843137230595e-04
7.181372549019584672e-04
7.294117647058801206e-04
7.495098039215663437e-04
7.696078431372523499e-04
7.524509803921544974e-04
7.558823529411740462e-04
7.259803921568604634e-04
7.382352941176447986e-04
7.299019607843114073e-04
7.588235294117623084e-04
7.583333333333309133e-04
7.269607843137231452e-04
7.553921568627427596e-04
7.705882352941151401e-04
7.382352941176446902e-04
7.676470588235269864e-04
7.078431372548998207e-04
7.588235294117622000e-04
7.411764705882328439e-04
7.343137254901936379e-04
7.480392156862720500e-04
7.284313725490172220e-04
7.642156862745074376e-04
7.397058823529388755e-04
6.946078431372526953e-04
7.367647058823505049e-04
7.333333333333309561e-04
7.269607843137231452e-04
7.593137254901935950e-04
7.475490196078406549e-04
7.568627450980367280e-04
7.563725490196053329e-04
7.745098039215660840e-04
7.196078431372525440e-04
7.529411764705857841e-04
7.681372549019582730e-04
7.156862745098016001e-04
7.235294117647034879e-04
7.490196078431348402e-04
7.397058823529387671e-04
7.607843137254877803e-04
7.588235294117623084e-04
7.328431372548995610e-04
7.514705882352918156e-04
7.416666666666642390e-04
7.401960784313701622e-04
7.769607843137230595e-04
7.264705882352917501e-04
7.220588235294095195e-04
7.299019607843114073e-04
7.460784313725465780e-04
7.465686274509780816e-04
7.465686274509779731e-04
7.406862745098015573e-04
7.465686274509779731e-04
7.338235294117623512e-04
7.446078431372525012e-04
7.367647058823506134e-04
7.524509803921544974e-04
7.107843137254878660e-04
7.715686274509779303e-04
7.509803921568603121e-04
7.588235294117623084e-04
7.622549019607819656e-04
7.749999999999974791e-04
7.401960784313701622e-04
7.264705882352917501e-04
7.514705882352917072e-04
7.710784313725465352e-04
7.852941176470562340e-04
7.450980392156840047e-04
7.225490196078409146e-04
7.205882352941153342e-04
7.132352941176447331e-04
6.965686274509781672e-04
7.710784313725466436e-04
7.495098039215663437e-04
7.274509803921545403e-04
7.421568627450956341e-04
7.563725490196054413e-04
7.578431372548996266e-04
7.289215686274486171e-04
7.460784313725465780e-04
7.539215686274485743e-04
7.607843137254876719e-04
7.632352941176446474e-04
7.504901960784290255e-04
7.568627450980368364e-04
7.450980392156840047e-04
7.549019607843112560e-04
7.740196078431346889e-04
7.343137254901938547e-04
7.289215686274487255e-04
7.495098039215662353e-04
7.102941176470564709e-04
7.593137254901937035e-04
7.303921568627428024e-04
7.196078431372525440e-04
7.436274509803897110e-04
7.318627450980368793e-04
7.490196078431348402e-04
7.549019607843112560e-04
7.544117647058799694e-04
7.171568627450956770e-04
7.764705882352915560e-04
7.671568627450956997e-04
7.754901960784288742e-04
7.323529411764681659e-04
7.181372549019585756e-04
7.362745098039192183e-04
7.490196078431349486e-04
7.372549019607819000e-04
7.299019607843115157e-04
7.686274509803896681e-04
7.661764705882328011e-04
7.617647058823504621e-04
7.676470588235269864e-04
7.774509803921544546e-04
7.460784313725466865e-04
7.490196078431348402e-04
7.465686274509779731e-04
7.269607843137232536e-04
7.877450980392131010e-04
7.735294117647034022e-04
7.553921568627426511e-04
7.460784313725465780e-04
7.553921568627427596e-04
7.338235294117623512e-04
7.524509803921544974e-04
8.009803921568602264e-04
7.642156862745074376e-04
7.573529411764682315e-04
7.421568627450957426e-04
7.534313725490171792e-04
7.740196078431346889e-04
7.504901960784289170e-04
7.661764705882329095e-04
7.348039215686251414e-04
7.323529411764681659e-04
7.406862745098016657e-04
7.666666666666643046e-04
7.269607843137232536e-04
7.377450980392132951e-04
7.382352941176447986e-04
7.142156862745075233e-04
7.470588235294093682e-04
7.284313725490173305e-04
7.299019607843114073e-04
7.338235294117623512e-04
7.338235294117623512e-04
7.352941176470565365e-04
7.352941176470564281e-04
7.279411764705858269e-04
7.343137254901938547e-04
7.460784313725466865e-04
7.848039215686248389e-04
7.700980392156838534e-04
7.602941176470563852e-04
7.612745098039190670e-04
7.573529411764681231e-04
7.529411764705857841e-04
7.813725490196053985e-04
7.671568627450956997e-04
7.465686274509780816e-04
7.465686274509779731e-04
7.676470588235268780e-04
7.632352941176446474e-04
7.465686274509779731e-04
7.431372549019583159e-04
7.436274509803898194e-04
7.132352941176447331e-04
7.534313725490172876e-04
7.058823529411741319e-04
7.568627450980368364e-04
7.558823529411740462e-04
7.671568627450954829e-04
7.230392156862723097e-04
7.612745098039191754e-04
7.406862745098015573e-04
7.656862745098014060e-04
7.431372549019583159e-04
7.406862745098015573e-04
7.578431372548996266e-04
7.455882352941152914e-04
7.348039215686250330e-04
7.519607843137229939e-04
7.470588235294093682e-04
7.769607843137230595e-04
7.460784313725465780e-04
7.857843137254876291e-04
7.406862745098015573e-04
7.377450980392134035e-04
7.627450980392132523e-04
7.357843137254878232e-04
7.632352941176445390e-04
7.196078431372525440e-04
7.416666666666642390e-04
7.671568627450954829e-04
7.196078431372525440e-04
7.230392156862722013e-04
7.813725490196052901e-04
7.784313725490170279e-04
7.588235294117623084e-04
7.191176470588212574e-04
7.509803921568604206e-04
7.558823529411740462e-04
7.313725490196054842e-04
7.406862745098015573e-04
7.696078431372524583e-04
7.529411764705857841e-04
7.544117647058798609e-04
7.813725490196053985e-04
7.455882352941152914e-04
7.308823529411740891e-04
7.338235294117624596e-04
7.813725490196053985e-04
7.401960784313701622e-04
7.299019607843114073e-04
7.759803921568601609e-04
7.651960784313701193e-04
7.764705882352916644e-04
7.676470588235268780e-04
7.357843137254879316e-04
7.553921568627427596e-04
7.372549019607819000e-04
7.480392156862721584e-04
7.397058823529387671e-04
7.656862745098014060e-04
7.357843137254878232e-04
7.480392156862720500e-04
7.563725490196054413e-04
7.318627450980368793e-04
7.382352941176446902e-04
7.588235294117622000e-04
7.387254901960759769e-04
7.696078431372523499e-04
7.504901960784290255e-04
7.563725490196053329e-04
7.308823529411740891e-04
7.137254901960762366e-04
7.299019607843115157e-04
7.362745098039193267e-04
7.735294117647035107e-04
7.372549019607819000e-04
7.607843137254876719e-04
7.593137254901937035e-04
7.299019607843114073e-04
7.514705882352917072e-04
7.529411764705858925e-04
7.950980392156838106e-04
7.661764705882328011e-04
7.392156862745073720e-04
7.622549019607819656e-04
7.318627450980368793e-04
7.499999999999976304e-04
7.504901960784289170e-04
7.406862745098015573e-04
7.485294117647035535e-04
7.382352941176446902e-04
7.450980392156838963e-04
7.549019607843113645e-04
7.897058823529385730e-04
7.338235294117624596e-04
7.372549019607819000e-04
7.612745098039191754e-04
7.343137254901936379e-04
7.534313725490172876e-04
7.357843137254879316e-04
7.259803921568604634e-04
7.230392156862722013e-04
7.308823529411740891e-04
7.357843137254878232e-04
7.200980392156840475e-04
7.519607843137229939e-04
7.499999999999975219e-04
7.308823529411740891e-04
7.612745098039191754e-04
7.004901960784291112e-04
7.499999999999975219e-04
7.725490196078407205e-04
7.622549019607819656e-04
7.205882352941153342e-04
7.205882352941153342e-04
7.338235294117623512e-04
7.215686274509780160e-04
7.568627450980367280e-04
7.602941176470563852e-04
7.416666666666642390e-04
7.504901960784289170e-04
7.666666666666643046e-04
7.632352941176445390e-04
8.024509803921543033e-04
7.519607843137229939e-04
7.568627450980368364e-04
7.397058823529388755e-04
7.602941176470563852e-04
7.490196078431348402e-04
7.387254901960759769e-04
7.794117647058798181e-04
7.392156862745073720e-04
7.539215686274485743e-04
7.318627450980369877e-04
7.563725490196053329e-04
7.627450980392133607e-04
7.686274509803896681e-04
7.509803921568603121e-04
7.470588235294093682e-04
7.264705882352917501e-04
7.343137254901936379e-04
7.558823529411740462e-04
7.299019607843115157e-04
7.696078431372524583e-04
7.299019607843114073e-04
7.455882352941151829e-04
7.426470588235270292e-04
7.264705882352917501e-04
7.147058823529388099e-04
7.470588235294094766e-04
7.156862745098016001e-04
7.107843137254878660e-04
7.627450980392132523e-04
7.578431372548995182e-04
7.843137254901936606e-04
7.823529411764681887e-04
7.352941176470564281e-04
7.176470588235270721e-04
7.686274509803897766e-04
7.426470588235270292e-04
7.784313725490170279e-04
7.362745098039192183e-04
7.598039215686250986e-04
7.215686274509780160e-04
7.323529411764681659e-04
7.578431372548996266e-04
7.558823529411740462e-04
7.509803921568603121e-04
7.676470588235269864e-04
7.210784313725468377e-04
7.225490196078408062e-04
7.676470588235269864e-04
7.299019607843115157e-04
7.313725490196054842e-04
7.485294117647035535e-04
7.857843137254877375e-04
7.455882352941151829e-04
7.705882352941151401e-04
7.348039215686250330e-04
7.264705882352917501e-04
7.602941176470563852e-04
7.573529411764681231e-04
7.715686274509779303e-04
7.495098039215663437e-04
7.333333333333309561e-04
7.279411764705858269e-04
7.220588235294095195e-04
7.210784313725467293e-04
7.460784313725465780e-04
7.387254901960761937e-04
7.186274509803898623e-04
7.578431372548995182e-04
7.377450980392132951e-04
7.627450980392132523e-04
7.254901960784291767e-04
7.602941176470564937e-04
7.642156862745074376e-04
7.647058823529387242e-04
7.063725490196055270e-04
7.617647058823504621e-04
7.759803921568602693e-04
7.642156862745074376e-04
7.387254901960761937e-04
7.362745098039193267e-04
7.269607843137232536e-04
7.416666666666643475e-04
7.681372549019582730e-04
7.573529411764681231e-04
7.490196078431349486e-04
7.499999999999975219e-04
7.593137254901935950e-04
7.529411764705858925e-04
7.274509803921545403e-04
7.715686274509778219e-04
7.215686274509780160e-04
7.504901960784289170e-04
7.254901960784290683e-04
7.480392156862721584e-04
7.705882352941151401e-04
7.431372549019583159e-04
7.607843137254876719e-04
7.333333333333309561e-04
7.382352941176446902e-04
7.480392156862721584e-04
7.676470588235269864e-04
7.686274509803897766e-04
7.651960784313700109e-04
7.475490196078406549e-04
7.063725490196056354e-04
7.730392156862721156e-04
7.499999999999975219e-04
7.710784313725466436e-04
7.362745098039193267e-04
7.495098039215662353e-04
7.534313725490172876e-04
7.465686274509780816e-04
7.161764705882329952e-04
7.656862745098014060e-04
7.799019607843112132e-04
7.676470588235269864e-04
7.499999999999975219e-04
7.828431372548993669e-04
7.426470588235271376e-04
7.499999999999976304e-04
7.446078431372525012e-04
7.446078431372525012e-04
7.568627450980367280e-04
7.529411764705857841e-04
7.578431372548996266e-04
7.372549019607819000e-04
7.343137254901936379e-04
7.583333333333310217e-04
7.740196078431347973e-04
7.254901960784290683e-04
7.421568627450956341e-04
7.642156862745073291e-04
7.637254901960759340e-04
7.450980392156838963e-04
7.450980392156838963e-04
7.651960784313700109e-04
7.730392156862720071e-04
7.367647058823505049e-04
7.254901960784290683e-04
7.176470588235270721e-04
7.313725490196054842e-04
7.343137254901936379e-04
7.803921568627424999e-04
7.833333333333307620e-04
7.661764705882328011e-04
7.397058823529388755e-04
7.485294117647034451e-04
7.465686274509780816e-04
7.568627450980368364e-04
7.568627450980368364e-04
7.583333333333309133e-04
7.367647058823505049e-04
7.480392156862721584e-04
7.617647058823505705e-04
7.588235294117622000e-04
7.455882352941152914e-04
7.475490196078407633e-04
7.485294117647034451e-04
7.499999999999976304e-04
7.568627450980368364e-04
7.397058823529388755e-04
7.524509803921543890e-04
7.259803921568603550e-04
7.490196078431348402e-04
7.098039215686251843e-04
7.215686274509781244e-04
7.401960784313701622e-04
7.421568627450956341e-04
7.460784313725465780e-04
7.289215686274487255e-04
7.450980392156840047e-04
7.303921568627426940e-04
7.441176470588211061e-04
7.632352941176445390e-04
7.803921568627424999e-04
7.460784313725465780e-04
7.715686274509778219e-04
7.745098039215661924e-04
7.348039215686250330e-04
7.671568627450956997e-04
7.637254901960760425e-04
7.318627450980369877e-04
7.578431372548996266e-04
7.691176470588211717e-04
7.490196078431348402e-04
7.264705882352918585e-04
7.656862745098015144e-04
7.509803921568603121e-04
7.838235294117621571e-04
7.289215686274487255e-04
7.553921568627426511e-04
7.632352941176446474e-04
7.823529411764680802e-04
7.651960784313701193e-04
7.436274509803897110e-04
7.642156862745074376e-04
7.303921568627428024e-04
7.666666666666641962e-04
7.044117647058800551e-04
7.740196078431346889e-04
7.357843137254878232e-04
7.642156862745073291e-04
7.671568627450956997e-04
7.534313725490171792e-04
7.617647058823504621e-04
7.696078431372524583e-04
7.362745098039192183e-04
7.426470588235270292e-04
7.686274509803897766e-04
7.784313725490170279e-04
6.980392156862722441e-04
7.617647058823504621e-04
7.524509803921543890e-04
7.323529411764681659e-04
7.622549019607818572e-04
7.421568627450957426e-04
7.779411764705858497e-04
7.573529411764681231e-04
7.191176470588211489e-04
7.465686274509779731e-04
7.352941176470565365e-04
7.632352941176446474e-04
7.671568627450954829e-04
7.642156862745074376e-04
7.392156862745073720e-04
7.558823529411740462e-04
7.808823529411738950e-04
7.607843137254876719e-04
7.598039215686250986e-04
7.539215686274485743e-04
7.686274509803896681e-04
7.622549019607818572e-04
7.656862745098014060e-04
7.348039215686250330e-04
7.539215686274485743e-04
7.313725490196054842e-04
7.348039215686251414e-04
7.352941176470564281e-04
7.362745098039193267e-04
7.490196078431349486e-04
7.715686274509778219e-04
7.838235294117622655e-04
7.598039215686250986e-04
7.578431372548995182e-04
7.446078431372525012e-04
7.411764705882328439e-04
7.686274509803896681e-04
7.514705882352918156e-04
7.063725490196055270e-04
7.720588235294093254e-04
6.999999999999977161e-04
7.544117647058798609e-04
7.470588235294094766e-04
7.470588235294094766e-04
7.691176470588210632e-04
7.544117647058798609e-04
7.573529411764681231e-04
7.799019607843112132e-04
7.196078431372526524e-04
7.372549019607820085e-04
7.642156862745074376e-04
7.200980392156840475e-04
7.524509803921543890e-04
7.470588235294094766e-04
7.485294117647034451e-04
7.485294117647034451e-04
7.627450980392133607e-04
7.749999999999974791e-04
7.406862745098015573e-04
7.490196078431349486e-04
7.485294117647035535e-04
7.666666666666641962e-04
7.485294117647034451e-04
7.509803921568604206e-04
7.843137254901935522e-04
7.460784313725465780e-04
7.274509803921545403e-04
7.254901960784291767e-04
7.617647058823505705e-04
7.808823529411740034e-04
7.191176470588211489e-04
7.725490196078407205e-04
7.465686274509779731e-04
7.073529411764683172e-04
7.602941176470563852e-04
7.210784313725467293e-04
7.485294117647035535e-04
7.102941176470565793e-04
7.357843137254878232e-04
7.470588235294094766e-04
7.259803921568603550e-04
7.583333333333310217e-04
7.318627450980368793e-04
7.544117647058798609e-04
7.700980392156838534e-04
7.343137254901936379e-04
7.269607843137231452e-04
7.073529411764683172e-04
7.274509803921546487e-04
7.441176470588212145e-04
7.348039215686250330e-04
7.450980392156840047e-04
7.681372549019582730e-04
7.622549019607818572e-04
7.289215686274486171e-04
7.632352941176446474e-04
7.357843137254878232e-04
7.372549019607819000e-04
7.147058823529388099e-04
7.534313725490171792e-04
7.544117647058798609e-04
7.637254901960760425e-04
7.367647058823505049e-04
7.730392156862720071e-04
7.039215686274486600e-04
7.460784313725465780e-04
7.779411764705857412e-04
7.196078431372525440e-04
7.446078431372525012e-04
7.730392156862720071e-04
7.916666666666641533e-04
7.470588235294093682e-04
7.941176470588210204e-04
7.480392156862720500e-04
7.720588235294093254e-04
7.210784313725468377e-04
7.387254901960759769e-04
7.612745098039190670e-04
7.279411764705859354e-04
7.651960784313700109e-04
7.416666666666643475e-04
7.661764705882328011e-04
7.563725490196053329e-04
7.563725490196053329e-04
7.691176470588211717e-04
7.269607843137231452e-04
7.411764705882328439e-04
7.544117647058799694e-04
7.524509803921543890e-04
7.759803921568602693e-04
7.593137254901935950e-04
7.156862745098016001e-04
7.671568627450956997e-04
7.460784313725466865e-04
7.352941176470565365e-04
7.426470588235270292e-04
7.200980392156840475e-04
7.524509803921544974e-04
7.245098039215662781e-04
7.602941176470563852e-04
7.794117647058798181e-04
7.656862745098014060e-04
7.485294117647034451e-04
7.568627450980367280e-04
7.377450980392132951e-04
7.450980392156840047e-04
7.416666666666642390e-04
7.499999999999976304e-04
7.602941176470564937e-04
7.514705882352918156e-04
7.274509803921545403e-04
7.602941176470564937e-04
7.666666666666641962e-04
7.524509803921544974e-04
7.598039215686250986e-04
7.671568627450956997e-04
7.578431372548996266e-04
7.455882352941151829e-04
7.823529411764680802e-04
7.602941176470564937e-04
7.803921568627426083e-04
7.323529411764681659e-04
7.549019607843112560e-04
7.284313725490173305e-04
7.088235294117623941e-04
7.436274509803898194e-04
7.960784313725463839e-04
7.705882352941152485e-04
6.980392156862722441e-04
7.367647058823506134e-04
7.573529411764682315e-04
7.299019607843114073e-04
7.715686274509778219e-04
7.446078431372525012e-04
7.485294117647035535e-04
7.504901960784289170e-04
7.343137254901938547e-04
7.313725490196055926e-04
7.754901960784288742e-04
7.446078431372525012e-04
7.441176470588211061e-04
7.372549019607820085e-04
7.509803921568604206e-04
7.480392156862721584e-04
7.220588235294094111e-04
7.441176470588211061e-04
7.431372549019583159e-04
7.857843137254876291e-04
7.524509803921544974e-04
7.857843137254877375e-04
7.397058823529387671e-04
7.147058823529388099e-04
7.725490196078406121e-04
7.838235294117622655e-04
7.235294117647034879e-04
7.705882352941151401e-04
7.583333333333309133e-04
7.563725490196054413e-04
7.377450980392134035e-04
7.617647058823504621e-04
7.230392156862722013e-04
7.549019607843112560e-04
7.642156862745073291e-04
7.372549019607819000e-04
7.568627450980367280e-04
7.357843137254878232e-04
7.397058823529388755e-04
7.544117647058799694e-04
7.475490196078406549e-04
7.338235294117623512e-04
7.387254901960761937e-04
8.024509803921543033e-04
7.676470588235269864e-04
7.210784313725467293e-04
7.431372549019584243e-04
7.269607843137231452e-04
7.759803921568601609e-04
7.676470588235269864e-04
7.720588235294093254e-04
7.480392156862721584e-04
7.833333333333308704e-04
7.617647058823505705e-04
7.627450980392132523e-04
7.377450980392134035e-04
7.367647058823505049e-04
7.470588235294093682e-04
7.465686274509779731e-04
7.367647058823505049e-04
7.475490196078406549e-04
7.686274509803897766e-04
7.602941176470564937e-04
7.465686274509779731e-04
7.127450980392134464e-04
7.593137254901937035e-04
7.632352941176446474e-04
7.602941176470563852e-04
7.705882352941151401e-04
7.196078431372525440e-04
7.642156862745073291e-04
7.524509803921543890e-04
7.598039215686249901e-04
7.377450980392132951e-04
7.313725490196055926e-04
7.279411764705858269e-04
7.720588235294092170e-04
7.852941176470562340e-04
7.480392156862720500e-04
7.691176470588210632e-04
7.588235294117622000e-04
7.284313725490172220e-04
7.387254901960759769e-04
7.803921568627424999e-04
7.607843137254876719e-04
7.573529411764681231e-04
7.627450980392132523e-04
7.588235294117622000e-04
7.259803921568603550e-04
7.583333333333310217e-04
7.450980392156840047e-04
7.196078431372525440e-04
7.289215686274486171e-04
7.156862745098016001e-04
7.333333333333309561e-04
7.696078431372524583e-04
7.593137254901935950e-04
7.504901960784289170e-04
7.147058823529388099e-04
7.558823529411741547e-04
7.676470588235269864e-04
7.397058823529387671e-04
7.519607843137229939e-04
7.107843137254879744e-04
7.509803921568604206e-04
7.093137254901937892e-04
7.637254901960759340e-04
7.828431372548994753e-04
7.735294117647035107e-04
7.475490196078407633e-04
7.720588235294093254e-04
7.598039215686249901e-04
7.612745098039190670e-04
7.622549019607819656e-04
7.686274509803897766e-04
7.392156862745074804e-04
7.392156862745074804e-04
7.343137254901936379e-04
7.754901960784289826e-04
8.269607843137228654e-04
8.769607843137226712e-04
9.284313725490166624e-04
1.053921568627447626e-03
1.040196078431369214e-03
1.072058823529408378e-03
1.107843137254898485e-03
1.174509803921564965e-03
1.185294117647055006e-03
1.198529411764702023e-03
1.225490196078427452e-03
1.236274509803917711e-03
1.242647058823525413e-03
1.290196078431368352e-03
1.354901960784309252e-03
1.370098039215681849e-03
1.380392156862740713e-03
1.349019607843132944e-03
1.409803921568622900e-03
1.445588235294113007e-03
1.420588235294112942e-03
1.477941176470583349e-03
1.472058823529407041e-03
1.494117647058818736e-03
1.479901960784308929e-03
1.477941176470583349e-03
1.481372549019603115e-03
1.496078431372544100e-03
1.474509803921563800e-03
1.508823529411759722e-03
1.507352941176465753e-03
1.517156862745093005e-03
1.479901960784308929e-03
1.499999999999995044e-03
1.569607843137249678e-03
1.499509803921563649e-03
1.553921568627445902e-03
1.524509803921563714e-03
1.550490196078426353e-03
1.488235294117642212e-03
1.474509803921563800e-03
1.501960784313720624e-03
1.479411764705877534e-03
1.491666666666661761e-03
1.523039215686269529e-03
1.528921568627446053e-03
1.491176470588230366e-03
1.484313725490191268e-03
1.504411764705877383e-03
1.499999999999995044e-03
1.533823529411759787e-03
1.504901960784308778e-03
1.471078431372544251e-03
1.460294117647053993e-03
1.483333333333328478e-03
1.484803921568622663e-03
1.411274509803917086e-03
1.414215686274505239e-03
1.471078431372544251e-03
1.499999999999995044e-03
1.448039215686269766e-03
1.424509803921564103e-03
1.441666666666662064e-03
1.388725490196073995e-03
1.446568627450975798e-03
1.414215686274505239e-03
1.450980392156858137e-03
1.417156862745093393e-03
1.394117647058819125e-03
1.496568627450975495e-03
1.427450980392152256e-03
1.448039215686269766e-03
1.394117647058819125e-03
1.424019607843132708e-03
1.437745098039211120e-03
1.422058823529407127e-03
1.409803921568622900e-03
1.436274509803916934e-03
1.433823529411759959e-03
1.392156862745093544e-03
1.399999999999995432e-03
1.346568627450975969e-03
1.350980392156858308e-03
1.390686274509799359e-03
1.373529411764701398e-03
1.366666666666662300e-03
1.399019607843132642e-03
1.326960784313721249e-03
1.383823529411760261e-03
1.335294117647054532e-03
1.355392156862740647e-03
1.349019607843132944e-03
1.365686274509799510e-03
1.384313725490191873e-03
1.376960784313720947e-03
1.351470588235289703e-03
1.349509803921564340e-03
1.334803921568623137e-03
1.347058823529407364e-03
1.353921568627446679e-03
1.373039215686270003e-03
1.337745098039211291e-03
1.365196078431368115e-03
1.367156862745093696e-03
1.349019607843132944e-03
1.345588235294113396e-03
1.351470588235289703e-03
1.359313725490191591e-03
1.357843137254897622e-03
1.417156862745093393e-03
1.432843137254897386e-03
1.411274509803917086e-03
1.419117647058818973e-03
1.407843137254897320e-03
1.462745098039210968e-03
1.465196078431367727e-03
1.454901960784309081e-03
1.474019607843132405e-03
1.428921568627446442e-03
1.465686274509799122e-03
1.502941176470583414e-03
1.512254901960779488e-03
1.515686274509799036e-03
1.503921568627445988e-03
1.495588235294112705e-03
1.522058823529406739e-03
1.472549019607838437e-03
1.545588235294112619e-03
1.568627450980387321e-03
1.539215686274504700e-03
1.549019607843132168e-03
1.579901960784308541e-03
1.514215686274504851e-03
1.582843137254896912e-03
1.556862745098034056e-03
1.592156862745092768e-03
1.580882352941171331e-03
1.523039215686269529e-03
1.543137254901955644e-03
1.545098039215681224e-03
1.611764705882347921e-03
1.563235294117641975e-03
1.549999999999994958e-03
1.619117647058818197e-03
1.584803921568622275e-03
1.572058823529406653e-03
1.599509803921563477e-03
1.543137254901955644e-03
1.554901960784308692e-03
1.603921568627445816e-03
1.580882352941171548e-03
1.615196078431367253e-03
1.564215686274504765e-03
1.605882352941171397e-03
1.579901960784308541e-03
1.582352941176465733e-03
1.596078431372543712e-03
1.600490196078426051e-03
1.574999999999994807e-03
1.559313725490191031e-03
1.611764705882347704e-03
1.624019607843131931e-03
1.613235294117641673e-03
1.564215686274504982e-03
1.616176470588230260e-03
1.596568627450975107e-03
1.490686274509798971e-03
1.598039215686269292e-03
1.541666666666661675e-03
1.565686274509798734e-03
1.540686274509798885e-03
1.588725490196073219e-03
1.534313725490190966e-03
1.589705882352936009e-03
1.552450980392151717e-03
1.557843137254896846e-03
1.563725490196073370e-03
1.542156862745093070e-03
1.571078431372543863e-03
1.545098039215681224e-03
1.592156862745092768e-03
1.575980392156857597e-03
1.561274509803916395e-03
1.553431372549014507e-03
1.524999999999995109e-03
1.545588235294112619e-03
1.524509803921563714e-03
1.535294117647053756e-03
1.549999999999994958e-03
1.537254901960779336e-03
1.505392156862740173e-03
1.499999999999995044e-03
1.540686274509798885e-03
1.499999999999995044e-03
1.523529411764700924e-03
1.532352941176465602e-03
1.523529411764700924e-03
1.526470588235289295e-03
1.517156862745093005e-03
1.480392156862740324e-03
1.534313725490190966e-03
1.545098039215681224e-03
1.497058823529406890e-03
1.480882352941171936e-03
1.517156862745093005e-03
1.505882352941171568e-03
1.470588235294112856e-03
1.492156862745093156e-03
1.500980392156857834e-03
1.441666666666662280e-03
1.507843137254897149e-03
1.456862745098034444e-03
1.450490196078426742e-03
1.505392156862740390e-03
1.467156862745093307e-03
1.499509803921563649e-03
1.509313725490191117e-03
1.483333333333328478e-03
1.504411764705877383e-03
1.450490196078426742e-03
1.474999999999995195e-03
1.476470588235289380e-03
1.471078431372544251e-03
1.426470588235289466e-03
1.460294117647053993e-03
1.486274509803916632e-03
1.496568627450975495e-03
1.419607843137250369e-03
1.472058823529407041e-03
1.480392156862740541e-03
1.504411764705877383e-03
1.429901960784309015e-03
1.490196078431367793e-03
1.495588235294112922e-03
1.470588235294112856e-03
1.451470588235289315e-03
1.460294117647053993e-03
1.479901960784308929e-03
1.461274509803917000e-03
1.416666666666661998e-03
1.483333333333328478e-03
1.429901960784309015e-03
1.423529411764701312e-03
1.449509803921563951e-03
1.403431372549014981e-03
1.425980392156858071e-03
1.386764705882348415e-03
1.448039215686269766e-03
1.472549019607838437e-03
1.464215686274505154e-03
1.424999999999995281e-03
1.430882352941171805e-03
1.429901960784309015e-03
1.373039215686270003e-03
1.432352941176465990e-03
1.468137254901956098e-03
1.405392156862740561e-03
1.407843137254897320e-03
1.389705882352936786e-03
1.400490196078426827e-03
1.397058823529407278e-03
1.382352941176466076e-03
1.395098039215681698e-03
1.383823529411760261e-03
1.390686274509799359e-03
1.405392156862740561e-03
1.368137254901956269e-03
1.426960784313720861e-03
1.389215686274505391e-03
1.392156862745093544e-03
1.371078431372544639e-03
1.388235294117642600e-03
1.374999999999995583e-03
1.360294117647054381e-03
1.338235294117642686e-03
1.400980392156858222e-03
1.356862745098034832e-03
1.394117647058819125e-03
1.355392156862740647e-03
1.359803921568622986e-03
1.389705882352936786e-03
1.374509803921564188e-03
1.393137254901956334e-03
1.412745098039211054e-03
1.395098039215681698e-03
1.375490196078426978e-03
1.344607843137250605e-03
1.374509803921564188e-03
1.330392156862740798e-03
1.374019607843132793e-03
1.338235294117642686e-03
1.361764705882348566e-03
1.325980392156858459e-03
1.409313725490191505e-03
1.327450980392152645e-03
1.377450980392152342e-03
1.347058823529407364e-03
1.347549019607838759e-03
1.388235294117642600e-03
1.342156862745093630e-03
1.316666666666662386e-03
1.315686274509799596e-03
1.348039215686270154e-03
1.329411764705878008e-03
1.354901960784309252e-03
1.321568627450976120e-03
1.329411764705878008e-03
1.359313725490191591e-03
1.368137254901956269e-03
1.334313725490191742e-03
1.351960784313721098e-03
1.347549019607838759e-03
1.309803921568623289e-03
1.304901960784309554e-03
1.311274509803917257e-03
1.317647058823525176e-03
1.330882352941172193e-03
1.340196078431368266e-03
1.303431372549015369e-03
1.307352941176466313e-03
1.316176470588230991e-03
1.298529411764701635e-03
1.294607843137250691e-03
1.335784313725485927e-03
1.322058823529407515e-03
1.292156862745093933e-03
1.334803921568623137e-03
1.325490196078427064e-03
1.280882352941172279e-03
1.306372549019603740e-03
1.300980392156858611e-03
1.311274509803917257e-03
1.282843137254897859e-03
1.273529411764701786e-03
1.259803921568623374e-03
1.306862745098034918e-03
1.317156862745093781e-03
1.232352941176466550e-03
1.315686274509799596e-03
1.291176470588231142e-03
1.280392156862741101e-03
1.239705882352937260e-03
1.308823529411760498e-03
1.244117647058819599e-03
1.299509803921564425e-03
1.265196078431368503e-03
1.285784313725486013e-03
1.231862745098035372e-03
1.307352941176466313e-03
1.237745098039211679e-03
1.291666666666662537e-03
1.244607843137250994e-03
1.261764705882348955e-03
1.274019607843133181e-03
1.299509803921564425e-03
1.256862745098035221e-03
1.269607843137250842e-03
1.289215686274505562e-03
1.286274509803917408e-03
1.251960784313721486e-03
1.233333333333329340e-03
1.313235294117642837e-03
1.255882352941172430e-03
1.226960784313721638e-03
1.267647058823525262e-03
1.245588235294113567e-03
1.246568627450976357e-03
1.239705882352937260e-03
1.185294117647055006e-03
1.288235294117642989e-03
1.227450980392153033e-03
1.268627450980388052e-03
1.228921568627447001e-03
1.216666666666662774e-03
1.223039215686270694e-03
1.239705882352937260e-03
1.268627450980388052e-03
1.234313725490192130e-03
1.231372549019603977e-03
1.199019607843133418e-03
1.257352941176466616e-03
1.243627450980388204e-03
1.210784313725486250e-03
1.259313725490191979e-03
1.238725490196074469e-03
1.255882352941172430e-03
1.197058823529408055e-03
1.222058823529407904e-03
1.230882352941172582e-03
1.223039215686270694e-03
1.252450980392152882e-03
1.204901960784309943e-03
1.194117647058819684e-03
1.213235294117643226e-03
1.218137254901956960e-03
1.234803921568623526e-03
1.223039215686270694e-03
1.194607843137251079e-03
1.213235294117643226e-03
1.280882352941172279e-03
1.234803921568623526e-03
1.229901960784309791e-03
1.230392156862741187e-03
1.154901960784310028e-03
1.176960784313721723e-03
1.210784313725486250e-03
1.217156862745094170e-03
1.216176470588231379e-03
1.204411764705878548e-03
1.167647058823525650e-03
1.231862745098035372e-03
1.240686274509800050e-03
1.186274509803917796e-03
1.188235294117643377e-03
1.209313725490192282e-03
1.180392156862741272e-03
1.195098039215682474e-03
1.181862745098035457e-03
1.204411764705878548e-03
1.204411764705878548e-03
1.218137254901956960e-03
1.190686274509800135e-03
1.205882352941172733e-03
1.210294117647055072e-03
1.187254901960780587e-03
1.166666666666662860e-03
1.205392156862741338e-03
1.214705882352937411e-03
1.161274509803917948e-03
1.212254901960780435e-03
1.173529411764702175e-03
1.160294117647055158e-03
1.146078431372545350e-03
1.176470588235290328e-03
1.204411764705878548e-03
1.156372549019604214e-03
1.139215686274506253e-03
1.183823529411761038e-03
1.187745098039211982e-03
1.139705882352937648e-03
1.176470588235290328e-03
1.174019607843133570e-03
1.141666666666663011e-03
1.185784313725486185e-03
1.197549019607839233e-03
1.188235294117643377e-03
1.149509803921564899e-03
1.140196078431369043e-03
1.168627450980388440e-03
1.160294117647055158e-03
1.147058823529408141e-03
1.135784313725486704e-03
1.125980392156859236e-03
1.154901960784310028e-03
1.165196078431368892e-03
1.155882352941172819e-03
1.181372549019604062e-03
1.128431372549015994e-03
1.178921568627447304e-03
1.167647058823525650e-03
1.147549019607839536e-03
1.113235294117643614e-03
1.127450980392153204e-03
1.125980392156859236e-03
1.154901960784310028e-03
1.192647058823525716e-03
1.133333333333329728e-03
1.152941176470584665e-03
1.125980392156859236e-03
1.200980392156858999e-03
1.147058823529408141e-03
1.147549019607839536e-03
1.174509803921564965e-03
1.100980392156859170e-03
1.155392156862741423e-03
1.143627450980388592e-03
1.148039215686270931e-03
1.138725490196074858e-03
1.119117647058819921e-03
1.144607843137251382e-03
1.159803921568623762e-03
1.133333333333329728e-03
1.115686274509800372e-03
1.164705882352937497e-03
1.135294117647055309e-03
1.144607843137251382e-03
1.100980392156859170e-03
1.111274509803918033e-03
1.182352941176466853e-03
1.152450980392153270e-03
1.151470588235290480e-03
1.115196078431368977e-03
1.107352941176467090e-03
1.105882352941172904e-03
1.113725490196075009e-03
1.067156862745094643e-03
1.114705882352937582e-03
1.105882352941172904e-03
1.126470588235290631e-03
