5.333333333333316242e-04
5.632352941176453154e-04
6.058823529411745202e-04
6.220588235294097993e-04
6.210784313725470091e-04
6.249999999999979530e-04
6.421568627450960224e-04
6.524509803921547772e-04
6.176470588235274603e-04
6.446078431372527810e-04
6.696078431372527381e-04
6.553921568627430394e-04
6.950980392156839820e-04
6.725490196078410003e-04
6.852941176470566222e-04
7.098039215686251843e-04
6.647058823529390040e-04
7.186274509803898623e-04
7.063725490196055270e-04
6.882352941176449928e-04
6.990196078431350343e-04
6.911764705882330381e-04
6.730392156862722870e-04
6.696078431372527381e-04
6.990196078431350343e-04
7.235294117647034879e-04
7.088235294117623941e-04
7.431372549019583159e-04
6.877450980392135977e-04
7.009803921568606147e-04
6.710784313725468150e-04
7.264705882352918585e-04
7.303921568627428024e-04
7.392156862745073720e-04
6.916666666666644332e-04
7.279411764705858269e-04
7.240196078431348830e-04
7.274509803921545403e-04
7.416666666666642390e-04
7.705882352941151401e-04
7.549019607843113645e-04
7.490196078431348402e-04
7.426470588235271376e-04
7.230392156862722013e-04
6.975490196078408490e-04
7.607843137254877803e-04
7.470588235294094766e-04
7.269607843137231452e-04
7.313725490196054842e-04
7.151960784313702050e-04
7.044117647058800551e-04
7.578431372548996266e-04
7.343137254901938547e-04
7.245098039215662781e-04
7.465686274509779731e-04
7.764705882352916644e-04
7.426470588235270292e-04
7.102941176470564709e-04
7.372549019607819000e-04
7.740196078431346889e-04
7.362745098039192183e-04
7.029411764705859782e-04
7.073529411764683172e-04
7.901960784313700765e-04
7.166666666666643903e-04
7.519607843137229939e-04
7.583333333333309133e-04
7.401960784313701622e-04
7.642156862745073291e-04
7.892156862745071779e-04
7.490196078431348402e-04
7.303921568627426940e-04
7.838235294117621571e-04
7.607843137254876719e-04
7.549019607843112560e-04
7.372549019607819000e-04
7.583333333333309133e-04
7.892156862745071779e-04
7.362745098039192183e-04
7.357843137254878232e-04
7.578431372548996266e-04
7.348039215686250330e-04
7.318627450980368793e-04
7.411764705882328439e-04
7.367647058823505049e-04
7.397058823529387671e-04
7.730392156862721156e-04
7.323529411764682744e-04
7.166666666666643903e-04
7.544117647058798609e-04
7.509803921568604206e-04
7.647058823529388327e-04
7.377450980392132951e-04
7.416666666666643475e-04
7.549019607843112560e-04
7.789215686274485314e-04
7.323529411764681659e-04
7.289215686274486171e-04
7.387254901960761937e-04
7.352941176470564281e-04
7.490196078431348402e-04
7.583333333333310217e-04
7.504901960784290255e-04
7.735294117647034022e-04
7.764705882352915560e-04
7.343137254901936379e-04
7.357843137254878232e-04
7.563725490196054413e-04
7.274509803921545403e-04
7.499999999999976304e-04
7.495098039215662353e-04
7.514705882352918156e-04
7.794117647058798181e-04
7.725490196078407205e-04
7.303921568627426940e-04
7.602941176470563852e-04
7.446078431372526096e-04
7.470588235294094766e-04
7.553921568627427596e-04
7.446078431372525012e-04
7.671568627450956997e-04
7.416666666666642390e-04
7.514705882352917072e-04
7.215686274509780160e-04
7.911764705882327582e-04
7.495098039215662353e-04
7.284313725490173305e-04
7.455882352941151829e-04
7.357843137254878232e-04
7.617647058823504621e-04
7.240196078431348830e-04
7.705882352941152485e-04
7.308823529411740891e-04
7.769607843137229511e-04
7.632352941176446474e-04
7.254901960784291767e-04
7.514705882352917072e-04
7.431372549019584243e-04
7.563725490196053329e-04
7.676470588235269864e-04
7.485294117647034451e-04
7.583333333333309133e-04
7.558823529411741547e-04
7.401960784313702706e-04
7.627450980392132523e-04
7.446078431372526096e-04
7.779411764705857412e-04
8.014705882352916215e-04
7.833333333333307620e-04
7.877450980392131010e-04
7.093137254901937892e-04
7.431372549019583159e-04
7.460784313725465780e-04
7.245098039215662781e-04
7.553921568627426511e-04
7.617647058823504621e-04
7.514705882352917072e-04
7.392156862745074804e-04
7.264705882352918585e-04
7.598039215686249901e-04
7.044117647058801635e-04
7.382352941176447986e-04
7.455882352941151829e-04
7.651960784313701193e-04
7.264705882352917501e-04
7.504901960784290255e-04
7.563725490196054413e-04
7.455882352941151829e-04
7.617647058823505705e-04
7.544117647058798609e-04
7.397058823529388755e-04
7.333333333333310645e-04
7.406862745098015573e-04
7.470588235294093682e-04
7.999999999999975447e-04
7.343137254901938547e-04
7.377450980392132951e-04
7.612745098039190670e-04
7.470588235294094766e-04
7.142156862745076317e-04
7.049019607843114502e-04
7.666666666666641962e-04
7.485294117647035535e-04
7.514705882352917072e-04
7.607843137254876719e-04
7.534313725490172876e-04
7.509803921568603121e-04
7.632352941176446474e-04
7.274509803921546487e-04
7.661764705882328011e-04
7.799019607843112132e-04
7.441176470588211061e-04
7.593137254901937035e-04
7.583333333333309133e-04
7.490196078431348402e-04
7.544117647058798609e-04
7.588235294117622000e-04
7.715686274509778219e-04
7.578431372548995182e-04
7.171568627450956770e-04
7.705882352941152485e-04
7.563725490196053329e-04
7.583333333333309133e-04
7.544117647058798609e-04
7.622549019607818572e-04
7.107843137254879744e-04
7.362745098039192183e-04
7.406862745098015573e-04
7.568627450980367280e-04
7.524509803921543890e-04
7.524509803921543890e-04
7.446078431372526096e-04
7.632352941176445390e-04
7.333333333333310645e-04
7.568627450980367280e-04
7.583333333333310217e-04
7.519607843137231023e-04
7.647058823529388327e-04
7.568627450980367280e-04
7.392156862745073720e-04
7.495098039215662353e-04
7.691176470588211717e-04
7.328431372548996695e-04
7.627450980392132523e-04
7.544117647058798609e-04
7.436274509803897110e-04
7.612745098039190670e-04
7.607843137254877803e-04
7.333333333333309561e-04
7.098039215686251843e-04
7.558823529411741547e-04
7.382352941176446902e-04
7.598039215686249901e-04
7.274509803921546487e-04
7.593137254901935950e-04
7.401960784313701622e-04
7.651960784313700109e-04
7.475490196078406549e-04
7.593137254901935950e-04
7.612745098039190670e-04
7.539215686274486827e-04
7.480392156862721584e-04
7.235294117647034879e-04
7.470588235294093682e-04
7.436274509803898194e-04
7.588235294117623084e-04
7.651960784313700109e-04
7.715686274509779303e-04
7.504901960784290255e-04
7.441176470588211061e-04
7.549019607843113645e-04
7.490196078431348402e-04
7.568627450980367280e-04
7.367647058823505049e-04
7.230392156862722013e-04
7.357843137254878232e-04
7.637254901960760425e-04
7.470588235294093682e-04
7.460784313725466865e-04
7.495098039215663437e-04
7.553921568627427596e-04
7.568627450980367280e-04
7.818627450980366851e-04
7.799019607843113216e-04
7.691176470588210632e-04
7.598039215686250986e-04
7.490196078431349486e-04
7.362745098039192183e-04
7.637254901960760425e-04
7.544117647058799694e-04
7.720588235294092170e-04
7.249999999999976732e-04
7.470588235294094766e-04
7.867647058823505277e-04
7.544117647058799694e-04
7.411764705882328439e-04
7.156862745098016001e-04
7.553921568627426511e-04
7.480392156862721584e-04
7.558823529411740462e-04
7.343137254901936379e-04
7.495098039215663437e-04
7.549019607843113645e-04
7.299019607843114073e-04
7.338235294117624596e-04
7.480392156862721584e-04
7.450980392156838963e-04
7.338235294117624596e-04
7.588235294117623084e-04
7.387254901960759769e-04
7.539215686274486827e-04
7.514705882352917072e-04
7.450980392156838963e-04
7.196078431372525440e-04
7.578431372548995182e-04
7.632352941176445390e-04
7.426470588235271376e-04
7.656862745098014060e-04
7.392156862745074804e-04
7.308823529411740891e-04
7.627450980392133607e-04
7.460784313725466865e-04
7.696078431372523499e-04
7.852941176470562340e-04
7.352941176470564281e-04
7.289215686274486171e-04
7.764705882352916644e-04
7.730392156862720071e-04
7.558823529411741547e-04
7.397058823529387671e-04
7.328431372548995610e-04
7.352941176470565365e-04
7.249999999999977816e-04
7.970588235294091741e-04
7.539215686274486827e-04
7.367647058823506134e-04
7.740196078431347973e-04
7.240196078431349914e-04
7.367647058823505049e-04
7.343137254901936379e-04
7.490196078431348402e-04
7.632352941176445390e-04
7.254901960784290683e-04
7.735294117647034022e-04
7.676470588235269864e-04
7.382352941176446902e-04
7.617647058823504621e-04
6.980392156862722441e-04
7.558823529411741547e-04
8.171568627450955056e-04
7.382352941176446902e-04
7.705882352941152485e-04
7.421568627450956341e-04
7.220588235294094111e-04
7.686274509803896681e-04
7.254901960784291767e-04
7.426470588235270292e-04
7.382352941176447986e-04
7.661764705882328011e-04
7.313725490196055926e-04
7.725490196078407205e-04
7.602941176470564937e-04
7.127450980392133380e-04
7.504901960784289170e-04
7.745098039215660840e-04
7.818627450980366851e-04
7.897058823529386814e-04
7.852941176470562340e-04
7.455882352941151829e-04
7.333333333333309561e-04
7.642156862745073291e-04
7.426470588235271376e-04
7.627450980392132523e-04
7.504901960784290255e-04
7.769607843137229511e-04
7.725490196078406121e-04
7.563725490196053329e-04
7.161764705882329952e-04
7.465686274509780816e-04
7.578431372548996266e-04
7.578431372548996266e-04
7.602941176470564937e-04
7.632352941176446474e-04
7.455882352941151829e-04
7.534313725490172876e-04
7.749999999999975875e-04
7.509803921568603121e-04
7.495098039215662353e-04
7.249999999999976732e-04
7.553921568627426511e-04
7.411764705882329524e-04
7.480392156862720500e-04
7.931372549019583386e-04
7.558823529411740462e-04
7.774509803921543461e-04
7.656862745098015144e-04
7.397058823529388755e-04
7.656862745098014060e-04
7.725490196078406121e-04
7.828431372548993669e-04
7.970588235294091741e-04
7.455882352941151829e-04
7.754901960784289826e-04
7.887254901960759996e-04
7.602941176470563852e-04
7.284313725490172220e-04
7.681372549019583815e-04
7.509803921568603121e-04
7.950980392156837022e-04
7.852941176470562340e-04
7.470588235294094766e-04
7.504901960784289170e-04
7.093137254901937892e-04
7.426470588235270292e-04
7.745098039215661924e-04
7.499999999999975219e-04
7.848039215686248389e-04
7.480392156862721584e-04
7.421568627450956341e-04
7.504901960784289170e-04
7.583333333333309133e-04
7.450980392156840047e-04
8.004901960784287229e-04
7.338235294117623512e-04
7.509803921568603121e-04
7.602941176470563852e-04
7.073529411764683172e-04
7.749999999999975875e-04
7.549019607843112560e-04
7.284313725490172220e-04
7.205882352941154426e-04
7.568627450980367280e-04
7.544117647058798609e-04
7.661764705882329095e-04
7.995098039215660412e-04
7.225490196078408062e-04
7.666666666666641962e-04
7.700980392156837450e-04
7.460784313725466865e-04
7.367647058823505049e-04
7.602941176470563852e-04
7.598039215686249901e-04
7.887254901960759996e-04
7.431372549019584243e-04
7.529411764705858925e-04
7.181372549019584672e-04
7.215686274509780160e-04
7.607843137254876719e-04
7.367647058823505049e-04
7.607843137254876719e-04
7.274509803921545403e-04
7.696078431372523499e-04
7.279411764705859354e-04
7.622549019607819656e-04
7.725490196078406121e-04
7.357843137254879316e-04
7.460784313725465780e-04
7.343137254901936379e-04
7.651960784313700109e-04
7.441176470588211061e-04
7.661764705882328011e-04
7.676470588235269864e-04
7.318627450980368793e-04
7.504901960784289170e-04
7.377450980392132951e-04
7.446078431372525012e-04
7.504901960784290255e-04
7.730392156862720071e-04
7.465686274509779731e-04
7.833333333333308704e-04
7.759803921568601609e-04
7.563725490196054413e-04
7.323529411764682744e-04
7.269607843137231452e-04
7.083333333333311074e-04
7.558823529411741547e-04
7.686274509803896681e-04
7.436274509803897110e-04
7.465686274509780816e-04
7.828431372548994753e-04
7.323529411764682744e-04
7.431372549019583159e-04
7.725490196078406121e-04
7.549019607843112560e-04
7.651960784313700109e-04
7.509803921568603121e-04
7.446078431372525012e-04
7.490196078431348402e-04
7.367647058823505049e-04
7.627450980392132523e-04
7.333333333333310645e-04
7.637254901960759340e-04
7.499999999999975219e-04
7.627450980392132523e-04
7.686274509803896681e-04
7.235294117647034879e-04
7.338235294117624596e-04
7.436274509803897110e-04
7.632352941176445390e-04
7.617647058823505705e-04
7.593137254901937035e-04
7.553921568627426511e-04
7.558823529411741547e-04
7.426470588235270292e-04
7.264705882352918585e-04
7.661764705882329095e-04
7.544117647058798609e-04
7.279411764705858269e-04
7.887254901960759996e-04
7.352941176470564281e-04
7.264705882352917501e-04
7.431372549019584243e-04
7.343137254901936379e-04
7.916666666666641533e-04
7.367647058823506134e-04
7.656862745098014060e-04
7.034313725490173733e-04
7.691176470588211717e-04
7.622549019607818572e-04
7.568627450980368364e-04
7.598039215686250986e-04
7.607843137254877803e-04
7.514705882352917072e-04
7.598039215686250986e-04
7.348039215686250330e-04
7.779411764705857412e-04
7.764705882352915560e-04
7.799019607843112132e-04
7.617647058823504621e-04
7.749999999999975875e-04
7.495098039215662353e-04
7.284313725490172220e-04
7.264705882352917501e-04
7.598039215686249901e-04
7.401960784313701622e-04
7.696078431372523499e-04
7.656862745098014060e-04
7.828431372548994753e-04
7.264705882352917501e-04
7.720588235294093254e-04
7.740196078431346889e-04
7.852941176470563424e-04
7.784313725490171363e-04
7.333333333333309561e-04
7.700980392156837450e-04
7.808823529411740034e-04
7.725490196078407205e-04
7.696078431372523499e-04
7.573529411764681231e-04
7.558823529411740462e-04
7.514705882352918156e-04
7.450980392156840047e-04
7.666666666666641962e-04
7.460784313725465780e-04
7.455882352941151829e-04
7.431372549019584243e-04
7.877450980392132094e-04
7.377450980392134035e-04
7.225490196078409146e-04
7.465686274509780816e-04
7.691176470588210632e-04
7.392156862745073720e-04
7.632352941176446474e-04
7.446078431372525012e-04
7.436274509803897110e-04
7.352941176470565365e-04
7.480392156862721584e-04
7.607843137254876719e-04
7.171568627450956770e-04
7.779411764705857412e-04
7.397058823529387671e-04
7.328431372548996695e-04
7.279411764705858269e-04
7.264705882352917501e-04
7.607843137254876719e-04
7.480392156862720500e-04
7.093137254901937892e-04
7.833333333333307620e-04
7.377450980392132951e-04
7.705882352941151401e-04
7.514705882352918156e-04
7.249999999999977816e-04
7.411764705882328439e-04
7.553921568627427596e-04
7.299019607843115157e-04
7.563725490196054413e-04
7.343137254901936379e-04
7.377450980392134035e-04
7.475490196078407633e-04
7.975490196078406776e-04
7.450980392156838963e-04
7.632352941176446474e-04
7.612745098039190670e-04
7.455882352941151829e-04
7.446078431372525012e-04
7.593137254901937035e-04
7.725490196078406121e-04
7.495098039215662353e-04
7.480392156862720500e-04
7.745098039215660840e-04
7.705882352941151401e-04
7.509803921568604206e-04
7.524509803921543890e-04
7.862745098039190242e-04
7.495098039215663437e-04
7.147058823529388099e-04
7.377450980392134035e-04
7.392156862745074804e-04
7.441176470588212145e-04
7.627450980392132523e-04
7.524509803921543890e-04
7.769607843137229511e-04
7.436274509803897110e-04
7.215686274509780160e-04
7.200980392156839391e-04
7.245098039215663865e-04
7.529411764705858925e-04
7.308823529411741975e-04
7.269607843137231452e-04
7.578431372548996266e-04
7.480392156862721584e-04
7.686274509803897766e-04
7.441176470588212145e-04
7.245098039215662781e-04
7.348039215686250330e-04
7.862745098039190242e-04
7.617647058823504621e-04
7.598039215686249901e-04
7.759803921568602693e-04
7.465686274509779731e-04
7.598039215686249901e-04
7.519607843137231023e-04
7.450980392156838963e-04
7.568627450980367280e-04
7.818627450980367936e-04
7.593137254901937035e-04
7.632352941176446474e-04
7.294117647058800122e-04
7.999999999999973278e-04
7.382352941176447986e-04
7.735294117647035107e-04
7.499999999999976304e-04
7.607843137254876719e-04
7.107843137254879744e-04
7.563725490196053329e-04
7.642156862745073291e-04
7.632352941176445390e-04
7.220588235294094111e-04
7.318627450980369877e-04
7.495098039215662353e-04
7.421568627450956341e-04
7.676470588235269864e-04
7.872549019607817059e-04
7.259803921568603550e-04
7.730392156862720071e-04
7.450980392156838963e-04
7.549019607843112560e-04
7.602941176470564937e-04
7.568627450980367280e-04
7.284313725490172220e-04
7.225490196078409146e-04
7.799019607843112132e-04
7.622549019607818572e-04
7.308823529411740891e-04
7.705882352941151401e-04
7.470588235294093682e-04
7.676470588235268780e-04
7.573529411764682315e-04
7.642156862745073291e-04
7.774509803921544546e-04
7.230392156862723097e-04
7.490196078431349486e-04
7.647058823529387242e-04
7.607843137254877803e-04
7.529411764705857841e-04
7.642156862745073291e-04
7.431372549019583159e-04
7.436274509803898194e-04
7.661764705882329095e-04
7.568627450980367280e-04
7.627450980392132523e-04
7.411764705882329524e-04
7.529411764705858925e-04
7.504901960784289170e-04
7.421568627450956341e-04
6.985294117647036392e-04
7.215686274509780160e-04
7.294117647058800122e-04
7.720588235294092170e-04
7.529411764705857841e-04
7.715686274509778219e-04
7.470588235294093682e-04
7.700980392156837450e-04
7.480392156862720500e-04
7.406862745098016657e-04
7.416666666666642390e-04
7.504901960784289170e-04
7.818627450980367936e-04
7.215686274509781244e-04
7.470588235294093682e-04
7.176470588235270721e-04
7.534313725490171792e-04
7.446078431372526096e-04
7.696078431372524583e-04
7.642156862745073291e-04
7.524509803921543890e-04
7.495098039215662353e-04
7.534313725490171792e-04
7.607843137254876719e-04
7.647058823529388327e-04
7.563725490196053329e-04
7.681372549019583815e-04
7.308823529411740891e-04
7.607843137254876719e-04
7.725490196078407205e-04
7.583333333333310217e-04
7.524509803921543890e-04
7.460784313725465780e-04
7.686274509803897766e-04
7.617647058823504621e-04
7.676470588235269864e-04
7.343137254901938547e-04
7.666666666666643046e-04
7.534313725490172876e-04
7.392156862745074804e-04
7.504901960784289170e-04
7.485294117647035535e-04
7.303921568627426940e-04
7.671568627450954829e-04
7.534313725490171792e-04
7.534313725490171792e-04
7.200980392156840475e-04
7.539215686274485743e-04
7.450980392156838963e-04
7.328431372548995610e-04
7.627450980392133607e-04
7.504901960784289170e-04
7.215686274509780160e-04
7.519607843137229939e-04
7.598039215686249901e-04
7.323529411764681659e-04
7.740196078431346889e-04
7.622549019607819656e-04
7.460784313725466865e-04
7.642156862745073291e-04
7.460784313725466865e-04
7.725490196078407205e-04
7.235294117647035964e-04
7.421568627450956341e-04
7.137254901960761282e-04
7.950980392156837022e-04
7.406862745098015573e-04
7.583333333333309133e-04
7.495098039215663437e-04
7.549019607843112560e-04
7.455882352941151829e-04
7.475490196078406549e-04
7.392156862745073720e-04
7.578431372548995182e-04
7.387254901960759769e-04
7.308823529411740891e-04
7.637254901960759340e-04
7.318627450980369877e-04
7.897058823529385730e-04
7.044117647058800551e-04
7.828431372548994753e-04
7.558823529411740462e-04
7.357843137254878232e-04
7.622549019607818572e-04
7.421568627450957426e-04
7.671568627450954829e-04
7.549019607843113645e-04
7.426470588235271376e-04
7.450980392156838963e-04
7.617647058823504621e-04
7.735294117647034022e-04
7.215686274509780160e-04
7.617647058823504621e-04
7.421568627450957426e-04
7.274509803921545403e-04
7.455882352941152914e-04
7.450980392156838963e-04
7.431372549019583159e-04
7.749999999999975875e-04
7.411764705882328439e-04
7.661764705882329095e-04
7.607843137254877803e-04
7.421568627450957426e-04
7.308823529411740891e-04
7.740196078431346889e-04
7.068627450980369221e-04
7.730392156862721156e-04
7.583333333333310217e-04
7.612745098039190670e-04
7.558823529411741547e-04
7.794117647058798181e-04
7.602941176470563852e-04
7.818627450980366851e-04
7.700980392156837450e-04
7.514705882352917072e-04
7.377450980392134035e-04
8.049019607843111703e-04
7.573529411764681231e-04
7.617647058823505705e-04
7.833333333333308704e-04
7.710784313725465352e-04
7.627450980392132523e-04
7.367647058823505049e-04
7.598039215686249901e-04
7.323529411764682744e-04
7.436274509803897110e-04
7.343137254901936379e-04
7.622549019607819656e-04
7.897058823529386814e-04
7.460784313725466865e-04
7.872549019607817059e-04
7.426470588235270292e-04
7.338235294117624596e-04
7.617647058823504621e-04
7.720588235294092170e-04
7.303921568627428024e-04
7.205882352941153342e-04
7.681372549019583815e-04
7.382352941176447986e-04
7.205882352941153342e-04
7.573529411764681231e-04
7.254901960784290683e-04
7.362745098039192183e-04
7.446078431372526096e-04
7.249999999999977816e-04
7.823529411764681887e-04
7.823529411764681887e-04
7.441176470588211061e-04
7.779411764705857412e-04
7.661764705882329095e-04
7.367647058823505049e-04
7.259803921568603550e-04
7.700980392156837450e-04
7.519607843137229939e-04
7.759803921568602693e-04
7.799019607843113216e-04
7.328431372548996695e-04
7.294117647058800122e-04
7.602941176470564937e-04
7.397058823529387671e-04
7.867647058823505277e-04
7.254901960784290683e-04
7.965686274509778874e-04
7.558823529411741547e-04
7.720588235294092170e-04
7.887254901960758912e-04
7.230392156862723097e-04
7.696078431372523499e-04
7.730392156862721156e-04
7.485294117647035535e-04
7.558823529411740462e-04
7.627450980392132523e-04
7.441176470588211061e-04
7.651960784313700109e-04
7.200980392156839391e-04
7.357843137254879316e-04
7.710784313725466436e-04
7.338235294117623512e-04
7.705882352941152485e-04
7.191176470588212574e-04
7.975490196078406776e-04
7.499999999999975219e-04
7.784313725490171363e-04
7.754901960784289826e-04
7.333333333333309561e-04
7.426470588235270292e-04
7.406862745098015573e-04
7.230392156862723097e-04
7.372549019607819000e-04
7.602941176470564937e-04
7.813725490196053985e-04
7.612745098039190670e-04
7.117647058823506562e-04
7.593137254901935950e-04
7.392156862745073720e-04
7.622549019607818572e-04
7.823529411764680802e-04
7.264705882352917501e-04
7.632352941176446474e-04
7.549019607843112560e-04
7.318627450980368793e-04
7.406862745098015573e-04
7.421568627450957426e-04
7.735294117647035107e-04
7.573529411764682315e-04
7.171568627450956770e-04
7.529411764705858925e-04
7.186274509803899707e-04
7.661764705882328011e-04
7.887254901960758912e-04
7.534313725490171792e-04
7.377450980392132951e-04
7.681372549019582730e-04
7.666666666666641962e-04
7.431372549019583159e-04
7.818627450980367936e-04
7.348039215686250330e-04
7.308823529411741975e-04
7.686274509803897766e-04
7.313725490196054842e-04
7.436274509803898194e-04
7.254901960784291767e-04
7.700980392156837450e-04
7.686274509803897766e-04
7.598039215686249901e-04
7.769607843137230595e-04
7.230392156862722013e-04
7.745098039215660840e-04
7.514705882352918156e-04
7.406862745098015573e-04
7.450980392156838963e-04
7.397058823529387671e-04
6.990196078431351427e-04
7.921568627450954400e-04
7.666666666666641962e-04
7.632352941176445390e-04
7.225490196078408062e-04
7.622549019607819656e-04
7.593137254901935950e-04
7.823529411764681887e-04
7.421568627450956341e-04
7.441176470588211061e-04
7.215686274509780160e-04
7.725490196078407205e-04
7.882352941176446045e-04
7.519607843137229939e-04
7.490196078431349486e-04
7.544117647058798609e-04
7.416666666666642390e-04
7.225490196078409146e-04
7.299019607843115157e-04
7.166666666666644987e-04
7.274509803921546487e-04
7.338235294117623512e-04
7.235294117647034879e-04
7.789215686274484230e-04
7.794117647058799265e-04
7.401960784313702706e-04
7.583333333333310217e-04
7.509803921568603121e-04
7.578431372548996266e-04
7.186274509803898623e-04
7.553921568627426511e-04
7.102941176470564709e-04
7.514705882352918156e-04
7.284313725490173305e-04
7.495098039215662353e-04
7.490196078431348402e-04
7.475490196078407633e-04
7.759803921568601609e-04
7.279411764705858269e-04
7.514705882352917072e-04
7.421568627450956341e-04
7.838235294117622655e-04
7.534313725490172876e-04
7.598039215686249901e-04
7.450980392156838963e-04
7.210784313725467293e-04
7.191176470588212574e-04
7.696078431372524583e-04
7.215686274509781244e-04
7.789215686274485314e-04
7.446078431372526096e-04
7.343137254901938547e-04
7.303921568627428024e-04
7.490196078431348402e-04
7.397058823529388755e-04
7.598039215686249901e-04
7.632352941176445390e-04
7.495098039215663437e-04
7.642156862745074376e-04
7.475490196078407633e-04
7.480392156862721584e-04
7.759803921568601609e-04
7.745098039215661924e-04
7.720588235294092170e-04
6.990196078431351427e-04
7.117647058823506562e-04
7.769607843137229511e-04
7.299019607843114073e-04
7.529411764705858925e-04
7.568627450980368364e-04
7.730392156862720071e-04
7.406862745098015573e-04
7.534313725490171792e-04
7.377450980392132951e-04
7.441176470588211061e-04
7.740196078431346889e-04
7.480392156862720500e-04
7.784313725490170279e-04
7.200980392156839391e-04
7.210784313725467293e-04
7.602941176470564937e-04
7.289215686274486171e-04
7.813725490196053985e-04
7.235294117647035964e-04
7.539215686274485743e-04
7.681372549019582730e-04
7.563725490196054413e-04
7.607843137254877803e-04
7.833333333333307620e-04
7.529411764705857841e-04
7.524509803921543890e-04
7.553921568627426511e-04
7.455882352941152914e-04
7.848039215686249473e-04
7.583333333333309133e-04
7.705882352941151401e-04
7.588235294117622000e-04
7.700980392156837450e-04
7.485294117647034451e-04
7.240196078431348830e-04
7.431372549019583159e-04
7.710784313725466436e-04
7.421568627450956341e-04
8.058823529411738521e-04
8.387254901960758055e-04
9.215686274509774564e-04
9.901960784313693000e-04
9.985294117647025829e-04
1.060294117647055546e-03
1.125490196078427841e-03
1.180882352941172667e-03
1.229901960784309791e-03
1.294117647058819296e-03
1.309803921568623289e-03
1.400490196078426827e-03
1.406372549019603352e-03
1.464215686274505154e-03
1.525490196078426505e-03
1.511764705882348092e-03
1.573529411764700838e-03
1.583823529411759485e-03
1.595098039215681138e-03
1.667156862745092531e-03
1.700980392156857058e-03
1.649509803921563175e-03
1.703431372549014033e-03
1.717156862745092662e-03
1.753921568627445126e-03
1.732843137254896221e-03
1.742647058823523906e-03
1.755882352941170706e-03
1.807843137254895984e-03
1.770588235294112125e-03
1.821078431372543218e-03
1.836274509803915381e-03
1.817647058823523669e-03
1.869117647058817335e-03
1.876960784313719223e-03
1.836274509803915381e-03
1.793627450980386177e-03
1.849019607843131220e-03
1.862745098039209415e-03
1.781862745098033345e-03
1.808333333333327379e-03
1.857352941176464503e-03
1.869117647058817552e-03
1.913235294117640725e-03
1.835294117647052808e-03
1.844117647058817703e-03
1.900490196078425320e-03
1.857843137254895898e-03
1.840196078431366759e-03
1.833823529411758840e-03
1.898039215686268127e-03
1.773529411764700279e-03
1.825980392156856952e-03
1.826960784313719742e-03
1.811274509803915750e-03
1.863725490196072206e-03
1.793137254901954782e-03
1.788725490196072443e-03
1.809313725490190169e-03
1.798039215686268516e-03
1.797549019607837337e-03
1.792647058823523386e-03
1.763235294117641199e-03
1.792647058823523386e-03
1.791176470588229418e-03
1.745588235294112060e-03
1.842156862745091906e-03
1.797058823529405942e-03
1.807843137254895984e-03
1.795098039215680362e-03
1.790196078431366845e-03
1.803431372549013645e-03
1.720098039215680816e-03
1.737745098039209955e-03
1.732843137254896221e-03
1.799019607843131306e-03
1.802941176470582250e-03
1.713725490196072680e-03
1.763235294117641199e-03
1.705392156862739397e-03
1.740686274509798109e-03
1.698529411764700299e-03
1.714215686274504075e-03
1.700980392156857058e-03
1.694117647058817960e-03
1.710294117647053131e-03
1.669117647058818111e-03
1.645588235294112231e-03
1.729411764705876672e-03
1.677941176470582789e-03
1.728431372549014099e-03
1.686274509803916289e-03
1.721078431372543389e-03
1.702450980392151243e-03
1.673039215686269055e-03
1.713235294117641501e-03
1.653431372549014119e-03
1.671078431372543475e-03
1.666666666666661136e-03
1.661764705882347402e-03
1.670588235294112080e-03
1.703431372549014033e-03
1.682352941176465128e-03
1.605392156862739785e-03
1.698529411764700299e-03
1.688725490196072831e-03
1.706372549019602187e-03
1.736274509803915770e-03
1.684803921568621887e-03
1.669607843137249506e-03
1.667647058823523926e-03
1.777450980392151006e-03
1.727450980392151308e-03
1.721078431372543389e-03
1.818137254901954847e-03
1.801470588235288281e-03
1.747549019607837423e-03
1.774019607843131457e-03
1.770588235294111908e-03
1.837254901960778172e-03
1.814705882352935081e-03
1.843627450980386308e-03
1.821078431372543001e-03
1.841666666666660511e-03
1.847058823529405640e-03
1.798039215686268733e-03
1.844117647058817486e-03
1.861274509803915447e-03
1.845588235294111671e-03
1.780392156862739160e-03
1.883823529411758537e-03
1.899509803921562313e-03
1.855392156862739140e-03
1.936274509803915210e-03
1.842647058823523301e-03
1.911274509803915361e-03
1.830882352941170469e-03
1.839215686274503969e-03
1.890196078431366240e-03
1.779411764705876803e-03
1.904411764705876047e-03
1.859803921568621479e-03
1.929411764705876112e-03
1.893627450980385788e-03
1.954901960784307356e-03
1.886764705882346691e-03
1.900490196078425103e-03
1.926960784313719137e-03
1.869607843137248730e-03
1.856372549019601713e-03
1.908823529411758386e-03
1.891176470588229030e-03
1.916666666666660490e-03
1.912745098039209330e-03
1.912745098039209547e-03
1.936764705882346605e-03
1.945588235294111283e-03
1.868627450980385940e-03
1.926960784313719354e-03
1.917647058823523281e-03
1.913235294117640942e-03
1.919607843137248644e-03
1.911764705882346756e-03
1.881372549019601562e-03
1.870588235294111520e-03
1.830882352941170686e-03
1.807843137254895984e-03
1.878921568627444803e-03
1.890196078431366456e-03
1.879411764705876415e-03
1.874509803921562681e-03
1.870098039215680342e-03
1.868137254901954761e-03
1.900490196078425103e-03
1.824999999999994162e-03
1.880882352941170383e-03
1.866176470588229181e-03
1.842156862745092123e-03
1.875980392156856649e-03
1.839705882352935147e-03
1.817156862745092274e-03
1.876470588235287828e-03
1.802941176470582467e-03
1.817647058823523452e-03
1.839705882352935364e-03
1.869607843137248947e-03
1.853921568627444737e-03
1.804901960784307830e-03
1.777941176470582401e-03
1.857352941176464503e-03
1.828431372549013494e-03
1.785294117647053111e-03
1.830392156862739074e-03
1.862745098039209415e-03
1.787745098039209869e-03
1.770588235294112125e-03
1.774019607843131457e-03
1.760784313725484657e-03
1.790196078431366628e-03
1.754411764705876521e-03
1.794607843137249184e-03
1.796568627450974547e-03
1.751960784313719762e-03
1.797058823529405725e-03
1.769607843137249118e-03
1.762745098039210020e-03
1.777450980392151006e-03
1.717156862745092662e-03
1.788725490196072443e-03
1.771568627450974482e-03
1.808823529411758774e-03
1.826470588235288130e-03
1.785784313725484289e-03
1.767647058823523538e-03
1.721078431372543389e-03
1.781372549019601950e-03
1.774019607843131457e-03
1.769607843137249118e-03
1.734313725490190406e-03
1.776960784313719611e-03
1.798039215686268733e-03
1.713725490196072680e-03
1.710784313725484526e-03
1.754411764705876521e-03
1.749019607843131608e-03
1.725980392156857123e-03
1.704901960784308435e-03
1.732843137254896221e-03
1.687254901960778862e-03
1.779901960784307981e-03
1.734803921568622018e-03
1.730882352941171074e-03
1.703921568627445428e-03
1.726470588235288518e-03
1.720588235294111994e-03
1.716666666666661050e-03
1.693627450980386565e-03
1.684313725490190492e-03
1.655882352941171094e-03
1.685294117647053282e-03
1.655392156862739699e-03
1.741666666666660899e-03
1.699509803921563306e-03
1.655392156862739699e-03
1.722058823529406179e-03
1.707352941176464977e-03
1.699999999999994484e-03
1.679411764705876758e-03
1.709313725490190557e-03
1.699999999999994484e-03
1.683823529411759097e-03
1.636274509803916158e-03
1.683333333333327702e-03
1.676960784313719999e-03
1.623529411764700536e-03
1.667647058823523926e-03
1.705392156862739397e-03
1.615686274509798865e-03
1.634803921568622406e-03
1.669607843137249506e-03
1.741176470588229721e-03
1.664705882352935772e-03
1.609803921568622124e-03
1.689215686274504226e-03
1.671568627450974870e-03
1.681372549019602338e-03
1.596078431372543712e-03
1.624999999999994721e-03
1.600980392156857663e-03
1.614705882352935858e-03
1.659803921568622255e-03
1.604411764705876995e-03
1.616176470588230043e-03
1.587745098039210429e-03
1.619117647058818414e-03
1.625490196078426116e-03
1.601960784313720236e-03
1.618627450980387019e-03
1.556862745098034056e-03
1.571078431372543863e-03
1.571568627450975258e-03
1.608333333333328155e-03
1.621078431372543777e-03
1.621078431372543777e-03
1.598529411764700687e-03
1.599509803921563477e-03
1.593627450980386953e-03
1.567647058823524314e-03
1.565686274509798734e-03
1.585294117647053670e-03
1.622058823529406351e-03
1.590686274509798799e-03
1.578431372549014356e-03
1.611274509803916309e-03
1.586274509803916460e-03
1.570588235294112468e-03
1.590196078431367404e-03
1.603431372549014421e-03
1.559313725490191031e-03
1.563725490196073370e-03
1.512254901960779488e-03
1.580882352941171548e-03
1.563725490196073587e-03
1.577941176470583177e-03
1.554411764705877297e-03
1.579411764705877146e-03
1.531372549019602812e-03
1.548529411764700773e-03
1.497549019607838285e-03
1.514705882352936246e-03
1.541666666666661675e-03
1.561764705882347790e-03
1.523529411764700924e-03
1.512254901960779488e-03
1.568627450980387321e-03
1.549509803921563563e-03
1.572058823529406653e-03
1.514705882352936246e-03
1.553431372549014724e-03
1.558333333333328241e-03
1.505392156862740173e-03
1.520588235294112770e-03
1.524019607843132319e-03
1.459803921568622815e-03
1.520588235294112770e-03
1.538725490196073305e-03
1.501960784313720624e-03
1.521568627450975344e-03
1.499999999999995044e-03
1.486274509803916632e-03
1.486764705882348027e-03
1.446078431372544403e-03
1.476470588235289380e-03
1.455392156862740476e-03
1.472058823529407041e-03
1.442647058823524637e-03
1.448529411764701161e-03
1.452450980392152105e-03
1.510784313725485302e-03
1.462254901960779573e-03
1.477450980392151954e-03
1.508333333333328327e-03
1.474509803921563800e-03
1.438235294117642298e-03
1.486764705882348027e-03
1.480882352941171719e-03
1.458333333333328629e-03
1.476470588235289380e-03
1.427941176470583651e-03
1.404901960784309166e-03
1.504901960784308778e-03
1.474509803921563800e-03
1.435784313725485539e-03
1.494607843137250132e-03
1.449019607843132556e-03
1.395098039215681698e-03
1.526470588235289078e-03
1.413235294117642449e-03
1.443627450980387427e-03
1.421568627450975732e-03
1.441176470588230668e-03
1.413725490196073844e-03
1.470098039215681461e-03
1.455882352941171654e-03
1.402450980392152408e-03
1.498529411764701075e-03
1.409803921568622900e-03
1.452941176470583500e-03
1.436274509803916934e-03
1.376470588235289769e-03
1.395098039215681698e-03
1.412745098039211054e-03
1.426960784313720861e-03
1.347549019607838759e-03
1.443627450980387427e-03
1.381372549019603286e-03
1.450980392156858137e-03
1.421078431372544337e-03
1.449509803921563951e-03
1.379411764705877922e-03
1.452450980392152105e-03
1.382843137254897471e-03
1.421078431372544337e-03
1.409313725490191505e-03
1.411764705882348264e-03
1.356862745098034832e-03
1.369607843137250454e-03
1.321078431372544725e-03
1.390686274509799359e-03
1.338725490196074081e-03
1.405882352941171956e-03
1.404411764705877771e-03
1.368627450980387664e-03
1.363725490196073930e-03
1.357843137254897622e-03
1.400980392156858222e-03
1.383333333333328866e-03
1.349509803921564340e-03
1.374509803921564188e-03
1.369607843137250454e-03
1.328431372549015435e-03
1.329901960784309403e-03
1.337254901960780113e-03
1.331372549019603588e-03
1.380392156862740713e-03
1.362745098039211357e-03
1.399019607843132642e-03
1.344117647058819210e-03
1.345098039215682001e-03
1.372058823529407430e-03
1.339215686274505476e-03
1.299509803921564425e-03
1.300980392156858611e-03
1.345098039215682001e-03
1.344607843137250605e-03
1.350980392156858308e-03
1.365686274509799510e-03
1.309313725490191893e-03
1.342156862745093630e-03
1.328921568627446613e-03
1.346568627450975969e-03
1.374999999999995583e-03
1.354411764705878074e-03
1.328921568627446613e-03
1.363235294117642752e-03
1.338725490196074081e-03
1.322058823529407515e-03
1.364705882352936720e-03
1.341176470588231057e-03
1.293137254901956940e-03
1.305882352941172345e-03
1.313235294117642837e-03
1.347058823529407364e-03
1.290196078431368352e-03
1.334803921568623137e-03
1.325490196078427064e-03
1.280882352941172279e-03
1.283333333333329255e-03
1.278921568627446916e-03
1.299509803921564425e-03
1.258823529411760584e-03
1.274019607843133181e-03
1.322058823529407515e-03
1.295098039215682086e-03
1.223529411764701872e-03
1.306372549019603740e-03
1.316666666666662386e-03
1.277450980392152730e-03
1.304901960784309554e-03
1.321568627450976120e-03
1.301470588235290006e-03
1.291666666666662537e-03
1.294607843137250691e-03
1.284313725490192045e-03
1.255882352941172430e-03
1.246568627450976357e-03
1.284313725490192045e-03
1.257843137254898011e-03
1.288235294117642989e-03
1.247549019607839147e-03
1.235784313725486316e-03
1.282352941176466464e-03
1.264215686274505713e-03
1.282352941176466464e-03
1.222058823529407904e-03
1.254901960784309640e-03
1.263725490196074318e-03
1.267647058823525262e-03
1.252941176470584277e-03
1.236274509803917711e-03
1.267156862745094084e-03
1.271078431372545028e-03
1.221568627450976509e-03
1.254901960784309640e-03
1.268627450980388052e-03
1.266666666666662689e-03
1.304411764705878159e-03
1.293137254901956723e-03
1.263235294117642923e-03
1.253431372549015672e-03
1.259803921568623374e-03
1.234803921568623526e-03
1.228431372549015606e-03
1.226960784313721638e-03
1.196078431372545265e-03
1.292647058823525328e-03
1.239215686274505865e-03
1.252941176470584277e-03
1.228431372549015606e-03
1.237254901960780284e-03
1.284803921568623223e-03
1.242156862745094018e-03
1.221078431372545113e-03
1.236274509803917711e-03
1.199509803921564813e-03
1.240196078431368655e-03
1.214215686274506016e-03
1.238235294117643074e-03
1.242647058823525413e-03
1.226960784313721638e-03
