5.083333333333323175e-04
5.749999999999986892e-04
6.854166666666650131e-04
6.479166666666651316e-04
6.708333333333318764e-04
7.479166666666647433e-04
8.208333333333312941e-04
7.208333333333315739e-04
8.687499999999976708e-04
7.874999999999979456e-04
8.041666666666648366e-04
7.937499999999982330e-04
8.458333333333311428e-04
8.583333333333311756e-04
9.062499999999976607e-04
8.499999999999978927e-04
8.604166666666644963e-04
8.916666666666643072e-04
9.395833333333309008e-04
8.604166666666646047e-04
7.958333333333313369e-04
8.291666666666645770e-04
9.979166666666640980e-04
8.708333333333312084e-04
8.187499999999979733e-04
9.499999999999975044e-04
9.479166666666641837e-04
9.395833333333307924e-04
8.999999999999976985e-04
9.166666666666643728e-04
9.041666666666645568e-04
9.562499999999974666e-04
8.854166666666644534e-04
9.104166666666643022e-04
9.645833333333307495e-04
8.666666666666645669e-04
8.604166666666644963e-04
8.520833333333312134e-04
9.666666666666641787e-04
9.624999999999975372e-04
9.062499999999976607e-04
9.708333333333310370e-04
8.520833333333313218e-04
7.937499999999980162e-04
8.979166666666643778e-04
8.916666666666644156e-04
9.541666666666641459e-04
9.604166666666639996e-04
9.124999999999976229e-04
8.729166666666644207e-04
9.187499999999975851e-04
9.395833333333309008e-04
8.937499999999978448e-04
9.333333333333309386e-04
9.083333333333309815e-04
9.104166666666643022e-04
9.520833333333308252e-04
9.249999999999977641e-04
9.249999999999974389e-04
1.016666666666664852e-03
8.874999999999977742e-04
9.041666666666643400e-04
9.562499999999974666e-04
8.958333333333310571e-04
9.583333333333307873e-04
8.395833333333312890e-04
9.854166666666639568e-04
9.020833333333311277e-04
9.187499999999974767e-04
9.458333333333308630e-04
9.083333333333308730e-04
9.791666666666639946e-04
9.354166666666641509e-04
9.354166666666642593e-04
9.270833333333309764e-04
1.020833333333331277e-03
9.041666666666642316e-04
8.979166666666644862e-04
9.583333333333307873e-04
9.833333333333306361e-04
8.729166666666642038e-04
9.333333333333308302e-04
8.895833333333309865e-04
9.854166666666639568e-04
9.812499999999973153e-04
9.187499999999975851e-04
9.354166666666643678e-04
9.437499999999975422e-04
8.624999999999978170e-04
9.520833333333309336e-04
8.791666666666643828e-04
9.458333333333309714e-04
9.916666666666641358e-04
8.937499999999978448e-04
9.499999999999976128e-04
9.208333333333309058e-04
9.458333333333309714e-04
8.437499999999978221e-04
9.541666666666640375e-04
9.187499999999975851e-04
8.937499999999978448e-04
8.770833333333310621e-04
9.083333333333309815e-04
8.583333333333312840e-04
1.022916666666664814e-03
8.520833333333312134e-04
8.999999999999978070e-04
9.374999999999974716e-04
8.895833333333310949e-04
8.937499999999977364e-04
9.979166666666640980e-04
9.249999999999976557e-04
9.958333333333307773e-04
9.374999999999975801e-04
9.229166666666641181e-04
8.583333333333310671e-04
9.104166666666641938e-04
8.687499999999977792e-04
9.166666666666642644e-04
9.791666666666642115e-04
8.916666666666643072e-04
9.041666666666644484e-04
8.687499999999977792e-04
8.958333333333310571e-04
9.312499999999976179e-04
8.854166666666644534e-04
9.458333333333310798e-04
9.395833333333309008e-04
9.729166666666642493e-04
8.583333333333311756e-04
9.499999999999973960e-04
9.083333333333308730e-04
9.541666666666642543e-04
9.541666666666641459e-04
9.312499999999977263e-04
9.520833333333308252e-04
8.583333333333311756e-04
9.562499999999975750e-04
9.812499999999973153e-04
8.958333333333310571e-04
9.458333333333307546e-04
9.145833333333309436e-04
9.979166666666640980e-04
9.687499999999976078e-04
9.291666666666641887e-04
9.458333333333307546e-04
9.708333333333308201e-04
8.937499999999977364e-04
8.791666666666643828e-04
9.124999999999976229e-04
9.020833333333310193e-04
9.520833333333308252e-04
9.999999999999974187e-04
1.010416666666664239e-03
1.027083333333331456e-03
9.166666666666642644e-04
9.708333333333308201e-04
8.749999999999977414e-04
9.333333333333309386e-04
9.499999999999972876e-04
8.562499999999977464e-04
9.520833333333309336e-04
9.562499999999974666e-04
8.624999999999979254e-04
8.687499999999977792e-04
9.187499999999975851e-04
9.291666666666645140e-04
8.624999999999978170e-04
9.708333333333308201e-04
9.624999999999974288e-04
9.374999999999976885e-04
9.416666666666641131e-04
8.729166666666643122e-04
9.499999999999975044e-04
9.562499999999974666e-04
9.270833333333309764e-04
8.624999999999977086e-04
9.041666666666643400e-04
9.187499999999976935e-04
8.874999999999978826e-04
8.874999999999977742e-04
9.166666666666641559e-04
9.437499999999974338e-04
9.666666666666640702e-04
9.979166666666640980e-04
9.583333333333306789e-04
8.729166666666644207e-04
8.854166666666644534e-04
8.708333333333310999e-04
8.729166666666644207e-04
9.624999999999974288e-04
8.833333333333311327e-04
9.499999999999975044e-04
9.770833333333308907e-04
9.645833333333308579e-04
8.729166666666644207e-04
9.208333333333307974e-04
8.999999999999976985e-04
9.541666666666640375e-04
9.687499999999972826e-04
9.270833333333309764e-04
9.166666666666642644e-04
8.520833333333312134e-04
9.937499999999974565e-04
9.666666666666639618e-04
9.833333333333306361e-04
9.520833333333308252e-04
9.291666666666642972e-04
8.624999999999979254e-04
9.374999999999974716e-04
8.999999999999978070e-04
8.812499999999977036e-04
9.208333333333310142e-04
9.791666666666639946e-04
9.270833333333308680e-04
9.291666666666642972e-04
9.791666666666639946e-04
1.052083333333331738e-03
9.791666666666639946e-04
9.312499999999977263e-04
9.312499999999976179e-04
9.333333333333309386e-04
8.624999999999977086e-04
9.208333333333309058e-04
9.291666666666642972e-04
9.541666666666641459e-04
8.937499999999978448e-04
9.062499999999977691e-04
9.270833333333309764e-04
9.916666666666639190e-04
8.937499999999977364e-04
9.249999999999976557e-04
8.770833333333310621e-04
9.145833333333309436e-04
9.437499999999976507e-04
9.562499999999974666e-04
8.749999999999976330e-04
9.291666666666641887e-04
9.124999999999976229e-04
9.312499999999976179e-04
9.437499999999975422e-04
8.874999999999977742e-04
1.041666666666665568e-03
9.104166666666643022e-04
8.937499999999976279e-04
9.291666666666642972e-04
9.145833333333310521e-04
9.333333333333309386e-04
9.458333333333308630e-04
8.895833333333310949e-04
8.812499999999977036e-04
8.874999999999977742e-04
9.124999999999976229e-04
9.333333333333309386e-04
1.018749999999997739e-03
9.270833333333310848e-04
8.479166666666644635e-04
8.458333333333311428e-04
9.458333333333308630e-04
8.958333333333309487e-04
9.083333333333308730e-04
8.937499999999977364e-04
8.708333333333312084e-04
8.854166666666644534e-04
9.062499999999977691e-04
9.208333333333309058e-04
9.416666666666642215e-04
9.687499999999974994e-04
9.374999999999975801e-04
9.083333333333309815e-04
8.895833333333312033e-04
9.291666666666642972e-04
9.229166666666642265e-04
8.833333333333311327e-04
9.124999999999976229e-04
8.291666666666644685e-04
9.583333333333306789e-04
9.291666666666644056e-04
8.895833333333310949e-04
8.937499999999977364e-04
9.770833333333306739e-04
9.270833333333309764e-04
9.604166666666641081e-04
9.437499999999974338e-04
9.729166666666640324e-04
8.541666666666644257e-04
9.270833333333309764e-04
9.187499999999974767e-04
9.229166666666643350e-04
9.562499999999975750e-04
8.979166666666642694e-04
9.416666666666642215e-04
8.562499999999979633e-04
9.687499999999976078e-04
8.479166666666644635e-04
9.749999999999974616e-04
8.208333333333311856e-04
1.002083333333330739e-03
9.249999999999974389e-04
9.333333333333308302e-04
9.916666666666639190e-04
9.604166666666641081e-04
9.666666666666640702e-04
9.333333333333310470e-04
9.458333333333308630e-04
8.999999999999975901e-04
8.708333333333310999e-04
9.187499999999976935e-04
9.833333333333306361e-04
8.687499999999977792e-04
9.083333333333309815e-04
8.770833333333310621e-04
8.833333333333311327e-04
8.854166666666645619e-04
9.145833333333309436e-04
9.145833333333309436e-04
9.562499999999974666e-04
9.645833333333308579e-04
9.999999999999974187e-04
9.437499999999975422e-04
8.749999999999979582e-04
9.499999999999973960e-04
9.687499999999976078e-04
8.895833333333310949e-04
9.729166666666639240e-04
8.666666666666645669e-04
9.416666666666642215e-04
9.354166666666641509e-04
9.374999999999975801e-04
9.041666666666643400e-04
8.145833333333312234e-04
8.124999999999980111e-04
9.229166666666643350e-04
8.499999999999978927e-04
8.916666666666643072e-04
9.020833333333310193e-04
9.520833333333308252e-04
9.833333333333306361e-04
9.437499999999974338e-04
8.562499999999978548e-04
9.104166666666643022e-04
8.687499999999977792e-04
8.854166666666644534e-04
9.020833333333311277e-04
9.791666666666642115e-04
8.791666666666643828e-04
9.479166666666640753e-04
9.687499999999976078e-04
9.166666666666642644e-04
9.874999999999972775e-04
9.729166666666642493e-04
9.541666666666642543e-04
9.645833333333307495e-04
9.124999999999976229e-04
9.624999999999974288e-04
9.833333333333306361e-04
8.979166666666642694e-04
9.229166666666643350e-04
8.395833333333309638e-04
9.312499999999976179e-04
8.854166666666644534e-04
9.333333333333310470e-04
9.249999999999976557e-04
9.937499999999974565e-04
8.395833333333311806e-04
8.520833333333311050e-04
9.374999999999974716e-04
8.770833333333310621e-04
8.583333333333310671e-04
9.270833333333308680e-04
9.916666666666641358e-04
8.854166666666643450e-04
1.012499999999997777e-03
8.979166666666643778e-04
8.354166666666645391e-04
9.208333333333307974e-04
1.022916666666664380e-03
9.041666666666644484e-04
8.958333333333310571e-04
9.458333333333308630e-04
9.312499999999976179e-04
9.499999999999975044e-04
9.166666666666642644e-04
8.770833333333310621e-04
8.562499999999979633e-04
9.124999999999976229e-04
9.333333333333308302e-04
8.520833333333312134e-04
9.458333333333308630e-04
9.291666666666644056e-04
9.041666666666643400e-04
8.479166666666645719e-04
9.395833333333310092e-04
9.124999999999976229e-04
1.014583333333330881e-03
9.645833333333307495e-04
9.229166666666642265e-04
8.479166666666646804e-04
9.020833333333310193e-04
9.229166666666642265e-04
8.395833333333313974e-04
9.020833333333310193e-04
9.583333333333307873e-04
9.895833333333305983e-04
9.124999999999976229e-04
9.062499999999976607e-04
8.812499999999975952e-04
9.333333333333309386e-04
8.645833333333311378e-04
9.208333333333310142e-04
9.645833333333307495e-04
9.416666666666641131e-04
9.354166666666641509e-04
9.833333333333306361e-04
1.043749999999998455e-03
9.645833333333307495e-04
9.041666666666644484e-04
9.624999999999974288e-04
9.291666666666644056e-04
8.916666666666644156e-04
9.874999999999972775e-04
8.979166666666642694e-04
9.166666666666642644e-04
8.708333333333310999e-04
8.895833333333309865e-04
9.437499999999975422e-04
9.916666666666641358e-04
9.666666666666641787e-04
9.208333333333309058e-04
8.666666666666644585e-04
9.312499999999975095e-04
8.937499999999978448e-04
9.166666666666641559e-04
9.604166666666641081e-04
9.999999999999974187e-04
9.208333333333309058e-04
8.645833333333311378e-04
9.729166666666641409e-04
9.395833333333309008e-04
9.270833333333309764e-04
9.458333333333308630e-04
9.041666666666643400e-04
8.833333333333312411e-04
9.062499999999977691e-04
8.645833333333311378e-04
9.333333333333311554e-04
9.416666666666643299e-04
8.812499999999977036e-04
9.916666666666643527e-04
9.895833333333308151e-04
9.999999999999972019e-04
9.437499999999974338e-04
9.562499999999975750e-04
9.937499999999972397e-04
8.708333333333310999e-04
8.791666666666643828e-04
8.770833333333311705e-04
9.291666666666642972e-04
9.249999999999974389e-04
9.791666666666642115e-04
9.416666666666643299e-04
8.666666666666643501e-04
9.291666666666642972e-04
9.249999999999976557e-04
9.395833333333309008e-04
9.145833333333309436e-04
1.002083333333330739e-03
9.999999999999974187e-04
9.874999999999972775e-04
9.041666666666644484e-04
8.687499999999977792e-04
9.083333333333309815e-04
9.520833333333308252e-04
9.208333333333310142e-04
9.395833333333307924e-04
9.604166666666639996e-04
8.895833333333312033e-04
9.083333333333309815e-04
9.562499999999974666e-04
9.666666666666640702e-04
9.249999999999976557e-04
9.104166666666641938e-04
9.729166666666641409e-04
8.895833333333310949e-04
8.729166666666644207e-04
9.374999999999976885e-04
9.458333333333308630e-04
9.520833333333308252e-04
8.979166666666643778e-04
8.874999999999977742e-04
8.291666666666645770e-04
9.229166666666642265e-04
9.812499999999973153e-04
9.583333333333307873e-04
9.020833333333310193e-04
8.895833333333309865e-04
9.583333333333307873e-04
9.291666666666642972e-04
9.562499999999975750e-04
8.124999999999982280e-04
9.291666666666642972e-04
9.312499999999975095e-04
8.958333333333310571e-04
8.749999999999977414e-04
8.645833333333310293e-04
9.541666666666641459e-04
8.937499999999977364e-04
8.979166666666643778e-04
9.770833333333306739e-04
9.541666666666641459e-04
9.770833333333306739e-04
9.270833333333310848e-04
8.916666666666644156e-04
9.479166666666641837e-04
8.979166666666643778e-04
1.012499999999997994e-03
9.354166666666642593e-04
9.354166666666641509e-04
9.395833333333310092e-04
9.062499999999976607e-04
8.937499999999978448e-04
8.749999999999977414e-04
8.937499999999978448e-04
9.041666666666644484e-04
9.624999999999975372e-04
1.012499999999997994e-03
8.666666666666643501e-04
9.541666666666641459e-04
8.416666666666646097e-04
9.104166666666643022e-04
8.958333333333310571e-04
8.874999999999977742e-04
1.008333333333330702e-03
9.062499999999976607e-04
9.312499999999975095e-04
8.624999999999978170e-04
9.291666666666644056e-04
8.791666666666643828e-04
9.749999999999974616e-04
9.229166666666643350e-04
9.354166666666642593e-04
9.520833333333309336e-04
9.458333333333308630e-04
9.687499999999977162e-04
9.374999999999975801e-04
8.979166666666643778e-04
8.979166666666643778e-04
9.333333333333308302e-04
8.666666666666645669e-04
9.708333333333306033e-04
8.749999999999977414e-04
8.520833333333311050e-04
8.729166666666643122e-04
9.541666666666641459e-04
9.999999999999972019e-04
9.666666666666641787e-04
9.041666666666643400e-04
9.645833333333308579e-04
9.229166666666643350e-04
9.437499999999976507e-04
8.791666666666643828e-04
9.791666666666642115e-04
8.979166666666643778e-04
8.666666666666644585e-04
8.666666666666645669e-04
8.895833333333309865e-04
9.270833333333310848e-04
9.124999999999976229e-04
8.499999999999978927e-04
1.029166666666664559e-03
1.031249999999998097e-03
9.666666666666640702e-04
9.291666666666642972e-04
8.354166666666646476e-04
9.374999999999976885e-04
8.729166666666644207e-04
8.749999999999978498e-04
9.229166666666643350e-04
9.020833333333310193e-04
8.708333333333309915e-04
9.458333333333308630e-04
9.062499999999976607e-04
8.999999999999976985e-04
9.333333333333310470e-04
8.604166666666644963e-04
9.958333333333307773e-04
9.437499999999976507e-04
8.729166666666644207e-04
9.666666666666640702e-04
9.666666666666640702e-04
9.666666666666640702e-04
8.833333333333311327e-04
9.062499999999977691e-04
9.187499999999975851e-04
9.499999999999973960e-04
9.062499999999975523e-04
8.437499999999980389e-04
8.749999999999977414e-04
8.395833333333309638e-04
9.124999999999975145e-04
9.208333333333309058e-04
9.416666666666641131e-04
9.020833333333310193e-04
9.374999999999976885e-04
9.437499999999975422e-04
8.374999999999978599e-04
9.874999999999972775e-04
9.770833333333306739e-04
9.020833333333310193e-04
9.479166666666640753e-04
9.645833333333306411e-04
8.812499999999977036e-04
9.687499999999974994e-04
9.333333333333309386e-04
9.333333333333309386e-04
8.812499999999979204e-04
8.979166666666642694e-04
9.729166666666641409e-04
9.999999999999974187e-04
9.208333333333310142e-04
8.874999999999976658e-04
8.645833333333311378e-04
9.312499999999976179e-04
8.958333333333309487e-04
9.666666666666641787e-04
9.145833333333310521e-04
9.604166666666641081e-04
9.270833333333308680e-04
9.499999999999975044e-04
8.958333333333310571e-04
8.479166666666646804e-04
8.999999999999978070e-04
9.062499999999975523e-04
9.687499999999974994e-04
9.270833333333310848e-04
9.291666666666642972e-04
9.541666666666641459e-04
9.104166666666643022e-04
9.937499999999974565e-04
9.895833333333305983e-04
8.645833333333312462e-04
9.229166666666643350e-04
9.749999999999974616e-04
9.249999999999974389e-04
9.208333333333310142e-04
8.374999999999977515e-04
8.895833333333310949e-04
8.624999999999978170e-04
8.708333333333312084e-04
9.187499999999975851e-04
9.583333333333307873e-04
9.895833333333305983e-04
1.060416666666666322e-03
8.479166666666645719e-04
9.333333333333309386e-04
8.874999999999976658e-04
9.520833333333307167e-04
9.541666666666641459e-04
9.541666666666641459e-04
8.416666666666646097e-04
9.437499999999975422e-04
1.035416666666664305e-03
8.687499999999976708e-04
1.008333333333330918e-03
9.020833333333308024e-04
9.333333333333310470e-04
9.333333333333308302e-04
9.458333333333307546e-04
9.374999999999975801e-04
8.708333333333310999e-04
9.145833333333309436e-04
9.229166666666641181e-04
8.937499999999978448e-04
9.562499999999974666e-04
9.854166666666641736e-04
9.854166666666639568e-04
1.035416666666665172e-03
9.749999999999975700e-04
1.008333333333330918e-03
8.395833333333311806e-04
8.833333333333311327e-04
8.854166666666644534e-04
9.437499999999975422e-04
9.041666666666642316e-04
9.729166666666640324e-04
8.958333333333309487e-04
8.437499999999979305e-04
9.374999999999976885e-04
9.104166666666644106e-04
9.020833333333310193e-04
9.812499999999975322e-04
8.916666666666644156e-04
9.270833333333310848e-04
9.333333333333309386e-04
9.354166666666642593e-04
8.562499999999979633e-04
9.062499999999976607e-04
9.374999999999977969e-04
9.812499999999973153e-04
8.916666666666641988e-04
9.437499999999975422e-04
9.374999999999975801e-04
9.645833333333306411e-04
8.958333333333310571e-04
8.874999999999976658e-04
9.749999999999974616e-04
8.833333333333311327e-04
9.541666666666642543e-04
9.208333333333309058e-04
9.624999999999975372e-04
9.791666666666642115e-04
9.291666666666642972e-04
9.020833333333309108e-04
9.562499999999973582e-04
9.395833333333311176e-04
9.041666666666643400e-04
9.770833333333308907e-04
8.583333333333311756e-04
1.029166666666664993e-03
9.541666666666641459e-04
8.812499999999977036e-04
9.208333333333309058e-04
9.395833333333309008e-04
8.354166666666645391e-04
9.229166666666642265e-04
9.354166666666642593e-04
9.083333333333308730e-04
8.916666666666643072e-04
9.666666666666640702e-04
9.333333333333309386e-04
8.583333333333311756e-04
8.770833333333310621e-04
9.145833333333308352e-04
9.437499999999975422e-04
8.958333333333309487e-04
8.458333333333312512e-04
9.416666666666642215e-04
9.062499999999974439e-04
9.187499999999975851e-04
9.291666666666644056e-04
8.916666666666644156e-04
9.124999999999977313e-04
9.604166666666641081e-04
9.770833333333306739e-04
8.874999999999977742e-04
8.812499999999977036e-04
8.458333333333311428e-04
9.333333333333309386e-04
9.020833333333311277e-04
9.791666666666639946e-04
9.020833333333310193e-04
9.291666666666642972e-04
8.854166666666643450e-04
9.124999999999976229e-04
1.008333333333330918e-03
8.499999999999978927e-04
9.104166666666643022e-04
9.583333333333307873e-04
9.104166666666643022e-04
9.187499999999975851e-04
9.812499999999973153e-04
9.145833333333309436e-04
9.562499999999974666e-04
9.187499999999975851e-04
9.041666666666644484e-04
8.520833333333311050e-04
9.083333333333308730e-04
9.749999999999973532e-04
8.729166666666645291e-04
9.104166666666644106e-04
1.049999999999999068e-03
9.791666666666639946e-04
9.291666666666642972e-04
8.749999999999978498e-04
8.666666666666644585e-04
8.958333333333311655e-04
9.166666666666642644e-04
8.874999999999977742e-04
8.833333333333310243e-04
9.604166666666641081e-04
9.333333333333309386e-04
8.958333333333309487e-04
9.374999999999975801e-04
9.104166666666643022e-04
9.083333333333309815e-04
9.479166666666642921e-04
9.541666666666641459e-04
9.416666666666641131e-04
9.895833333333305983e-04
8.874999999999977742e-04
8.937499999999977364e-04
9.791666666666639946e-04
8.999999999999976985e-04
9.229166666666642265e-04
8.562499999999978548e-04
8.395833333333313974e-04
9.437499999999975422e-04
9.291666666666641887e-04
9.354166666666643678e-04
9.729166666666643577e-04
8.666666666666642416e-04
9.333333333333310470e-04
8.583333333333311756e-04
9.104166666666641938e-04
9.166666666666642644e-04
9.229166666666643350e-04
8.999999999999976985e-04
9.791666666666639946e-04
9.124999999999977313e-04
9.062499999999976607e-04
9.104166666666643022e-04
9.291666666666642972e-04
8.958333333333311655e-04
9.104166666666644106e-04
9.229166666666643350e-04
8.499999999999978927e-04
9.187499999999974767e-04
8.562499999999978548e-04
9.062499999999976607e-04
9.395833333333310092e-04
9.312499999999975095e-04
9.229166666666642265e-04
8.895833333333312033e-04
9.166666666666642644e-04
9.604166666666639996e-04
8.770833333333310621e-04
9.479166666666641837e-04
8.708333333333310999e-04
9.374999999999976885e-04
9.708333333333308201e-04
8.479166666666644635e-04
9.458333333333308630e-04
9.458333333333307546e-04
8.354166666666645391e-04
9.395833333333309008e-04
8.791666666666643828e-04
8.666666666666644585e-04
9.145833333333311605e-04
9.124999999999978397e-04
9.624999999999975372e-04
9.541666666666641459e-04
8.812499999999977036e-04
8.854166666666644534e-04
8.624999999999978170e-04
9.687499999999976078e-04
9.666666666666640702e-04
8.354166666666644307e-04
9.374999999999975801e-04
9.520833333333307167e-04
8.916666666666643072e-04
9.458333333333308630e-04
9.562499999999974666e-04
9.645833333333307495e-04
9.687499999999972826e-04
9.395833333333307924e-04
9.291666666666642972e-04
8.624999999999977086e-04
8.999999999999978070e-04
9.854166666666641736e-04
8.604166666666644963e-04
9.583333333333307873e-04
8.520833333333312134e-04
9.604166666666641081e-04
9.249999999999976557e-04
9.249999999999977641e-04
9.270833333333308680e-04
8.895833333333310949e-04
8.895833333333310949e-04
8.708333333333309915e-04
9.916666666666641358e-04
9.291666666666641887e-04
8.812499999999977036e-04
9.583333333333307873e-04
9.270833333333310848e-04
9.624999999999974288e-04
9.395833333333307924e-04
8.895833333333312033e-04
9.479166666666642921e-04
9.708333333333308201e-04
9.062499999999977691e-04
9.187499999999975851e-04
8.624999999999977086e-04
9.104166666666643022e-04
9.666666666666640702e-04
8.979166666666643778e-04
8.854166666666643450e-04
9.562499999999974666e-04
9.791666666666639946e-04
9.520833333333308252e-04
9.583333333333307873e-04
9.208333333333309058e-04
9.354166666666642593e-04
9.354166666666641509e-04
1.008333333333331135e-03
9.437499999999975422e-04
8.874999999999978826e-04
8.958333333333311655e-04
8.854166666666643450e-04
9.312499999999976179e-04
9.708333333333308201e-04
9.395833333333310092e-04
8.895833333333310949e-04
8.874999999999976658e-04
8.999999999999976985e-04
9.083333333333311983e-04
9.604166666666638912e-04
9.124999999999976229e-04
9.104166666666641938e-04
9.916666666666641358e-04
9.854166666666639568e-04
9.458333333333309714e-04
9.458333333333308630e-04
1.012499999999997994e-03
9.604166666666642165e-04
8.895833333333309865e-04
9.041666666666643400e-04
9.520833333333308252e-04
1.006249999999997598e-03
9.208333333333309058e-04
9.437499999999975422e-04
9.479166666666641837e-04
9.666666666666640702e-04
9.208333333333309058e-04
9.541666666666640375e-04
8.770833333333309537e-04
1.037499999999998276e-03
9.874999999999972775e-04
9.333333333333309386e-04
9.229166666666643350e-04
9.791666666666639946e-04
9.645833333333307495e-04
9.291666666666642972e-04
9.166666666666641559e-04
9.770833333333308907e-04
8.520833333333312134e-04
9.499999999999975044e-04
8.416666666666645013e-04
9.124999999999976229e-04
9.124999999999976229e-04
1.014583333333330881e-03
9.499999999999973960e-04
9.312499999999976179e-04
8.916666666666644156e-04
8.958333333333310571e-04
9.354166666666642593e-04
8.520833333333312134e-04
1.085416666666666604e-03
9.208333333333310142e-04
9.437499999999976507e-04
9.916666666666639190e-04
9.458333333333306461e-04
9.041666666666642316e-04
9.749999999999974616e-04
8.479166666666645719e-04
9.479166666666640753e-04
8.666666666666644585e-04
9.708333333333310370e-04
8.208333333333312941e-04
9.770833333333306739e-04
8.999999999999975901e-04
9.916666666666641358e-04
8.833333333333312411e-04
9.166666666666642644e-04
9.479166666666640753e-04
9.437499999999975422e-04
8.812499999999977036e-04
1.002083333333330523e-03
8.229166666666646148e-04
8.062499999999980490e-04
9.124999999999975145e-04
9.291666666666641887e-04
9.770833333333306739e-04
9.645833333333307495e-04
9.729166666666641409e-04
9.104166666666643022e-04
9.374999999999975801e-04
9.458333333333308630e-04
8.624999999999977086e-04
9.083333333333308730e-04
9.208333333333310142e-04
9.104166666666643022e-04
9.041666666666642316e-04
9.124999999999976229e-04
9.124999999999977313e-04
9.270833333333309764e-04
9.729166666666641409e-04
9.145833333333309436e-04
8.874999999999977742e-04
9.958333333333307773e-04
8.645833333333311378e-04
9.958333333333307773e-04
9.666666666666640702e-04
9.249999999999974389e-04
8.999999999999975901e-04
9.833333333333306361e-04
9.104166666666643022e-04
9.562499999999974666e-04
8.749999999999977414e-04
8.479166666666645719e-04
9.583333333333308958e-04
9.479166666666642921e-04
1.089583333333333246e-03
1.277083333333339050e-03
1.358333333333339426e-03
1.456250000000009186e-03
1.635416666666679106e-03
1.645833333333346794e-03
1.812500000000012452e-03
1.997916666666686020e-03
1.895833333333348750e-03
2.316666666666682573e-03
2.183333333333346143e-03
2.350000000000017006e-03
2.362500000000016063e-03
2.385416666666681073e-03
2.395833333333350496e-03
2.435416666666684674e-03
2.604166666666682135e-03
2.477083333333351522e-03
2.518750000000016635e-03
2.645833333333348115e-03
2.795833333333352846e-03
2.683333333333351792e-03
2.739583333333350367e-03
2.764583333333351083e-03
2.697916666666681784e-03
2.647916666666682087e-03
2.743750000000018743e-03
2.689583333333349802e-03
2.860416666666679500e-03
2.797916666666681613e-03
2.770833333333351262e-03
2.833333333333345680e-03
2.768750000000016857e-03
3.006250000000021492e-03
2.943750000000021870e-03
2.841666666666681999e-03
2.900000000000016280e-03
2.947916666666685476e-03
2.875000000000015130e-03
2.839583333333348027e-03
3.091666666666685256e-03
3.097916666666681532e-03
2.929166666666683638e-03
2.902083333333353287e-03
3.020833333333350617e-03
3.077083333333355264e-03
2.833333333333349583e-03
3.068750000000025017e-03
3.054166666666681580e-03
2.993750000000020700e-03
3.000000000000016542e-03
2.993750000000017231e-03
2.945833333333345867e-03
2.956250000000022228e-03
3.064583333333347533e-03
3.081250000000017569e-03
3.143750000000020660e-03
2.956250000000016157e-03
2.972916666666686625e-03
3.131250000000019001e-03
3.179166666666683860e-03
2.912500000000019240e-03
3.125000000000017954e-03
2.887500000000018958e-03
3.039583333333353322e-03
3.037500000000015014e-03
3.054166666666682881e-03
2.995833333333349034e-03
3.002083333333348779e-03
3.085416666666679440e-03
2.958333333333350128e-03
3.158333333333354122e-03
3.131250000000019868e-03
3.006250000000017589e-03
3.125000000000021424e-03
3.047916666666684003e-03
3.154166666666682710e-03
3.141666666666680183e-03
3.018750000000022717e-03
3.020833333333349316e-03
3.087500000000014712e-03
3.037500000000015882e-03
3.037500000000018484e-03
3.260416666666687054e-03
3.047916666666686605e-03
3.164583333333345194e-03
3.118750000000015173e-03
3.135416666666687811e-03
2.981250000000016005e-03
3.116666666666685973e-03
3.031250000000017437e-03
3.085416666666681174e-03
3.018750000000015778e-03
2.977083333333354568e-03
3.022916666666684588e-03
3.075000000000018691e-03
3.185416666666684906e-03
3.070833333333349447e-03
3.172916666666688017e-03
2.856250000000021966e-03
2.462500000000015024e-03
2.133333333333350783e-03
1.914583333333349287e-03
1.645833333333346360e-03
1.608333333333346804e-03
1.472916666666676620e-03
1.397916666666675556e-03
1.275000000000004212e-03
1.229166666666669421e-03
1.035416666666665606e-03
1.133333333333334499e-03
9.812499999999975322e-04
9.583333333333308958e-04
9.749999999999974616e-04
1.014583333333331098e-03
9.437499999999975422e-04
8.520833333333314302e-04
9.687499999999976078e-04
9.083333333333309815e-04
8.437499999999979305e-04
8.083333333333312613e-04
8.749999999999977414e-04
8.145833333333313319e-04
8.458333333333311428e-04
7.541666666666650308e-04
8.062499999999979405e-04
7.874999999999980540e-04
8.854166666666645619e-04
7.458333333333316394e-04
8.437499999999979305e-04
8.312499999999978977e-04
7.645833333333315260e-04
7.562499999999983515e-04
8.270833333333311478e-04
7.708333333333313797e-04
7.937499999999982330e-04
8.083333333333312613e-04
7.437499999999982103e-04
7.708333333333317050e-04
7.979166666666647660e-04
8.041666666666647282e-04
8.208333333333312941e-04
8.333333333333312184e-04
7.104166666666651871e-04
7.312499999999982859e-04
7.145833333333317201e-04
7.833333333333313041e-04
8.020833333333315159e-04
7.083333333333317579e-04
7.999999999999979784e-04
7.833333333333314125e-04
7.708333333333314882e-04
7.479166666666648517e-04
7.854166666666647333e-04
7.249999999999983237e-04
7.124999999999983994e-04
8.479166666666644635e-04
7.979166666666647660e-04
7.937499999999980162e-04
7.874999999999979456e-04
8.124999999999980111e-04
7.854166666666647333e-04
7.958333333333314453e-04
7.187499999999983616e-04
7.916666666666646954e-04
7.812499999999979834e-04
7.458333333333314226e-04
7.562499999999982431e-04
7.895833333333313747e-04
8.312499999999978977e-04
7.583333333333314554e-04
8.083333333333313697e-04
7.937499999999979078e-04
7.958333333333314453e-04
8.458333333333313596e-04
7.520833333333313848e-04
7.374999999999982481e-04
7.937499999999979078e-04
8.041666666666646198e-04
7.999999999999980868e-04
7.583333333333314554e-04
7.562499999999982431e-04
8.562499999999978548e-04
8.499999999999977842e-04
8.041666666666647282e-04
7.708333333333314882e-04
8.083333333333312613e-04
7.624999999999982053e-04
8.354166666666644307e-04
7.874999999999979456e-04
8.145833333333312234e-04
8.145833333333313319e-04
8.354166666666645391e-04
7.624999999999980968e-04
8.020833333333312991e-04
8.249999999999978271e-04
7.999999999999979784e-04
7.645833333333315260e-04
7.708333333333314882e-04
8.208333333333311856e-04
7.687499999999981674e-04
7.916666666666646954e-04
7.937499999999980162e-04
6.854166666666650131e-04
7.395833333333315688e-04
8.145833333333312234e-04
8.291666666666645770e-04
8.104166666666645820e-04
8.229166666666646148e-04
7.020833333333316873e-04
8.395833333333312890e-04
8.520833333333311050e-04
8.458333333333312512e-04
8.104166666666646904e-04
7.958333333333313369e-04
8.145833333333313319e-04
7.895833333333312663e-04
7.895833333333313747e-04
8.437499999999980389e-04
8.291666666666645770e-04
8.708333333333310999e-04
8.208333333333312941e-04
7.999999999999980868e-04
8.458333333333312512e-04
8.187499999999979733e-04
8.583333333333311756e-04
8.895833333333310949e-04
7.604166666666647761e-04
7.770833333333314503e-04
7.979166666666648745e-04
7.812499999999980918e-04
7.874999999999981624e-04
7.499999999999981725e-04
8.437499999999978221e-04
8.145833333333313319e-04
8.249999999999977187e-04
8.666666666666645669e-04
8.437499999999978221e-04
8.437499999999978221e-04
7.958333333333314453e-04
8.354166666666645391e-04
7.770833333333313419e-04
8.270833333333312562e-04
8.333333333333311100e-04
7.604166666666647761e-04
7.812499999999979834e-04
8.208333333333311856e-04
7.687499999999981674e-04
8.791666666666644913e-04
8.562499999999977464e-04
7.479166666666649602e-04
8.249999999999978271e-04
7.499999999999981725e-04
8.729166666666643122e-04
8.541666666666645341e-04
7.999999999999980868e-04
8.062499999999979405e-04
8.104166666666645820e-04
8.041666666666648366e-04
8.041666666666647282e-04
7.729166666666647005e-04
7.854166666666648417e-04
7.791666666666646627e-04
8.166666666666646526e-04
8.520833333333312134e-04
7.812499999999980918e-04
8.104166666666645820e-04
8.645833333333310293e-04
8.624999999999978170e-04
9.104166666666643022e-04
7.708333333333312713e-04
8.124999999999981196e-04
8.333333333333313268e-04
8.124999999999980111e-04
8.770833333333310621e-04
8.708333333333312084e-04
7.958333333333315537e-04
8.249999999999979355e-04
8.124999999999979027e-04
8.708333333333310999e-04
7.749999999999980212e-04
8.687499999999977792e-04
8.895833333333310949e-04
8.166666666666645442e-04
7.416666666666648896e-04
8.270833333333312562e-04
8.541666666666645341e-04
7.437499999999981019e-04
8.437499999999978221e-04
8.604166666666644963e-04
7.999999999999979784e-04
7.791666666666647711e-04
8.437499999999979305e-04
8.562499999999979633e-04
8.499999999999977842e-04
8.666666666666644585e-04
8.270833333333311478e-04
8.104166666666647988e-04
8.604166666666644963e-04
7.916666666666645870e-04
8.479166666666645719e-04
8.041666666666646198e-04
8.104166666666645820e-04
8.395833333333312890e-04
7.874999999999980540e-04
8.458333333333313596e-04
7.729166666666648089e-04
8.145833333333313319e-04
7.645833333333316344e-04
8.395833333333312890e-04
8.458333333333313596e-04
8.979166666666643778e-04
7.874999999999979456e-04
8.145833333333312234e-04
8.833333333333310243e-04
8.749999999999976330e-04
8.458333333333312512e-04
8.666666666666644585e-04
7.999999999999981952e-04
8.874999999999976658e-04
8.562499999999978548e-04
8.666666666666643501e-04
8.437499999999978221e-04
8.166666666666646526e-04
8.083333333333314781e-04
9.187499999999975851e-04
8.437499999999980389e-04
9.083333333333308730e-04
7.916666666666646954e-04
8.874999999999977742e-04
7.562499999999982431e-04
8.729166666666643122e-04
9.270833333333309764e-04
7.999999999999979784e-04
7.979166666666648745e-04
9.291666666666642972e-04
8.374999999999978599e-04
8.374999999999978599e-04
7.729166666666647005e-04
8.395833333333312890e-04
8.624999999999978170e-04
7.937499999999980162e-04
8.895833333333309865e-04
9.104166666666641938e-04
8.062499999999979405e-04
9.395833333333309008e-04
7.937499999999980162e-04
7.874999999999981624e-04
7.687499999999980590e-04
7.833333333333314125e-04
8.374999999999978599e-04
8.145833333333313319e-04
8.083333333333313697e-04
8.395833333333312890e-04
8.833333333333311327e-04
7.562499999999981347e-04
7.999999999999980868e-04
8.312499999999978977e-04
8.124999999999980111e-04
8.624999999999978170e-04
8.270833333333312562e-04
7.874999999999981624e-04
8.583333333333310671e-04
8.562499999999978548e-04
8.416666666666646097e-04
7.999999999999980868e-04
8.666666666666645669e-04
8.166666666666645442e-04
9.104166666666643022e-04
9.104166666666643022e-04
8.624999999999977086e-04
8.499999999999978927e-04
7.416666666666648896e-04
8.291666666666645770e-04
9.249999999999976557e-04
8.229166666666646148e-04
8.166666666666647610e-04
8.833333333333311327e-04
9.041666666666644484e-04
7.874999999999980540e-04
8.395833333333312890e-04
8.187499999999978649e-04
7.958333333333314453e-04
9.208333333333310142e-04
9.395833333333309008e-04
7.791666666666648795e-04
7.833333333333314125e-04
8.062499999999980490e-04
8.312499999999977893e-04
8.812499999999977036e-04
8.354166666666645391e-04
8.562499999999979633e-04
9.104166666666643022e-04
8.020833333333314075e-04
8.562499999999977464e-04
8.666666666666645669e-04
8.124999999999981196e-04
8.958333333333310571e-04
8.791666666666643828e-04
8.583333333333310671e-04
8.729166666666644207e-04
7.770833333333314503e-04
8.020833333333312991e-04
8.479166666666645719e-04
8.333333333333312184e-04
8.604166666666643879e-04
8.395833333333312890e-04
8.895833333333312033e-04
8.916666666666644156e-04
8.270833333333312562e-04
8.895833333333310949e-04
8.458333333333312512e-04
8.624999999999978170e-04
8.874999999999977742e-04
8.583333333333311756e-04
9.187499999999975851e-04
8.229166666666645064e-04
8.833333333333311327e-04
8.062499999999981574e-04
8.354166666666644307e-04
8.874999999999976658e-04
8.854166666666644534e-04
8.687499999999977792e-04
7.645833333333315260e-04
8.354166666666645391e-04
8.416666666666645013e-04
9.249999999999976557e-04
8.937499999999977364e-04
8.145833333333312234e-04
8.895833333333310949e-04
8.229166666666646148e-04
8.083333333333313697e-04
8.041666666666647282e-04
7.833333333333315210e-04
9.041666666666642316e-04
8.145833333333312234e-04
8.499999999999978927e-04
8.145833333333314403e-04
9.249999999999976557e-04
7.604166666666647761e-04
8.812499999999977036e-04
9.645833333333307495e-04
8.562499999999977464e-04
8.020833333333314075e-04
8.562499999999979633e-04
8.416666666666647182e-04
9.604166666666639996e-04
8.749999999999977414e-04
8.374999999999978599e-04
9.333333333333308302e-04
8.833333333333310243e-04
9.145833333333310521e-04
8.374999999999978599e-04
8.312499999999977893e-04
8.687499999999977792e-04
8.687499999999978876e-04
8.854166666666643450e-04
8.666666666666644585e-04
8.645833333333311378e-04
8.312499999999978977e-04
8.312499999999978977e-04
8.249999999999978271e-04
8.874999999999976658e-04
8.249999999999979355e-04
8.604166666666646047e-04
8.145833333333313319e-04
8.749999999999977414e-04
8.604166666666644963e-04
8.604166666666643879e-04
9.062499999999975523e-04
8.499999999999978927e-04
8.458333333333312512e-04
8.458333333333313596e-04
8.791666666666644913e-04
7.770833333333313419e-04
8.854166666666643450e-04
8.666666666666644585e-04
8.541666666666645341e-04
8.874999999999977742e-04
8.541666666666644257e-04
8.458333333333312512e-04
8.729166666666644207e-04
8.958333333333310571e-04
9.291666666666641887e-04
8.729166666666646375e-04
9.395833333333309008e-04
8.458333333333312512e-04
9.062499999999977691e-04
8.708333333333310999e-04
8.333333333333312184e-04
8.874999999999976658e-04
8.249999999999979355e-04
8.895833333333309865e-04
8.520833333333312134e-04
7.791666666666647711e-04
9.291666666666641887e-04
8.354166666666644307e-04
8.729166666666644207e-04
8.708333333333313168e-04
