5.583333333333320150e-04
6.333333333333317780e-04
6.416666666666649525e-04
7.222222222222204543e-04
6.333333333333318865e-04
7.388888888888870202e-04
6.972222222222203888e-04
8.111111111111089138e-04
7.833333333333311957e-04
7.916666666666645870e-04
7.916666666666644786e-04
8.749999999999976330e-04
8.972222222222198292e-04
8.972222222222199376e-04
8.249999999999978271e-04
8.916666666666643072e-04
8.583333333333309587e-04
8.694444444444421110e-04
8.805555555555531549e-04
8.777777777777752855e-04
9.972222222222194409e-04
9.972222222222196578e-04
8.888888888888865462e-04
8.972222222222198292e-04
9.083333333333307646e-04
8.777777777777751771e-04
8.916666666666643072e-04
9.305555555555530692e-04
7.888888888888868261e-04
8.472222222222199148e-04
8.583333333333310671e-04
8.499999999999978927e-04
7.333333333333313898e-04
9.333333333333307218e-04
9.222222222222196779e-04
9.055555555555530036e-04
8.194444444444421967e-04
8.277777777777754796e-04
9.333333333333308302e-04
8.694444444444420026e-04
9.416666666666640047e-04
8.694444444444421110e-04
9.111111111111085256e-04
9.249999999999976557e-04
8.611111111111087197e-04
9.111111111111085256e-04
9.444444444444417656e-04
8.583333333333310671e-04
9.722222222222195922e-04
9.055555555555530036e-04
1.013888888888886007e-03
9.555555555555529179e-04
9.638888888888860924e-04
9.944444444444416800e-04
9.444444444444418741e-04
9.416666666666642215e-04
8.999999999999975901e-04
9.666666666666639618e-04
9.361111111111084827e-04
8.805555555555530465e-04
8.916666666666641988e-04
8.944444444444419598e-04
9.694444444444418312e-04
9.055555555555531121e-04
9.944444444444416800e-04
9.749999999999973532e-04
8.722222222222197636e-04
9.194444444444418085e-04
9.277777777777753082e-04
8.972222222222198292e-04
9.444444444444418741e-04
9.749999999999973532e-04
8.222222222222200661e-04
9.527777777777750486e-04
9.027777777777753511e-04
9.499999999999973960e-04
8.749999999999977414e-04
8.666666666666642416e-04
8.305555555555533490e-04
9.027777777777752427e-04
1.030555555555552789e-03
9.277777777777751998e-04
8.999999999999975901e-04
9.694444444444419396e-04
9.222222222222195695e-04
9.583333333333306789e-04
9.527777777777750486e-04
9.583333333333308958e-04
8.666666666666643501e-04
8.999999999999975901e-04
9.416666666666641131e-04
9.249999999999974389e-04
1.036111111111108311e-03
8.888888888888865462e-04
8.944444444444420682e-04
9.222222222222196779e-04
8.972222222222197207e-04
8.305555555555531322e-04
1.005555555555552941e-03
8.916666666666640904e-04
9.499999999999975044e-04
8.888888888888863294e-04
9.583333333333306789e-04
1.066666666666663465e-03
8.999999999999973733e-04
9.305555555555528524e-04
9.166666666666641559e-04
9.083333333333307646e-04
8.944444444444420682e-04
8.638888888888865891e-04
9.722222222222194838e-04
1.033333333333330550e-03
9.861111111111081802e-04
9.138888888888862866e-04
9.416666666666640047e-04
9.805555555555526583e-04
1.022222222222219290e-03
9.861111111111081802e-04
1.008333333333330918e-03
8.444444444444420455e-04
8.694444444444421110e-04
9.249999999999974389e-04
9.249999999999973304e-04
8.805555555555531549e-04
9.777777777777748973e-04
9.111111111111087424e-04
8.888888888888865462e-04
9.638888888888860924e-04
9.499999999999973960e-04
8.944444444444419598e-04
9.666666666666638534e-04
9.361111111111084827e-04
9.638888888888862009e-04
8.666666666666643501e-04
1.030555555555552573e-03
9.361111111111085912e-04
8.999999999999975901e-04
8.833333333333310243e-04
9.694444444444418312e-04
8.999999999999976985e-04
9.194444444444419169e-04
9.249999999999974389e-04
8.499999999999976758e-04
9.388888888888862437e-04
9.194444444444418085e-04
9.749999999999972447e-04
9.222222222222195695e-04
9.333333333333307218e-04
9.555555555555528095e-04
9.583333333333305705e-04
9.083333333333308730e-04
9.249999999999973304e-04
8.388888888888865235e-04
9.055555555555530036e-04
9.611111111111085483e-04
9.111111111111085256e-04
9.944444444444418968e-04
9.194444444444419169e-04
8.833333333333310243e-04
1.005555555555552941e-03
9.722222222222195922e-04
9.361111111111084827e-04
9.388888888888864605e-04
9.944444444444416800e-04
8.722222222222197636e-04
8.916666666666641988e-04
8.749999999999975245e-04
9.166666666666641559e-04
9.583333333333305705e-04
9.694444444444416144e-04
9.444444444444417656e-04
8.861111111111087853e-04
1.019444444444441746e-03
8.666666666666642416e-04
9.805555555555528751e-04
8.916666666666641988e-04
1.008333333333330702e-03
1.013888888888886224e-03
8.999999999999975901e-04
9.694444444444416144e-04
9.305555555555531776e-04
8.583333333333309587e-04
9.027777777777753511e-04
8.138888888888866748e-04
1.022222222222219506e-03
9.277777777777751998e-04
9.472222222222195266e-04
8.638888888888864807e-04
9.083333333333307646e-04
1.024999999999997051e-03
9.611111111111084399e-04
9.416666666666640047e-04
9.055555555555530036e-04
9.305555555555530692e-04
9.694444444444416144e-04
9.638888888888860924e-04
8.972222222222197207e-04
9.638888888888862009e-04
8.138888888888867832e-04
9.583333333333307873e-04
7.694444444444424993e-04
8.638888888888864807e-04
8.416666666666645013e-04
9.138888888888863950e-04
9.527777777777750486e-04
9.777777777777751141e-04
8.777777777777753939e-04
8.416666666666646097e-04
9.749999999999974616e-04
9.694444444444416144e-04
9.166666666666641559e-04
9.305555555555530692e-04
9.805555555555526583e-04
8.638888888888865891e-04
9.388888888888861353e-04
9.305555555555530692e-04
1.041666666666663833e-03
9.027777777777753511e-04
9.916666666666639190e-04
9.138888888888863950e-04
8.944444444444420682e-04
9.999999999999972019e-04
9.666666666666638534e-04
8.944444444444421766e-04
9.388888888888864605e-04
9.611111111111085483e-04
9.194444444444419169e-04
8.972222222222198292e-04
9.472222222222196350e-04
8.472222222222201317e-04
9.361111111111086996e-04
9.416666666666640047e-04
9.111111111111086340e-04
9.194444444444419169e-04
9.666666666666640702e-04
8.194444444444421967e-04
9.722222222222197006e-04
9.916666666666639190e-04
1.005555555555552941e-03
9.305555555555530692e-04
9.694444444444416144e-04
8.583333333333311756e-04
9.222222222222194610e-04
1.036111111111108311e-03
9.055555555555531121e-04
9.055555555555530036e-04
9.138888888888862866e-04
8.611111111111088281e-04
9.361111111111084827e-04
8.472222222222200233e-04
9.694444444444415060e-04
9.833333333333306361e-04
9.527777777777749401e-04
9.527777777777751570e-04
8.805555555555530465e-04
8.055555555555535003e-04
9.583333333333307873e-04
9.666666666666638534e-04
8.944444444444419598e-04
9.055555555555531121e-04
8.888888888888863294e-04
9.333333333333308302e-04
9.361111111111085912e-04
9.138888888888863950e-04
9.777777777777748973e-04
8.749999999999976330e-04
9.361111111111085912e-04
8.944444444444421766e-04
8.611111111111087197e-04
9.361111111111084827e-04
8.416666666666645013e-04
9.249999999999973304e-04
9.749999999999971363e-04
9.333333333333307218e-04
9.499999999999973960e-04
9.944444444444416800e-04
9.444444444444418741e-04
9.027777777777753511e-04
9.805555555555528751e-04
1.052777777777774660e-03
9.249999999999974389e-04
8.749999999999975245e-04
9.361111111111084827e-04
9.638888888888860924e-04
9.027777777777753511e-04
9.583333333333306789e-04
9.472222222222196350e-04
9.472222222222195266e-04
1.002777777777775397e-03
9.333333333333308302e-04
9.694444444444420481e-04
9.805555555555528751e-04
8.777777777777753939e-04
9.055555555555530036e-04
9.333333333333307218e-04
9.305555555555529608e-04
9.388888888888862437e-04
8.777777777777753939e-04
8.749999999999976330e-04
8.611111111111088281e-04
8.555555555555533062e-04
9.249999999999974389e-04
9.722222222222193753e-04
9.333333333333309386e-04
9.194444444444419169e-04
8.499999999999976758e-04
8.805555555555530465e-04
9.527777777777750486e-04
8.416666666666645013e-04
9.333333333333309386e-04
9.055555555555532205e-04
9.694444444444418312e-04
9.222222222222197863e-04
1.022222222222219506e-03
9.166666666666641559e-04
8.777777777777752855e-04
9.527777777777751570e-04
9.222222222222196779e-04
9.499999999999973960e-04
9.194444444444419169e-04
8.694444444444421110e-04
9.277777777777753082e-04
9.388888888888864605e-04
9.472222222222195266e-04
9.638888888888862009e-04
8.666666666666642416e-04
9.416666666666640047e-04
9.749999999999974616e-04
9.777777777777751141e-04
8.111111111111089138e-04
8.916666666666643072e-04
9.249999999999976557e-04
1.047222222222219138e-03
9.083333333333308730e-04
9.222222222222196779e-04
8.777777777777752855e-04
9.805555555555530919e-04
1.097222222222219270e-03
9.472222222222196350e-04
9.416666666666640047e-04
9.833333333333306361e-04
9.944444444444416800e-04
1.055555555555552638e-03
9.972222222222194409e-04
9.083333333333308730e-04
9.277777777777753082e-04
9.555555555555528095e-04
8.888888888888865462e-04
9.305555555555530692e-04
9.777777777777748973e-04
9.611111111111084399e-04
1.011111111111108246e-03
9.138888888888861781e-04
9.055555555555531121e-04
9.249999999999974389e-04
9.694444444444416144e-04
9.861111111111081802e-04
9.694444444444418312e-04
9.999999999999972019e-04
9.416666666666640047e-04
8.861111111111087853e-04
9.027777777777753511e-04
9.305555555555529608e-04
8.555555555555533062e-04
9.611111111111083315e-04
8.972222222222197207e-04
1.083333333333330465e-03
9.555555555555529179e-04
9.916666666666637021e-04
9.527777777777750486e-04
8.444444444444421539e-04
9.333333333333309386e-04
9.361111111111085912e-04
8.694444444444421110e-04
9.111111111111086340e-04
9.444444444444417656e-04
8.777777777777753939e-04
9.333333333333307218e-04
9.722222222222194838e-04
9.055555555555531121e-04
9.777777777777751141e-04
9.583333333333306789e-04
9.444444444444417656e-04
8.999999999999974817e-04
9.583333333333305705e-04
9.416666666666640047e-04
9.194444444444419169e-04
9.472222222222197435e-04
8.888888888888865462e-04
8.916666666666641988e-04
9.916666666666639190e-04
9.277777777777753082e-04
1.005555555555552941e-03
9.972222222222194409e-04
8.888888888888864378e-04
9.527777777777749401e-04
1.022222222222219290e-03
9.833333333333304192e-04
9.055555555555530036e-04
9.583333333333305705e-04
9.305555555555529608e-04
9.583333333333306789e-04
1.063888888888886138e-03
8.944444444444418513e-04
8.888888888888864378e-04
1.133333333333330162e-03
9.861111111111081802e-04
9.611111111111084399e-04
8.166666666666646526e-04
8.861111111111087853e-04
8.861111111111087853e-04
9.138888888888863950e-04
1.005555555555552941e-03
9.333333333333307218e-04
9.666666666666638534e-04
8.944444444444419598e-04
9.499999999999975044e-04
8.972222222222197207e-04
8.944444444444420682e-04
8.861111111111087853e-04
9.222222222222195695e-04
9.722222222222197006e-04
9.499999999999972876e-04
9.527777777777750486e-04
9.777777777777751141e-04
8.777777777777755024e-04
1.030555555555552789e-03
8.638888888888864807e-04
8.749999999999976330e-04
9.472222222222196350e-04
8.638888888888865891e-04
9.694444444444416144e-04
9.666666666666639618e-04
1.033333333333330550e-03
8.944444444444420682e-04
8.805555555555531549e-04
8.555555555555533062e-04
8.944444444444420682e-04
8.888888888888866547e-04
9.472222222222196350e-04
9.305555555555529608e-04
9.499999999999972876e-04
9.305555555555529608e-04
9.055555555555531121e-04
8.749999999999976330e-04
9.666666666666637450e-04
8.805555555555529381e-04
8.805555555555532633e-04
9.444444444444418741e-04
8.416666666666643929e-04
9.222222222222195695e-04
9.833333333333306361e-04
9.249999999999974389e-04
8.944444444444420682e-04
9.472222222222196350e-04
9.333333333333307218e-04
8.777777777777755024e-04
8.416666666666643929e-04
9.222222222222196779e-04
9.833333333333306361e-04
9.777777777777751141e-04
8.083333333333312613e-04
8.833333333333310243e-04
8.722222222222197636e-04
8.749999999999976330e-04
9.305555555555529608e-04
9.305555555555529608e-04
9.499999999999972876e-04
9.444444444444417656e-04
9.777777777777751141e-04
1.019444444444441746e-03
9.833333333333306361e-04
8.555555555555533062e-04
1.005555555555552941e-03
9.138888888888863950e-04
9.527777777777752654e-04
9.888888888888859412e-04
9.499999999999975044e-04
9.305555555555529608e-04
9.527777777777749401e-04
1.072222222222219204e-03
8.527777777777754368e-04
9.583333333333307873e-04
9.638888888888860924e-04
9.277777777777751998e-04
9.888888888888861580e-04
8.777777777777753939e-04
9.277777777777753082e-04
9.305555555555529608e-04
8.861111111111088937e-04
8.249999999999977187e-04
1.022222222222219290e-03
8.416666666666646097e-04
9.249999999999973304e-04
8.694444444444421110e-04
9.666666666666639618e-04
9.972222222222194409e-04
9.583333333333306789e-04
9.527777777777751570e-04
9.305555555555530692e-04
9.138888888888863950e-04
1.041666666666663616e-03
8.694444444444421110e-04
9.305555555555530692e-04
8.722222222222196552e-04
9.694444444444416144e-04
9.305555555555529608e-04
9.583333333333306789e-04
9.055555555555530036e-04
8.999999999999974817e-04
9.555555555555529179e-04
9.249999999999976557e-04
1.041666666666663833e-03
9.194444444444418085e-04
8.888888888888865462e-04
8.611111111111087197e-04
8.777777777777752855e-04
8.916666666666641988e-04
8.444444444444421539e-04
9.583333333333305705e-04
9.111111111111085256e-04
9.833333333333306361e-04
9.472222222222195266e-04
9.166666666666641559e-04
9.888888888888861580e-04
1.008333333333330918e-03
9.416666666666641131e-04
9.749999999999973532e-04
9.194444444444418085e-04
1.011111111111108246e-03
8.583333333333309587e-04
1.033333333333330334e-03
9.861111111111083970e-04
9.194444444444417001e-04
9.999999999999972019e-04
9.166666666666641559e-04
9.749999999999975700e-04
8.833333333333308075e-04
9.277777777777753082e-04
9.388888888888863521e-04
8.972222222222198292e-04
8.444444444444421539e-04
1.019444444444441746e-03
9.611111111111084399e-04
9.111111111111086340e-04
8.499999999999975674e-04
8.166666666666644358e-04
9.361111111111085912e-04
9.111111111111085256e-04
9.388888888888862437e-04
1.005555555555552724e-03
9.277777777777751998e-04
8.527777777777754368e-04
9.861111111111083970e-04
9.222222222222195695e-04
9.333333333333308302e-04
9.111111111111085256e-04
9.249999999999974389e-04
9.083333333333309815e-04
8.666666666666643501e-04
9.749999999999974616e-04
8.833333333333311327e-04
9.111111111111086340e-04
8.833333333333308075e-04
9.999999999999972019e-04
8.888888888888865462e-04
9.249999999999974389e-04
9.305555555555530692e-04
9.194444444444419169e-04
9.027777777777752427e-04
9.944444444444416800e-04
8.944444444444419598e-04
9.944444444444416800e-04
9.999999999999972019e-04
8.944444444444419598e-04
9.222222222222197863e-04
9.472222222222197435e-04
9.305555555555531776e-04
8.999999999999975901e-04
9.472222222222195266e-04
1.002777777777775180e-03
9.055555555555530036e-04
9.638888888888862009e-04
1.002777777777775180e-03
9.444444444444419825e-04
1.024999999999997267e-03
8.861111111111087853e-04
9.722222222222197006e-04
9.138888888888863950e-04
9.861111111111081802e-04
9.111111111111086340e-04
9.305555555555530692e-04
1.047222222222219572e-03
8.944444444444420682e-04
9.361111111111085912e-04
9.138888888888863950e-04
9.638888888888860924e-04
1.047222222222219355e-03
9.416666666666641131e-04
8.944444444444419598e-04
9.722222222222198090e-04
9.249999999999974389e-04
9.888888888888861580e-04
8.805555555555530465e-04
8.916666666666641988e-04
9.388888888888862437e-04
9.444444444444418741e-04
8.472222222222200233e-04
8.722222222222197636e-04
9.249999999999973304e-04
8.805555555555531549e-04
8.888888888888865462e-04
9.055555555555531121e-04
8.944444444444419598e-04
8.861111111111087853e-04
9.722222222222194838e-04
8.805555555555531549e-04
9.027777777777754595e-04
9.888888888888859412e-04
9.361111111111084827e-04
8.833333333333310243e-04
9.277777777777754167e-04
9.722222222222195922e-04
9.083333333333307646e-04
9.777777777777751141e-04
9.555555555555528095e-04
8.888888888888865462e-04
9.583333333333307873e-04
9.888888888888861580e-04
8.972222222222198292e-04
9.027777777777751343e-04
8.805555555555530465e-04
8.611111111111087197e-04
8.722222222222198720e-04
9.333333333333307218e-04
9.527777777777751570e-04
8.249999999999977187e-04
8.972222222222197207e-04
8.916666666666643072e-04
9.749999999999973532e-04
9.499999999999975044e-04
1.008333333333330485e-03
9.388888888888863521e-04
9.583333333333305705e-04
9.249999999999974389e-04
9.472222222222196350e-04
9.138888888888863950e-04
9.472222222222195266e-04
9.027777777777751343e-04
8.944444444444419598e-04
9.194444444444419169e-04
9.472222222222195266e-04
9.444444444444418741e-04
9.222222222222196779e-04
9.583333333333306789e-04
9.638888888888863093e-04
9.694444444444416144e-04
9.083333333333308730e-04
9.944444444444416800e-04
9.722222222222194838e-04
9.972222222222194409e-04
8.666666666666642416e-04
8.527777777777753284e-04
9.777777777777751141e-04
1.058333333333330182e-03
9.138888888888862866e-04
9.499999999999973960e-04
9.694444444444419396e-04
8.944444444444421766e-04
9.194444444444418085e-04
9.833333333333306361e-04
9.944444444444418968e-04
9.666666666666638534e-04
9.055555555555530036e-04
8.444444444444422623e-04
8.527777777777755452e-04
9.111111111111085256e-04
8.916666666666641988e-04
9.694444444444418312e-04
9.277777777777753082e-04
8.833333333333308075e-04
9.194444444444420253e-04
9.805555555555528751e-04
9.972222222222196578e-04
9.083333333333306562e-04
8.249999999999978271e-04
1.022222222222219506e-03
9.999999999999972019e-04
9.416666666666642215e-04
9.611111111111083315e-04
8.999999999999974817e-04
9.638888888888862009e-04
9.416666666666640047e-04
8.611111111111087197e-04
8.583333333333309587e-04
9.055555555555530036e-04
9.611111111111084399e-04
8.611111111111087197e-04
9.222222222222196779e-04
9.499999999999973960e-04
1.019444444444441746e-03
9.027777777777752427e-04
9.638888888888862009e-04
9.555555555555528095e-04
9.444444444444419825e-04
9.416666666666640047e-04
9.833333333333304192e-04
9.111111111111085256e-04
9.611111111111084399e-04
9.361111111111084827e-04
9.194444444444418085e-04
9.583333333333305705e-04
9.972222222222196578e-04
9.555555555555528095e-04
9.361111111111084827e-04
8.499999999999977842e-04
9.444444444444418741e-04
9.555555555555529179e-04
9.333333333333307218e-04
1.013888888888886224e-03
9.805555555555528751e-04
9.166666666666640475e-04
9.444444444444417656e-04
8.888888888888864378e-04
9.416666666666641131e-04
8.999999999999974817e-04
9.944444444444418968e-04
9.222222222222196779e-04
8.638888888888865891e-04
9.972222222222194409e-04
8.611111111111087197e-04
8.749999999999977414e-04
8.805555555555531549e-04
8.583333333333309587e-04
9.861111111111083970e-04
9.138888888888863950e-04
9.666666666666639618e-04
9.305555555555529608e-04
8.694444444444418942e-04
9.055555555555532205e-04
9.583333333333305705e-04
9.555555555555528095e-04
9.722222222222194838e-04
9.111111111111088508e-04
8.944444444444418513e-04
8.999999999999975901e-04
1.063888888888885704e-03
9.388888888888862437e-04
9.416666666666640047e-04
8.833333333333308075e-04
9.388888888888863521e-04
9.527777777777751570e-04
9.611111111111085483e-04
1.077777777777774943e-03
9.499999999999973960e-04
9.472222222222195266e-04
9.194444444444420253e-04
8.277777777777754796e-04
9.583333333333306789e-04
9.249999999999973304e-04
8.888888888888865462e-04
8.444444444444421539e-04
9.055555555555530036e-04
9.277777777777751998e-04
8.999999999999976985e-04
8.749999999999975245e-04
1.033333333333330550e-03
8.944444444444420682e-04
8.333333333333311100e-04
9.194444444444418085e-04
8.805555555555530465e-04
9.722222222222195922e-04
9.999999999999972019e-04
9.083333333333308730e-04
9.472222222222196350e-04
9.499999999999973960e-04
9.305555555555529608e-04
8.666666666666643501e-04
9.722222222222195922e-04
1.038888888888886072e-03
9.722222222222195922e-04
9.666666666666638534e-04
8.944444444444419598e-04
1.080555555555552704e-03
1.036111111111108095e-03
8.972222222222199376e-04
1.019444444444441529e-03
9.749999999999973532e-04
9.888888888888859412e-04
9.361111111111085912e-04
9.027777777777752427e-04
9.694444444444418312e-04
1.036111111111108528e-03
8.888888888888864378e-04
9.694444444444416144e-04
8.999999999999974817e-04
9.249999999999974389e-04
9.166666666666642644e-04
9.777777777777751141e-04
9.611111111111082230e-04
8.749999999999977414e-04
9.555555555555528095e-04
9.444444444444416572e-04
9.527777777777750486e-04
8.416666666666643929e-04
9.027777777777753511e-04
8.861111111111087853e-04
8.888888888888865462e-04
9.027777777777753511e-04
8.833333333333308075e-04
8.638888888888865891e-04
8.944444444444419598e-04
9.499999999999972876e-04
9.055555555555531121e-04
9.416666666666641131e-04
9.166666666666641559e-04
9.972222222222194409e-04
8.694444444444418942e-04
9.499999999999972876e-04
9.388888888888863521e-04
9.722222222222195922e-04
8.777777777777753939e-04
1.008333333333330485e-03
9.777777777777748973e-04
1.022222222222219506e-03
9.333333333333309386e-04
1.011111111111108463e-03
9.638888888888862009e-04
9.222222222222195695e-04
9.444444444444418741e-04
9.222222222222197863e-04
8.277777777777754796e-04
9.722222222222194838e-04
9.527777777777751570e-04
9.083333333333307646e-04
8.361111111111087625e-04
9.249999999999976557e-04
9.527777777777752654e-04
8.361111111111088710e-04
8.472222222222199148e-04
9.694444444444418312e-04
9.222222222222196779e-04
9.027777777777753511e-04
8.722222222222198720e-04
9.361111111111084827e-04
9.249999999999973304e-04
9.138888888888863950e-04
9.833333333333306361e-04
9.305555555555530692e-04
9.444444444444417656e-04
9.638888888888862009e-04
8.916666666666643072e-04
9.611111111111084399e-04
8.888888888888864378e-04
9.416666666666640047e-04
9.361111111111084827e-04
9.055555555555530036e-04
9.638888888888860924e-04
8.638888888888865891e-04
9.666666666666639618e-04
9.638888888888862009e-04
9.194444444444420253e-04
9.583333333333306789e-04
9.777777777777751141e-04
9.527777777777750486e-04
9.111111111111086340e-04
8.972222222222197207e-04
9.527777777777750486e-04
9.027777777777753511e-04
9.833333333333304192e-04
8.694444444444418942e-04
9.138888888888862866e-04
8.861111111111086769e-04
8.999999999999974817e-04
9.611111111111082230e-04
9.444444444444417656e-04
9.249999999999973304e-04
9.472222222222194182e-04
8.333333333333311100e-04
9.972222222222194409e-04
8.805555555555532633e-04
9.749999999999972447e-04
8.916666666666641988e-04
9.027777777777753511e-04
9.222222222222195695e-04
9.166666666666644812e-04
9.277777777777753082e-04
9.361111111111085912e-04
8.888888888888864378e-04
9.861111111111081802e-04
9.972222222222194409e-04
9.722222222222197006e-04
9.388888888888863521e-04
9.361111111111086996e-04
1.002777777777775180e-03
9.277777777777753082e-04
9.083333333333309815e-04
9.499999999999973960e-04
9.305555555555529608e-04
8.583333333333310671e-04
9.166666666666642644e-04
9.722222222222195922e-04
9.583333333333304621e-04
9.277777777777753082e-04
9.194444444444419169e-04
8.638888888888864807e-04
9.111111111111087424e-04
9.499999999999973960e-04
8.999999999999974817e-04
9.083333333333308730e-04
8.944444444444420682e-04
9.055555555555531121e-04
8.749999999999975245e-04
8.333333333333310016e-04
9.722222222222194838e-04
9.944444444444416800e-04
8.749999999999975245e-04
8.777777777777755024e-04
9.361111111111086996e-04
8.611111111111088281e-04
1.027777777777775028e-03
9.361111111111085912e-04
9.611111111111083315e-04
9.222222222222196779e-04
9.777777777777751141e-04
9.222222222222196779e-04
9.027777777777753511e-04
9.944444444444418968e-04
9.361111111111086996e-04
8.638888888888864807e-04
9.305555555555530692e-04
1.011111111111108463e-03
9.194444444444418085e-04
9.583333333333306789e-04
9.694444444444418312e-04
9.527777777777750486e-04
9.861111111111083970e-04
9.499999999999975044e-04
9.416666666666640047e-04
9.361111111111084827e-04
9.305555555555530692e-04
9.222222222222195695e-04
9.972222222222194409e-04
8.722222222222198720e-04
9.277777777777749830e-04
8.277777777777755881e-04
8.722222222222198720e-04
9.777777777777748973e-04
9.583333333333306789e-04
9.305555555555529608e-04
9.333333333333308302e-04
8.916666666666643072e-04
9.888888888888861580e-04
9.361111111111085912e-04
9.583333333333306789e-04
9.305555555555529608e-04
8.499999999999977842e-04
9.888888888888861580e-04
9.222222222222195695e-04
9.444444444444419825e-04
1.030555555555552789e-03
9.777777777777748973e-04
9.138888888888862866e-04
9.527777777777750486e-04
8.611111111111087197e-04
9.083333333333308730e-04
8.333333333333311100e-04
9.722222222222194838e-04
9.249999999999973304e-04
9.999999999999972019e-04
9.611111111111084399e-04
9.166666666666640475e-04
9.916666666666639190e-04
1.008333333333330702e-03
9.277777777777749830e-04
9.055555555555528952e-04
9.388888888888863521e-04
9.555555555555529179e-04
9.638888888888862009e-04
9.166666666666641559e-04
9.111111111111085256e-04
9.611111111111084399e-04
9.305555555555530692e-04
9.916666666666639190e-04
8.861111111111086769e-04
9.444444444444418741e-04
8.444444444444421539e-04
9.444444444444418741e-04
8.972222222222197207e-04
9.361111111111084827e-04
8.999999999999974817e-04
9.749999999999973532e-04
9.416666666666640047e-04
9.861111111111083970e-04
8.527777777777754368e-04
9.555555555555529179e-04
9.527777777777751570e-04
8.944444444444420682e-04
9.249999999999976557e-04
1.013888888888886224e-03
1.055555555555552421e-03
1.205555555555552164e-03
1.186111111111107837e-03
1.352777777777773929e-03
1.524999999999995543e-03
1.624999999999995372e-03
1.669444444444439330e-03
1.772222222222216920e-03
1.819444444444439073e-03
1.922222222222216446e-03
1.819444444444439073e-03
1.891666666666661075e-03
2.011111111111105014e-03
1.930555555555549946e-03
1.916666666666660924e-03
1.944444444444438968e-03
2.149999999999993062e-03
2.041666666666660818e-03
2.047222222222216340e-03
2.183333333333327061e-03
2.111111111111104843e-03
2.102777777777771560e-03
1.969444444444438599e-03
2.013888888888883209e-03
2.230555555555548998e-03
2.022222222222216492e-03
2.199999999999993627e-03
2.069444444444438428e-03
2.088888888888882755e-03
2.213888888888882432e-03
2.108333333333327082e-03
2.113888888888882604e-03
2.202777777777771822e-03
2.263888888888882130e-03
2.211111111111104671e-03
2.322222222222215110e-03
2.169444444444438257e-03
2.166666666666660496e-03
2.380555555555548524e-03
2.213888888888882432e-03
2.163888888888882735e-03
2.097222222222215604e-03
2.202777777777771388e-03
2.286111111111104217e-03
2.197222222222215433e-03
2.105555555555548887e-03
2.324999999999992871e-03
2.138888888888882452e-03
2.338888888888882110e-03
2.144444444444437974e-03
2.161111111111104974e-03
2.119444444444438126e-03
2.155555555555549018e-03
2.111111111111104843e-03
2.169444444444438257e-03
2.197222222222215433e-03
2.158333333333327213e-03
2.138888888888882452e-03
2.166666666666660496e-03
2.219444444444437954e-03
2.172222222222216018e-03
2.030555555555549774e-03
2.252777777777771086e-03
2.169444444444438257e-03
2.047222222222216340e-03
2.163888888888882735e-03
2.030555555555549341e-03
2.111111111111104843e-03
2.166666666666660496e-03
2.074999999999993950e-03
2.111111111111104843e-03
2.033333333333327535e-03
2.091666666666660516e-03
2.011111111111105448e-03
2.172222222222215584e-03
2.077777777777771277e-03
2.172222222222215584e-03
2.022222222222216492e-03
1.927777777777771968e-03
2.133333333333326930e-03
2.013888888888883209e-03
2.113888888888882604e-03
2.130555555555548736e-03
2.177777777777771540e-03
2.136111111111104691e-03
2.011111111111105014e-03
2.147222222222215302e-03
2.016666666666660970e-03
2.077777777777771711e-03
2.094444444444438277e-03
2.113888888888882604e-03
2.058333333333327384e-03
2.052777777777771429e-03
2.024999999999993819e-03
2.124999999999993647e-03
1.888888888888883531e-03
2.127777777777771408e-03
2.072222222222216189e-03
2.022222222222216492e-03
2.033333333333327102e-03
2.055555555555549623e-03
1.991666666666660687e-03
2.049999999999993668e-03
2.144444444444437974e-03
2.130555555555548736e-03
2.013888888888883209e-03
2.011111111111105448e-03
2.049999999999994101e-03
2.122222222222215886e-03
2.113888888888882170e-03
2.102777777777771560e-03
2.205555555555548716e-03
2.169444444444437823e-03
2.180555555555549301e-03
2.102777777777771560e-03
2.172222222222215584e-03
2.213888888888882432e-03
2.183333333333327061e-03
2.069444444444438428e-03
2.155555555555549018e-03
2.266666666666659891e-03
2.180555555555549301e-03
2.083333333333326799e-03
2.291666666666659739e-03
2.238888888888882281e-03
2.197222222222215866e-03
2.174999999999993345e-03
2.186111111111104822e-03
2.233333333333326759e-03
2.124999999999993647e-03
2.086111111111104994e-03
2.091666666666660516e-03
2.130555555555549169e-03
2.280555555555548262e-03
2.224999999999993476e-03
2.227777777777771237e-03
2.113888888888882604e-03
2.191666666666660344e-03
2.052777777777771862e-03
2.130555555555549169e-03
2.172222222222216018e-03
2.102777777777771126e-03
2.208333333333326910e-03
2.088888888888882755e-03
1.955555555555549361e-03
2.169444444444438257e-03
2.055555555555549190e-03
2.155555555555549018e-03
2.261111111111104369e-03
2.144444444444437974e-03
2.233333333333326759e-03
2.024999999999994253e-03
2.022222222222216492e-03
2.066666666666660233e-03
2.086111111111104560e-03
2.180555555555549301e-03
2.030555555555549774e-03
2.072222222222215755e-03
2.199999999999993627e-03
2.186111111111104389e-03
2.124999999999993647e-03
2.097222222222215604e-03
2.133333333333326930e-03
2.230555555555548998e-03
2.024999999999994253e-03
2.088888888888882755e-03
2.030555555555549774e-03
2.141666666666660213e-03
1.994444444444438448e-03
2.049999999999993668e-03
2.108333333333327082e-03
2.144444444444437974e-03
2.172222222222216018e-03
2.091666666666660516e-03
2.011111111111105448e-03
1.947222222222216295e-03
2.111111111111104843e-03
2.094444444444438277e-03
1.933333333333327273e-03
2.027777777777772013e-03
2.047222222222215907e-03
2.166666666666660496e-03
1.991666666666660687e-03
2.072222222222216189e-03
1.966666666666660838e-03
2.024999999999994253e-03
2.022222222222216058e-03
2.174999999999993779e-03
1.877777777777772054e-03
2.127777777777771408e-03
2.005555555555549926e-03
2.058333333333326950e-03
2.138888888888882452e-03
1.974999999999993688e-03
2.041666666666660818e-03
2.058333333333327384e-03
1.961111111111105317e-03
1.969444444444438166e-03
2.049999999999994101e-03
1.952777777777772034e-03
1.966666666666660838e-03
2.008333333333327687e-03
1.963888888888882644e-03
1.986111111111105165e-03
1.999999999999993970e-03
1.863888888888883249e-03
1.849999999999994227e-03
2.005555555555549926e-03
1.897222222222216597e-03
2.019444444444438731e-03
1.902777777777772336e-03
1.908333333333327641e-03
2.019444444444438731e-03
1.969444444444438599e-03
1.916666666666660924e-03
1.966666666666660838e-03
1.830555555555549900e-03
1.986111111111105165e-03
1.922222222222216663e-03
1.930555555555549729e-03
1.830555555555549900e-03
1.974999999999994121e-03
1.808333333333328029e-03
1.983333333333327404e-03
1.861111111111105705e-03
1.874999999999994510e-03
1.924999999999994424e-03
1.880555555555549815e-03
1.855555555555549966e-03
1.855555555555549966e-03
1.791666666666661247e-03
1.963888888888883077e-03
1.863888888888883249e-03
1.847222222222216683e-03
1.836111111111105639e-03
1.886111111111105553e-03
1.958333333333327122e-03
1.813888888888883551e-03
1.961111111111105317e-03
1.991666666666660687e-03
1.897222222222216381e-03
1.833333333333328095e-03
1.852777777777772205e-03
1.861111111111105488e-03
1.927777777777771751e-03
1.916666666666660924e-03
1.858333333333327727e-03
1.891666666666661075e-03
1.899999999999994358e-03
1.913888888888883163e-03
1.908333333333327641e-03
1.986111111111105165e-03
1.874999999999994726e-03
1.941666666666660773e-03
1.794444444444439225e-03
1.894444444444438620e-03
1.919444444444438685e-03
1.874999999999994510e-03
1.777777777777772659e-03
1.822222222222216617e-03
1.699999999999995135e-03
1.847222222222216683e-03
1.808333333333328246e-03
1.802777777777772508e-03
1.911111111111105402e-03
1.827777777777772356e-03
1.808333333333327813e-03
1.722222222222217006e-03
1.838888888888883400e-03
1.755555555555550354e-03
1.877777777777772271e-03
1.911111111111105402e-03
1.774999999999994898e-03
1.883333333333327793e-03
1.763888888888883637e-03
1.866666666666661010e-03
1.866666666666661010e-03
1.727777777777772744e-03
1.844444444444438922e-03
1.844444444444438922e-03
1.722222222222217223e-03
1.763888888888883637e-03
1.883333333333327576e-03
1.855555555555549749e-03
1.730555555555550289e-03
1.736111111111106027e-03
1.783333333333328181e-03
1.788888888888883486e-03
1.702777777777772896e-03
1.694444444444439396e-03
1.802777777777772291e-03
1.866666666666661227e-03
1.836111111111105422e-03
1.802777777777772508e-03
1.666666666666661569e-03
1.736111111111106244e-03
1.838888888888883400e-03
1.719444444444439462e-03
1.663888888888884025e-03
1.613888888888884328e-03
1.705555555555550657e-03
1.669444444444439547e-03
1.766666666666661398e-03
1.730555555555550289e-03
1.941666666666660773e-03
1.722222222222217006e-03
1.766666666666661181e-03
1.755555555555550137e-03
1.797222222222216769e-03
1.716666666666661267e-03
1.749999999999994615e-03
1.691666666666661635e-03
1.719444444444439462e-03
1.655555555555550742e-03
1.863888888888883466e-03
1.669444444444439330e-03
1.686111111111106330e-03
1.766666666666661398e-03
1.763888888888883637e-03
1.677777777777772613e-03
1.708333333333328418e-03
1.674999999999994852e-03
1.769444444444439376e-03
1.722222222222217223e-03
1.699999999999995135e-03
1.752777777777772593e-03
1.666666666666661786e-03
1.697222222222217157e-03
1.652777777777772981e-03
1.747222222222216854e-03
1.758333333333328115e-03
1.622222222222217611e-03
1.588888888888884262e-03
1.749999999999994832e-03
1.722222222222217223e-03
1.691666666666661852e-03
1.733333333333328050e-03
1.630555555555550677e-03
1.755555555555550137e-03
1.741666666666661549e-03
1.588888888888884262e-03
1.627777777777772916e-03
1.708333333333328201e-03
1.683333333333328135e-03
1.599999999999995306e-03
1.622222222222217394e-03
1.663888888888883809e-03
1.655555555555550742e-03
1.641666666666661938e-03
1.669444444444439547e-03
1.683333333333328569e-03
1.658333333333328503e-03
1.727777777777772744e-03
1.602777777777773284e-03
1.633333333333328438e-03
1.591666666666661806e-03
1.719444444444439245e-03
1.613888888888884111e-03
1.511111111111106738e-03
1.466666666666662563e-03
1.802777777777772508e-03
1.708333333333328418e-03
1.672222222222217091e-03
1.705555555555550440e-03
1.577777777777773002e-03
1.724999999999994984e-03
1.674999999999994852e-03
1.705555555555550657e-03
1.636111111111106199e-03
1.666666666666661569e-03
1.686111111111106113e-03
1.580555555555550979e-03
1.563888888888884414e-03
1.577777777777773002e-03
1.599999999999995523e-03
1.505555555555551000e-03
1.633333333333328438e-03
1.694444444444439613e-03
1.583333333333328740e-03
1.686111111111106330e-03
1.513888888888884716e-03
1.458333333333329280e-03
1.636111111111106416e-03
1.458333333333329063e-03
1.533333333333328826e-03
1.549999999999995392e-03
1.605555555555551262e-03
1.691666666666661635e-03
1.686111111111106330e-03
1.677777777777772830e-03
1.563888888888884197e-03
1.530555555555551065e-03
1.613888888888884111e-03
1.513888888888884499e-03
1.658333333333328720e-03
1.563888888888884414e-03
1.636111111111106199e-03
1.580555555555550763e-03
1.641666666666661721e-03
1.474999999999995412e-03
1.488888888888884434e-03
1.619444444444439633e-03
1.541666666666662326e-03
1.558333333333328675e-03
1.597222222222217328e-03
1.505555555555551216e-03
1.594444444444439567e-03
1.644444444444439482e-03
1.549999999999995392e-03
1.583333333333328524e-03
1.611111111111106567e-03
1.388888888888884822e-03
1.555555555555551131e-03
1.563888888888884414e-03
1.530555555555551065e-03
1.480555555555551151e-03
1.511111111111106738e-03
1.597222222222217328e-03
1.527777777777773304e-03
1.472222222222217868e-03
1.438888888888884736e-03
1.416666666666662432e-03
1.691666666666661635e-03
1.527777777777773304e-03
1.491666666666662195e-03
1.555555555555550914e-03
1.683333333333328569e-03
1.447222222222218019e-03
1.522222222222217999e-03
1.624999999999995372e-03
1.547222222222217631e-03
1.522222222222217782e-03
1.683333333333328569e-03
1.480555555555551151e-03
1.502777777777773239e-03
1.474999999999995629e-03
1.530555555555551065e-03
1.527777777777773304e-03
1.577777777777773218e-03
1.508333333333328977e-03
1.547222222222217848e-03
1.436111111111106758e-03
1.691666666666661852e-03
1.477777777777773607e-03
1.494444444444439956e-03
1.477777777777773390e-03
1.491666666666662195e-03
1.361111111111107212e-03
1.397222222222218322e-03
1.547222222222217848e-03
1.536111111111106804e-03
1.569444444444439719e-03
1.491666666666662195e-03
1.672222222222217308e-03
1.469444444444440107e-03
1.511111111111106738e-03
1.461111111111106824e-03
1.461111111111106607e-03
1.505555555555551216e-03
1.530555555555551282e-03
1.449999999999995780e-03
1.511111111111106738e-03
1.552777777777773153e-03
1.647222222222217460e-03
1.441666666666662714e-03
1.511111111111106955e-03
1.622222222222217394e-03
1.516666666666662477e-03
1.438888888888884953e-03
1.563888888888884197e-03
1.430555555555551453e-03
1.486111111111106890e-03
1.508333333333328977e-03
1.441666666666662280e-03
1.441666666666662497e-03
1.536111111111106804e-03
1.344444444444440863e-03
1.433333333333329214e-03
1.461111111111106607e-03
1.516666666666662260e-03
1.411111111111107127e-03
1.636111111111106416e-03
1.486111111111106673e-03
1.386111111111107061e-03
1.711111111111105962e-03
1.458333333333329063e-03
1.427777777777773909e-03
1.416666666666662432e-03
1.402777777777773627e-03
1.563888888888884414e-03
1.388888888888884822e-03
1.380555555555551539e-03
1.461111111111107041e-03
1.441666666666662497e-03
1.533333333333328826e-03
1.438888888888884736e-03
1.488888888888884434e-03
1.474999999999995629e-03
1.480555555555551151e-03
1.419444444444440193e-03
