5.083333333333322091e-04
6.249999999999984951e-04
5.999999999999985380e-04
6.944444444444426278e-04
6.999999999999981497e-04
6.999999999999981497e-04
7.777777777777756738e-04
7.666666666666646299e-04
7.888888888888868261e-04
7.694444444444424993e-04
7.444444444444424337e-04
8.749999999999975245e-04
8.972222222222198292e-04
7.611111111111092163e-04
7.972222222222201090e-04
8.611111111111089365e-04
8.805555555555531549e-04
8.333333333333311100e-04
8.944444444444421766e-04
8.749999999999976330e-04
9.361111111111084827e-04
8.777777777777753939e-04
8.916666666666641988e-04
9.055555555555531121e-04
8.805555555555529381e-04
9.888888888888861580e-04
9.499999999999973960e-04
9.111111111111086340e-04
9.777777777777751141e-04
8.861111111111087853e-04
8.694444444444420026e-04
8.916666666666643072e-04
9.722222222222195922e-04
9.833333333333306361e-04
8.555555555555533062e-04
9.333333333333307218e-04
8.388888888888865235e-04
9.138888888888865034e-04
9.305555555555530692e-04
9.305555555555530692e-04
8.833333333333310243e-04
9.472222222222195266e-04
9.611111111111084399e-04
9.611111111111084399e-04
9.249999999999974389e-04
9.083333333333308730e-04
9.166666666666640475e-04
9.111111111111085256e-04
1.011111111111108246e-03
9.638888888888860924e-04
8.611111111111089365e-04
9.583333333333307873e-04
9.805555555555526583e-04
8.805555555555531549e-04
8.749999999999975245e-04
9.111111111111086340e-04
9.694444444444419396e-04
9.527777777777751570e-04
1.002777777777774963e-03
8.888888888888865462e-04
9.583333333333305705e-04
8.805555555555531549e-04
8.777777777777755024e-04
9.249999999999974389e-04
1.055555555555552638e-03
8.249999999999978271e-04
8.916666666666641988e-04
8.972222222222198292e-04
9.111111111111084172e-04
9.555555555555529179e-04
9.027777777777753511e-04
9.472222222222197435e-04
8.833333333333308075e-04
8.555555555555533062e-04
9.027777777777752427e-04
8.916666666666643072e-04
9.555555555555529179e-04
9.611111111111085483e-04
9.833333333333306361e-04
8.638888888888865891e-04
9.611111111111084399e-04
9.055555555555530036e-04
8.749999999999976330e-04
9.583333333333304621e-04
9.305555555555531776e-04
1.016666666666663985e-03
9.305555555555529608e-04
9.999999999999974187e-04
9.055555555555531121e-04
8.972222222222199376e-04
9.583333333333305705e-04
8.916666666666641988e-04
9.666666666666639618e-04
9.888888888888859412e-04
9.111111111111086340e-04
9.388888888888863521e-04
9.416666666666641131e-04
9.277777777777751998e-04
9.055555555555530036e-04
9.111111111111085256e-04
8.999999999999975901e-04
9.555555555555529179e-04
8.527777777777755452e-04
9.277777777777751998e-04
9.083333333333307646e-04
8.694444444444418942e-04
1.058333333333330182e-03
9.166666666666641559e-04
9.333333333333307218e-04
9.666666666666638534e-04
9.749999999999973532e-04
8.444444444444421539e-04
9.361111111111084827e-04
9.777777777777751141e-04
1.033333333333330334e-03
9.611111111111083315e-04
9.833333333333304192e-04
8.972222222222197207e-04
8.888888888888865462e-04
9.638888888888862009e-04
9.277777777777751998e-04
9.166666666666641559e-04
9.249999999999974389e-04
8.444444444444422623e-04
9.305555555555530692e-04
9.638888888888862009e-04
8.416666666666645013e-04
8.527777777777754368e-04
9.333333333333309386e-04
9.749999999999973532e-04
9.916666666666641358e-04
8.916666666666643072e-04
9.777777777777748973e-04
1.016666666666663985e-03
9.666666666666638534e-04
1.033333333333330334e-03
9.138888888888865034e-04
9.055555555555531121e-04
9.805555555555528751e-04
8.861111111111088937e-04
9.138888888888862866e-04
9.111111111111087424e-04
9.277777777777751998e-04
8.499999999999977842e-04
9.777777777777748973e-04
9.361111111111084827e-04
9.166666666666642644e-04
9.083333333333308730e-04
9.305555555555530692e-04
8.972222222222198292e-04
9.972222222222194409e-04
9.277777777777753082e-04
9.361111111111084827e-04
8.611111111111086113e-04
9.083333333333307646e-04
9.888888888888861580e-04
9.166666666666641559e-04
9.583333333333307873e-04
9.638888888888864177e-04
8.916666666666641988e-04
9.277777777777753082e-04
9.194444444444419169e-04
9.833333333333306361e-04
7.999999999999980868e-04
9.249999999999973304e-04
1.022222222222219506e-03
9.305555555555530692e-04
9.805555555555526583e-04
8.833333333333310243e-04
9.749999999999973532e-04
8.749999999999977414e-04
9.444444444444418741e-04
8.833333333333308075e-04
8.694444444444422194e-04
8.611111111111087197e-04
9.777777777777751141e-04
8.999999999999975901e-04
9.527777777777750486e-04
9.055555555555531121e-04
9.527777777777751570e-04
9.277777777777753082e-04
9.583333333333305705e-04
9.583333333333306789e-04
9.888888888888861580e-04
9.861111111111081802e-04
8.694444444444421110e-04
9.194444444444418085e-04
9.416666666666641131e-04
9.499999999999973960e-04
1.016666666666663985e-03
9.722222222222194838e-04
9.472222222222196350e-04
9.222222222222195695e-04
9.472222222222197435e-04
9.194444444444419169e-04
8.444444444444422623e-04
9.638888888888862009e-04
9.527777777777750486e-04
9.611111111111084399e-04
9.027777777777754595e-04
8.805555555555530465e-04
9.194444444444419169e-04
9.194444444444420253e-04
9.555555555555528095e-04
9.611111111111083315e-04
8.555555555555533062e-04
8.972222222222198292e-04
7.527777777777757166e-04
8.444444444444422623e-04
9.222222222222196779e-04
9.499999999999972876e-04
9.777777777777751141e-04
8.333333333333310016e-04
9.305555555555531776e-04
9.388888888888863521e-04
8.999999999999974817e-04
9.666666666666638534e-04
9.027777777777755679e-04
9.916666666666637021e-04
8.888888888888864378e-04
9.694444444444418312e-04
8.888888888888864378e-04
9.722222222222195922e-04
9.305555555555531776e-04
9.083333333333309815e-04
9.166666666666641559e-04
9.166666666666640475e-04
9.277777777777753082e-04
9.694444444444416144e-04
8.999999999999974817e-04
9.944444444444416800e-04
8.805555555555530465e-04
9.138888888888863950e-04
8.805555555555535886e-04
9.527777777777752654e-04
9.361111111111085912e-04
8.638888888888864807e-04
9.944444444444416800e-04
9.777777777777751141e-04
9.138888888888863950e-04
9.805555555555526583e-04
9.111111111111086340e-04
8.777777777777753939e-04
9.055555555555530036e-04
9.638888888888863093e-04
1.013888888888886224e-03
9.222222222222195695e-04
9.805555555555526583e-04
9.555555555555528095e-04
8.805555555555531549e-04
8.805555555555530465e-04
9.916666666666639190e-04
9.444444444444419825e-04
9.888888888888861580e-04
8.555555555555531978e-04
9.638888888888862009e-04
9.583333333333306789e-04
8.833333333333310243e-04
8.611111111111088281e-04
9.833333333333306361e-04
9.305555555555530692e-04
9.472222222222196350e-04
9.972222222222196578e-04
8.999999999999976985e-04
9.444444444444417656e-04
8.861111111111086769e-04
9.305555555555530692e-04
9.583333333333306789e-04
9.055555555555532205e-04
9.472222222222195266e-04
9.416666666666638963e-04
9.222222222222196779e-04
9.277777777777751998e-04
8.472222222222201317e-04
9.222222222222196779e-04
9.138888888888863950e-04
9.388888888888863521e-04
9.833333333333306361e-04
1.027777777777775245e-03
1.024999999999997051e-03
8.416666666666643929e-04
9.027777777777752427e-04
1.005555555555552941e-03
8.527777777777753284e-04
9.916666666666641358e-04
8.944444444444419598e-04
8.388888888888866319e-04
8.722222222222198720e-04
8.333333333333310016e-04
9.277777777777753082e-04
9.194444444444418085e-04
9.166666666666641559e-04
9.333333333333308302e-04
9.305555555555530692e-04
8.944444444444420682e-04
8.861111111111086769e-04
9.694444444444415060e-04
9.027777777777751343e-04
9.499999999999973960e-04
9.111111111111086340e-04
9.166666666666641559e-04
9.083333333333307646e-04
9.416666666666640047e-04
9.722222222222197006e-04
9.833333333333306361e-04
9.111111111111086340e-04
9.055555555555531121e-04
8.361111111111088710e-04
8.833333333333310243e-04
8.277777777777754796e-04
9.749999999999972447e-04
9.138888888888862866e-04
8.472222222222200233e-04
1.016666666666663985e-03
9.333333333333308302e-04
9.416666666666642215e-04
8.972222222222197207e-04
9.833333333333306361e-04
9.888888888888861580e-04
9.166666666666640475e-04
9.527777777777751570e-04
9.944444444444416800e-04
9.611111111111084399e-04
9.027777777777753511e-04
8.999999999999976985e-04
9.888888888888861580e-04
9.527777777777751570e-04
9.666666666666640702e-04
9.249999999999974389e-04
9.027777777777752427e-04
8.749999999999976330e-04
8.222222222222201745e-04
9.416666666666642215e-04
9.277777777777755251e-04
9.694444444444419396e-04
8.888888888888864378e-04
8.305555555555532406e-04
8.972222222222198292e-04
9.138888888888862866e-04
8.972222222222198292e-04
9.027777777777752427e-04
8.805555555555530465e-04
9.583333333333306789e-04
9.222222222222195695e-04
9.083333333333309815e-04
9.166666666666640475e-04
9.499999999999973960e-04
9.499999999999973960e-04
9.555555555555529179e-04
8.555555555555531978e-04
9.277777777777754167e-04
9.499999999999972876e-04
9.499999999999972876e-04
9.333333333333308302e-04
8.805555555555531549e-04
9.138888888888863950e-04
8.666666666666641332e-04
9.638888888888862009e-04
8.972222222222197207e-04
8.722222222222197636e-04
8.916666666666641988e-04
9.527777777777750486e-04
9.027777777777753511e-04
9.749999999999972447e-04
8.638888888888864807e-04
8.861111111111086769e-04
9.527777777777751570e-04
9.277777777777751998e-04
8.805555555555530465e-04
8.555555555555533062e-04
8.999999999999975901e-04
8.611111111111089365e-04
8.555555555555534146e-04
9.083333333333307646e-04
9.083333333333308730e-04
1.058333333333330399e-03
8.722222222222197636e-04
1.013888888888886224e-03
8.416666666666646097e-04
8.972222222222198292e-04
9.277777777777753082e-04
9.388888888888862437e-04
9.027777777777753511e-04
9.027777777777753511e-04
9.138888888888863950e-04
9.499999999999975044e-04
9.666666666666639618e-04
9.305555555555529608e-04
9.361111111111085912e-04
1.005555555555552941e-03
8.888888888888866547e-04
9.638888888888862009e-04
8.694444444444420026e-04
9.805555555555528751e-04
9.361111111111084827e-04
1.063888888888885921e-03
8.944444444444420682e-04
9.444444444444419825e-04
8.749999999999976330e-04
9.083333333333308730e-04
9.055555555555532205e-04
9.555555555555529179e-04
9.361111111111085912e-04
8.694444444444421110e-04
8.972222222222198292e-04
8.722222222222198720e-04
8.555555555555533062e-04
9.444444444444418741e-04
9.694444444444418312e-04
9.277777777777751998e-04
1.002777777777774963e-03
8.472222222222200233e-04
9.777777777777751141e-04
9.361111111111086996e-04
9.416666666666643299e-04
8.361111111111089794e-04
8.194444444444423051e-04
9.055555555555531121e-04
8.777777777777753939e-04
9.138888888888862866e-04
9.861111111111081802e-04
9.555555555555529179e-04
9.361111111111085912e-04
8.999999999999974817e-04
8.861111111111087853e-04
9.555555555555529179e-04
9.555555555555528095e-04
9.916666666666637021e-04
8.749999999999975245e-04
8.749999999999975245e-04
8.611111111111087197e-04
8.888888888888864378e-04
8.694444444444421110e-04
9.749999999999973532e-04
8.722222222222197636e-04
8.972222222222198292e-04
9.694444444444415060e-04
9.305555555555531776e-04
8.638888888888864807e-04
9.166666666666641559e-04
8.611111111111088281e-04
9.138888888888863950e-04
9.361111111111084827e-04
8.944444444444420682e-04
8.222222222222199577e-04
9.833333333333306361e-04
9.361111111111084827e-04
9.555555555555529179e-04
9.166666666666641559e-04
9.277777777777754167e-04
8.694444444444421110e-04
8.694444444444421110e-04
9.361111111111085912e-04
8.361111111111088710e-04
8.972222222222197207e-04
9.361111111111084827e-04
8.972222222222198292e-04
9.027777777777752427e-04
8.249999999999978271e-04
1.030555555555552789e-03
9.694444444444416144e-04
9.388888888888863521e-04
8.999999999999974817e-04
9.166666666666641559e-04
1.097222222222219270e-03
9.472222222222196350e-04
8.555555555555533062e-04
9.111111111111084172e-04
8.888888888888865462e-04
8.694444444444420026e-04
9.472222222222195266e-04
9.027777777777753511e-04
9.666666666666639618e-04
7.638888888888869773e-04
9.805555555555528751e-04
9.027777777777753511e-04
9.305555555555530692e-04
9.333333333333308302e-04
1.005555555555552941e-03
9.083333333333308730e-04
9.583333333333307873e-04
8.805555555555530465e-04
9.416666666666641131e-04
9.416666666666641131e-04
9.222222222222194610e-04
8.611111111111086113e-04
9.833333333333306361e-04
9.277777777777754167e-04
9.305555555555531776e-04
9.583333333333306789e-04
9.916666666666637021e-04
9.249999999999972220e-04
9.305555555555530692e-04
8.611111111111089365e-04
8.999999999999974817e-04
9.138888888888863950e-04
8.555555555555533062e-04
9.833333333333306361e-04
1.049999999999997116e-03
9.611111111111083315e-04
9.277777777777754167e-04
9.749999999999973532e-04
8.305555555555533490e-04
8.861111111111087853e-04
9.666666666666641787e-04
8.527777777777755452e-04
8.999999999999976985e-04
1.019444444444441529e-03
7.916666666666644786e-04
8.944444444444420682e-04
8.583333333333309587e-04
9.361111111111085912e-04
9.388888888888862437e-04
9.833333333333306361e-04
9.749999999999975700e-04
9.055555555555532205e-04
8.722222222222198720e-04
9.388888888888863521e-04
9.583333333333306789e-04
8.388888888888865235e-04
9.805555555555528751e-04
9.527777777777749401e-04
9.138888888888862866e-04
9.277777777777751998e-04
8.916666666666643072e-04
8.944444444444420682e-04
9.861111111111083970e-04
8.999999999999975901e-04
9.249999999999974389e-04
9.333333333333307218e-04
9.416666666666642215e-04
9.249999999999974389e-04
9.777777777777748973e-04
9.249999999999973304e-04
9.444444444444417656e-04
8.666666666666643501e-04
9.499999999999972876e-04
8.555555555555531978e-04
8.583333333333311756e-04
8.194444444444423051e-04
9.305555555555530692e-04
9.277777777777753082e-04
9.027777777777752427e-04
9.805555555555526583e-04
8.944444444444419598e-04
9.611111111111084399e-04
8.416666666666645013e-04
9.388888888888864605e-04
9.222222222222195695e-04
9.805555555555526583e-04
1.030555555555552789e-03
9.055555555555532205e-04
8.833333333333311327e-04
1.022222222222219290e-03
8.861111111111087853e-04
9.416666666666641131e-04
9.138888888888863950e-04
9.194444444444418085e-04
8.888888888888865462e-04
9.194444444444419169e-04
9.777777777777751141e-04
9.666666666666640702e-04
9.666666666666639618e-04
9.083333333333308730e-04
9.472222222222198519e-04
8.333333333333310016e-04
9.611111111111085483e-04
8.999999999999976985e-04
8.555555555555531978e-04
9.111111111111086340e-04
8.944444444444419598e-04
8.638888888888865891e-04
9.416666666666642215e-04
9.611111111111085483e-04
8.333333333333310016e-04
9.222222222222195695e-04
9.499999999999975044e-04
9.305555555555529608e-04
9.055555555555531121e-04
8.944444444444421766e-04
9.749999999999972447e-04
9.638888888888863093e-04
9.416666666666640047e-04
9.333333333333306133e-04
9.472222222222195266e-04
8.972222222222198292e-04
9.499999999999975044e-04
9.361111111111085912e-04
9.111111111111087424e-04
9.499999999999973960e-04
9.638888888888860924e-04
9.555555555555529179e-04
8.611111111111088281e-04
9.694444444444418312e-04
8.527777777777754368e-04
8.833333333333308075e-04
9.527777777777750486e-04
8.666666666666643501e-04
9.277777777777753082e-04
8.861111111111086769e-04
8.499999999999977842e-04
9.583333333333306789e-04
8.999999999999974817e-04
9.722222222222195922e-04
9.444444444444418741e-04
1.019444444444441529e-03
9.611111111111084399e-04
8.722222222222198720e-04
8.944444444444419598e-04
9.027777777777752427e-04
8.805555555555530465e-04
8.666666666666642416e-04
9.916666666666639190e-04
9.666666666666639618e-04
1.033333333333330550e-03
9.388888888888862437e-04
9.027777777777753511e-04
9.972222222222196578e-04
9.027777777777753511e-04
8.722222222222197636e-04
8.916666666666644156e-04
8.583333333333310671e-04
9.083333333333308730e-04
9.472222222222195266e-04
9.388888888888863521e-04
7.916666666666644786e-04
9.777777777777748973e-04
9.833333333333306361e-04
9.305555555555529608e-04
1.061111111111107943e-03
9.416666666666641131e-04
9.638888888888862009e-04
9.694444444444418312e-04
1.011111111111108463e-03
8.861111111111087853e-04
8.305555555555533490e-04
9.055555555555531121e-04
9.972222222222194409e-04
9.416666666666642215e-04
9.611111111111083315e-04
9.333333333333309386e-04
9.194444444444419169e-04
8.722222222222198720e-04
8.583333333333309587e-04
9.333333333333309386e-04
9.527777777777751570e-04
9.055555555555530036e-04
9.749999999999972447e-04
9.444444444444417656e-04
9.111111111111086340e-04
8.888888888888866547e-04
9.027777777777753511e-04
9.472222222222196350e-04
8.888888888888866547e-04
9.861111111111081802e-04
9.083333333333308730e-04
9.944444444444416800e-04
8.055555555555533919e-04
9.944444444444416800e-04
8.472222222222200233e-04
9.638888888888860924e-04
9.611111111111082230e-04
8.861111111111086769e-04
1.063888888888885704e-03
9.805555555555528751e-04
9.638888888888860924e-04
9.083333333333309815e-04
8.694444444444420026e-04
9.138888888888865034e-04
8.305555555555532406e-04
9.361111111111085912e-04
9.694444444444418312e-04
8.388888888888865235e-04
9.083333333333309815e-04
8.666666666666642416e-04
9.222222222222197863e-04
9.416666666666641131e-04
9.194444444444418085e-04
9.416666666666640047e-04
9.166666666666641559e-04
9.499999999999972876e-04
9.805555555555528751e-04
8.999999999999973733e-04
9.388888888888862437e-04
9.972222222222194409e-04
9.583333333333306789e-04
9.249999999999973304e-04
9.138888888888865034e-04
9.583333333333306789e-04
9.083333333333307646e-04
8.611111111111087197e-04
9.333333333333308302e-04
9.166666666666642644e-04
9.111111111111085256e-04
8.611111111111087197e-04
8.999999999999974817e-04
9.249999999999972220e-04
9.555555555555528095e-04
7.833333333333313041e-04
9.944444444444416800e-04
8.777777777777752855e-04
9.999999999999976356e-04
9.472222222222196350e-04
1.005555555555552941e-03
9.944444444444416800e-04
8.472222222222200233e-04
8.638888888888865891e-04
8.555555555555531978e-04
9.416666666666640047e-04
8.666666666666643501e-04
9.333333333333306133e-04
1.077777777777774943e-03
9.138888888888863950e-04
8.916666666666643072e-04
9.416666666666640047e-04
9.638888888888862009e-04
9.638888888888862009e-04
9.972222222222194409e-04
9.249999999999974389e-04
9.833333333333304192e-04
8.916666666666641988e-04
9.527777777777752654e-04
9.111111111111087424e-04
9.499999999999973960e-04
8.694444444444421110e-04
8.972222222222197207e-04
9.138888888888862866e-04
8.972222222222198292e-04
9.111111111111087424e-04
8.805555555555529381e-04
9.305555555555530692e-04
8.999999999999974817e-04
8.694444444444418942e-04
8.972222222222198292e-04
8.944444444444420682e-04
9.722222222222197006e-04
9.111111111111087424e-04
8.583333333333309587e-04
9.833333333333306361e-04
9.527777777777751570e-04
9.749999999999972447e-04
9.249999999999976557e-04
1.027777777777775028e-03
9.499999999999972876e-04
9.861111111111083970e-04
9.666666666666638534e-04
8.916666666666643072e-04
9.416666666666640047e-04
9.416666666666640047e-04
1.002777777777775180e-03
9.111111111111085256e-04
9.138888888888862866e-04
9.833333333333306361e-04
9.555555555555530264e-04
8.916666666666643072e-04
9.222222222222196779e-04
9.055555555555531121e-04
8.805555555555531549e-04
9.166666666666641559e-04
8.944444444444419598e-04
1.013888888888886224e-03
9.611111111111085483e-04
9.277777777777751998e-04
9.194444444444419169e-04
9.249999999999972220e-04
9.499999999999975044e-04
8.249999999999978271e-04
9.222222222222194610e-04
8.583333333333310671e-04
8.888888888888863294e-04
9.083333333333307646e-04
8.999999999999974817e-04
8.694444444444421110e-04
9.277777777777753082e-04
9.583333333333306789e-04
8.999999999999975901e-04
9.249999999999973304e-04
8.916666666666643072e-04
9.861111111111083970e-04
8.555555555555530893e-04
8.999999999999975901e-04
9.111111111111086340e-04
9.361111111111086996e-04
8.583333333333309587e-04
8.666666666666643501e-04
9.555555555555529179e-04
9.305555555555529608e-04
9.277777777777751998e-04
9.999999999999974187e-04
8.972222222222197207e-04
8.638888888888865891e-04
8.999999999999974817e-04
9.527777777777749401e-04
9.999999999999972019e-04
8.555555555555533062e-04
9.055555555555530036e-04
9.749999999999972447e-04
9.888888888888859412e-04
1.027777777777775028e-03
9.361111111111085912e-04
8.833333333333310243e-04
9.333333333333307218e-04
9.583333333333306789e-04
8.694444444444420026e-04
8.611111111111087197e-04
9.472222222222196350e-04
8.805555555555532633e-04
8.749999999999975245e-04
8.972222222222200460e-04
9.555555555555528095e-04
1.013888888888886007e-03
8.694444444444422194e-04
8.749999999999976330e-04
9.499999999999972876e-04
9.416666666666641131e-04
8.638888888888863722e-04
9.555555555555528095e-04
8.722222222222198720e-04
9.944444444444416800e-04
8.861111111111086769e-04
9.333333333333307218e-04
1.019444444444441746e-03
9.861111111111083970e-04
9.416666666666642215e-04
8.999999999999973733e-04
9.583333333333306789e-04
9.277777777777751998e-04
1.002777777777775180e-03
9.333333333333307218e-04
9.249999999999974389e-04
9.555555555555529179e-04
1.019444444444441529e-03
9.527777777777751570e-04
9.055555555555528952e-04
9.722222222222195922e-04
8.388888888888866319e-04
9.388888888888862437e-04
8.944444444444419598e-04
9.499999999999972876e-04
9.305555555555530692e-04
9.027777777777753511e-04
9.499999999999972876e-04
9.472222222222196350e-04
9.305555555555530692e-04
9.361111111111085912e-04
8.861111111111087853e-04
9.333333333333308302e-04
9.444444444444416572e-04
9.138888888888863950e-04
8.861111111111088937e-04
9.611111111111083315e-04
7.999999999999978699e-04
9.194444444444419169e-04
8.888888888888864378e-04
8.805555555555530465e-04
9.861111111111081802e-04
9.805555555555528751e-04
8.833333333333308075e-04
8.944444444444420682e-04
9.555555555555529179e-04
8.888888888888865462e-04
8.749999999999976330e-04
9.083333333333308730e-04
9.527777777777751570e-04
9.499999999999973960e-04
8.027777777777756309e-04
8.777777777777752855e-04
9.972222222222194409e-04
8.055555555555533919e-04
9.999999999999972019e-04
8.111111111111088054e-04
9.833333333333304192e-04
9.388888888888863521e-04
9.111111111111086340e-04
9.999999999999972019e-04
9.194444444444419169e-04
9.999999999999972019e-04
9.611111111111084399e-04
9.027777777777752427e-04
9.166666666666641559e-04
8.666666666666642416e-04
9.111111111111085256e-04
9.277777777777754167e-04
7.999999999999978699e-04
8.972222222222198292e-04
9.388888888888862437e-04
9.166666666666641559e-04
9.388888888888863521e-04
9.305555555555530692e-04
9.083333333333308730e-04
8.277777777777754796e-04
9.055555555555531121e-04
8.638888888888864807e-04
9.083333333333308730e-04
9.694444444444418312e-04
9.527777777777751570e-04
8.083333333333311528e-04
9.972222222222194409e-04
1.027777777777774812e-03
9.444444444444418741e-04
8.999999999999975901e-04
9.805555555555526583e-04
1.002777777777775180e-03
9.055555555555532205e-04
9.638888888888862009e-04
9.138888888888862866e-04
8.972222222222197207e-04
9.166666666666639391e-04
1.002777777777775180e-03
9.749999999999973532e-04
8.972222222222198292e-04
9.472222222222196350e-04
9.277777777777753082e-04
9.999999999999972019e-04
8.194444444444421967e-04
8.861111111111087853e-04
9.111111111111087424e-04
9.472222222222195266e-04
1.041666666666663616e-03
8.999999999999974817e-04
8.527777777777754368e-04
9.277777777777751998e-04
9.083333333333307646e-04
8.888888888888864378e-04
8.166666666666645442e-04
9.833333333333306361e-04
8.472222222222200233e-04
8.722222222222198720e-04
9.638888888888860924e-04
8.972222222222199376e-04
9.416666666666640047e-04
9.277777777777751998e-04
8.944444444444420682e-04
9.694444444444419396e-04
9.527777777777751570e-04
9.583333333333307873e-04
9.638888888888862009e-04
9.333333333333308302e-04
9.027777777777753511e-04
9.749999999999974616e-04
9.305555555555529608e-04
9.083333333333308730e-04
8.555555555555531978e-04
9.388888888888865690e-04
9.638888888888863093e-04
9.249999999999973304e-04
9.472222222222195266e-04
8.916666666666643072e-04
9.111111111111087424e-04
8.861111111111086769e-04
8.888888888888865462e-04
8.861111111111087853e-04
8.305555555555532406e-04
9.416666666666641131e-04
9.805555555555528751e-04
9.333333333333308302e-04
8.833333333333308075e-04
9.249999999999973304e-04
9.388888888888865690e-04
9.361111111111085912e-04
9.472222222222197435e-04
8.999999999999975901e-04
9.305555555555530692e-04
8.555555555555533062e-04
8.944444444444418513e-04
7.999999999999978699e-04
9.499999999999973960e-04
8.999999999999976985e-04
9.416666666666640047e-04
9.333333333333308302e-04
8.861111111111088937e-04
8.499999999999978927e-04
8.499999999999976758e-04
9.416666666666640047e-04
8.833333333333308075e-04
8.861111111111087853e-04
8.805555555555530465e-04
8.583333333333311756e-04
9.749999999999973532e-04
8.805555555555530465e-04
8.999999999999975901e-04
9.499999999999973960e-04
9.222222222222197863e-04
9.583333333333305705e-04
9.611111111111083315e-04
8.888888888888866547e-04
9.527777777777751570e-04
8.916666666666643072e-04
9.027777777777754595e-04
1.024999999999997267e-03
9.083333333333307646e-04
9.722222222222194838e-04
9.305555555555530692e-04
9.194444444444419169e-04
9.249999999999974389e-04
9.027777777777754595e-04
9.833333333333306361e-04
9.194444444444417001e-04
7.972222222222201090e-04
9.416666666666641131e-04
1.030555555555552789e-03
1.122222222222218901e-03
1.388888888888885039e-03
1.547222222222217848e-03
1.599999999999995523e-03
1.816666666666661312e-03
1.816666666666661529e-03
1.908333333333327641e-03
2.022222222222216492e-03
2.166666666666660062e-03
2.222222222222215715e-03
2.333333333333326588e-03
2.211111111111104671e-03
2.366666666666659719e-03
2.447222222222214787e-03
2.324999999999992871e-03
2.416666666666659417e-03
2.463888888888881353e-03
2.524999999999992962e-03
2.499999999999992246e-03
2.377777777777770763e-03
2.508333333333326396e-03
2.702777777777769664e-03
2.524999999999992528e-03
2.638888888888880294e-03
2.516666666666659245e-03
2.563888888888881182e-03
2.544444444444436855e-03
2.577777777777769987e-03
2.730555555555547274e-03
2.483333333333325680e-03
2.566666666666658943e-03
2.552777777777770138e-03
2.602777777777769835e-03
2.569444444444436704e-03
2.649999999999991772e-03
2.544444444444436855e-03
2.502777777777769573e-03
2.558333333333325660e-03
2.647222222222214011e-03
2.677777777777769382e-03
2.591666666666658791e-03
2.780555555555546971e-03
2.580555555555548181e-03
2.722222222222213991e-03
2.708333333333325186e-03
2.699999999999991903e-03
2.547222222222214616e-03
2.791666666666658015e-03
2.780555555555546971e-03
2.563888888888881182e-03
2.638888888888881162e-03
2.677777777777769382e-03
2.647222222222214011e-03
2.594444444444436552e-03
2.513888888888881484e-03
2.561111111111103421e-03
2.416666666666659417e-03
2.627777777777769684e-03
2.733333333333325035e-03
2.699999999999991903e-03
2.658333333333325055e-03
2.547222222222214616e-03
2.622222222222214162e-03
2.461111111111103592e-03
2.758333333333324883e-03
2.558333333333325660e-03
2.727777777777769513e-03
2.569444444444436704e-03
2.427777777777770461e-03
2.641666666666658489e-03
2.472222222222214636e-03
2.747222222222214273e-03
2.566666666666658943e-03
2.530555555555548050e-03
2.394444444444437329e-03
2.513888888888881484e-03
2.591666666666658791e-03
2.416666666666659417e-03
2.611111111111103118e-03
2.458333333333325831e-03
2.522222222222214767e-03
2.586111111111103270e-03
2.458333333333325831e-03
2.394444444444437329e-03
2.447222222222214787e-03
2.438888888888881504e-03
2.394444444444437329e-03
2.513888888888881484e-03
2.447222222222214787e-03
2.299999999999992589e-03
2.591666666666659225e-03
2.427777777777770461e-03
2.552777777777770138e-03
2.511111111111103723e-03
2.558333333333325660e-03
2.555555555555547899e-03
2.341666666666659870e-03
2.688888888888880859e-03
2.352777777777770914e-03
2.461111111111103592e-03
2.322222222222215110e-03
2.497222222222214485e-03
2.352777777777770914e-03
2.508333333333325962e-03
2.544444444444436855e-03
2.441666666666659265e-03
2.455555555555548070e-03
2.474999999999992397e-03
2.505555555555548201e-03
2.399999999999992851e-03
2.486111111111103441e-03
2.511111111111103723e-03
2.574999999999992226e-03
2.494444444444436724e-03
2.561111111111103421e-03
2.438888888888881504e-03
2.744444444444436512e-03
2.647222222222214011e-03
2.536111111111103572e-03
2.752777777777769361e-03
2.511111111111103723e-03
2.594444444444436552e-03
2.547222222222214616e-03
2.499999999999992246e-03
2.463888888888881353e-03
2.555555555555547899e-03
2.611111111111103118e-03
2.483333333333325680e-03
2.488888888888881202e-03
2.594444444444436552e-03
2.563888888888881182e-03
2.649999999999991772e-03
2.394444444444437329e-03
2.530555555555548050e-03
2.544444444444436855e-03
2.522222222222214767e-03
2.630555555555547445e-03
2.499999999999992246e-03
2.519444444444437006e-03
2.583333333333325509e-03
2.488888888888881202e-03
2.497222222222214485e-03
2.372222222222215241e-03
2.516666666666659245e-03
2.533333333333325811e-03
2.566666666666658943e-03
2.486111111111103441e-03
2.569444444444436704e-03
2.597222222222214313e-03
2.519444444444437006e-03
2.438888888888881504e-03
2.566666666666658943e-03
2.577777777777769553e-03
2.447222222222214787e-03
2.641666666666658489e-03
2.494444444444436724e-03
2.336111111111104349e-03
2.452777777777770309e-03
2.538888888888881333e-03
2.452777777777770309e-03
2.530555555555548484e-03
2.633333333333325206e-03
2.369444444444437480e-03
2.463888888888881353e-03
2.491666666666658963e-03
2.411111111111103895e-03
2.497222222222214485e-03
2.391666666666659568e-03
2.327777777777770632e-03
2.433333333333325983e-03
2.266666666666660324e-03
2.341666666666659870e-03
2.447222222222214787e-03
2.486111111111103441e-03
2.397222222222214656e-03
2.391666666666659568e-03
2.458333333333325831e-03
2.349999999999993153e-03
2.313888888888881827e-03
2.424999999999992700e-03
2.558333333333325660e-03
2.333333333333326588e-03
2.297222222222215261e-03
2.430555555555548222e-03
2.291666666666659739e-03
2.538888888888881333e-03
2.347222222222215392e-03
2.311111111111104066e-03
2.383333333333326285e-03
2.283333333333326456e-03
2.505555555555548201e-03
2.333333333333326588e-03
2.291666666666659739e-03
2.411111111111103895e-03
2.280555555555548695e-03
2.236111111111104520e-03
2.252777777777771086e-03
2.236111111111104520e-03
2.233333333333326759e-03
2.313888888888881827e-03
2.244444444444437803e-03
2.347222222222215392e-03
2.313888888888881827e-03
2.252777777777771086e-03
2.369444444444437480e-03
2.313888888888881393e-03
2.233333333333326759e-03
2.363888888888881958e-03
2.219444444444437954e-03
2.422222222222214939e-03
2.238888888888881847e-03
2.386111111111104046e-03
2.299999999999993022e-03
2.161111111111104974e-03
2.394444444444436895e-03
2.366666666666659719e-03
2.197222222222215433e-03
2.288888888888881978e-03
2.241666666666660042e-03
2.199999999999993627e-03
2.383333333333326285e-03
2.213888888888882432e-03
2.141666666666660213e-03
2.274999999999993174e-03
2.208333333333326910e-03
2.211111111111104671e-03
2.302777777777770783e-03
2.383333333333326285e-03
2.236111111111104520e-03
2.219444444444437954e-03
2.211111111111104671e-03
2.158333333333327213e-03
2.108333333333327082e-03
2.322222222222215110e-03
2.186111111111104822e-03
2.213888888888882432e-03
2.272222222222215413e-03
2.174999999999993779e-03
2.138888888888882452e-03
2.194444444444438105e-03
2.169444444444438257e-03
2.097222222222215604e-03
2.202777777777770955e-03
2.147222222222215735e-03
2.130555555555549169e-03
2.144444444444437974e-03
2.224999999999993476e-03
2.113888888888882604e-03
1.961111111111104883e-03
2.061111111111105145e-03
2.177777777777771973e-03
2.044444444444438579e-03
2.230555555555548564e-03
2.044444444444438579e-03
2.161111111111104106e-03
2.216666666666660193e-03
2.149999999999993496e-03
1.919444444444438685e-03
2.047222222222216340e-03
2.152777777777771257e-03
2.144444444444437541e-03
2.086111111111104994e-03
2.147222222222215735e-03
1.961111111111105317e-03
2.141666666666660213e-03
2.063888888888882906e-03
2.166666666666660062e-03
1.994444444444438448e-03
2.002777777777772165e-03
2.061111111111105145e-03
2.166666666666660496e-03
2.133333333333326930e-03
2.113888888888882604e-03
2.124999999999993647e-03
2.072222222222215755e-03
2.158333333333327213e-03
2.116666666666659931e-03
2.036111111111105296e-03
2.016666666666660970e-03
2.083333333333327233e-03
2.066666666666660667e-03
1.922222222222216229e-03
2.024999999999994253e-03
2.022222222222216492e-03
2.030555555555549774e-03
2.088888888888882755e-03
2.077777777777771711e-03
2.072222222222216189e-03
2.005555555555549926e-03
2.024999999999994253e-03
2.149999999999993496e-03
2.019444444444438297e-03
2.008333333333327687e-03
2.113888888888882604e-03
1.872222222222216965e-03
2.024999999999994253e-03
2.149999999999993062e-03
2.016666666666660970e-03
2.105555555555549321e-03
1.972222222222216360e-03
2.099999999999993799e-03
1.936111111111105251e-03
2.041666666666660818e-03
1.874999999999994510e-03
1.974999999999994121e-03
1.999999999999993970e-03
1.913888888888883163e-03
1.944444444444438751e-03
2.041666666666660385e-03
1.899999999999994358e-03
1.963888888888883077e-03
1.899999999999994141e-03
1.869444444444438771e-03
1.908333333333327641e-03
1.999999999999993970e-03
1.877777777777772054e-03
2.027777777777772013e-03
1.972222222222216360e-03
1.869444444444438988e-03
1.877777777777772054e-03
1.863888888888883249e-03
2.027777777777771580e-03
1.874999999999994510e-03
1.899999999999994141e-03
1.916666666666660924e-03
1.941666666666660773e-03
1.777777777777772442e-03
1.927777777777771968e-03
1.874999999999994510e-03
1.961111111111105317e-03
1.880555555555550248e-03
1.849999999999994444e-03
1.941666666666660773e-03
1.830555555555549900e-03
1.855555555555549966e-03
1.805555555555550269e-03
1.822222222222216617e-03
1.849999999999994227e-03
1.972222222222215927e-03
1.913888888888883163e-03
1.933333333333327490e-03
1.738888888888883572e-03
1.805555555555550269e-03
1.927777777777771751e-03
1.736111111111106027e-03
1.838888888888883183e-03
1.886111111111105337e-03
1.791666666666661247e-03
1.897222222222216597e-03
1.841666666666660944e-03
1.886111111111105553e-03
1.811111111111105790e-03
1.919444444444438468e-03
1.913888888888883380e-03
1.786111111111105725e-03
1.849999999999994444e-03
1.883333333333327793e-03
1.833333333333327878e-03
1.830555555555550117e-03
1.849999999999994444e-03
1.747222222222217071e-03
1.794444444444439225e-03
1.949999999999994273e-03
1.708333333333328201e-03
1.947222222222216512e-03
1.749999999999994832e-03
1.763888888888883637e-03
1.827777777777772356e-03
1.894444444444438836e-03
1.686111111111106113e-03
1.752777777777772593e-03
1.863888888888883466e-03
1.827777777777772356e-03
1.880555555555550032e-03
1.744444444444439310e-03
1.777777777777772442e-03
1.766666666666661398e-03
1.855555555555549749e-03
1.916666666666660924e-03
1.738888888888883572e-03
1.777777777777772442e-03
1.716666666666661701e-03
1.747222222222217071e-03
1.780555555555550203e-03
1.883333333333327793e-03
1.902777777777772119e-03
1.716666666666661701e-03
1.780555555555550203e-03
1.849999999999994444e-03
1.724999999999994767e-03
1.830555555555550117e-03
1.811111111111105790e-03
1.822222222222216834e-03
1.663888888888883809e-03
1.755555555555550137e-03
1.649999999999995220e-03
1.661111111111106048e-03
1.677777777777772613e-03
1.672222222222217091e-03
1.797222222222216769e-03
1.819444444444439290e-03
1.777777777777772659e-03
1.691666666666661852e-03
1.716666666666661701e-03
1.669444444444439547e-03
1.666666666666661569e-03
1.769444444444438942e-03
1.727777777777772744e-03
1.780555555555550203e-03
1.661111111111106048e-03
1.780555555555550203e-03
1.516666666666662260e-03
1.855555555555549749e-03
1.588888888888884045e-03
1.719444444444439245e-03
1.847222222222216466e-03
1.724999999999994984e-03
1.727777777777772528e-03
1.591666666666661806e-03
1.691666666666661852e-03
1.619444444444439633e-03
1.619444444444439850e-03
1.613888888888884111e-03
1.658333333333328287e-03
1.783333333333327964e-03
1.624999999999995155e-03
1.599999999999995306e-03
1.686111111111106113e-03
1.786111111111105942e-03
1.722222222222217006e-03
1.747222222222216854e-03
1.719444444444439245e-03
1.588888888888884045e-03
1.755555555555550137e-03
1.761111111111105876e-03
1.594444444444439351e-03
1.583333333333328524e-03
1.558333333333328458e-03
1.677777777777772830e-03
1.561111111111106436e-03
1.683333333333328135e-03
1.649999999999995220e-03
1.605555555555550828e-03
1.680555555555550591e-03
1.699999999999994918e-03
1.716666666666661484e-03
1.669444444444439330e-03
1.713888888888883940e-03
1.647222222222217243e-03
1.611111111111106567e-03
1.658333333333328287e-03
1.711111111111106179e-03
1.624999999999995155e-03
1.636111111111106416e-03
1.688888888888883874e-03
1.622222222222217394e-03
1.594444444444439784e-03
1.530555555555551065e-03
1.613888888888884111e-03
1.597222222222217328e-03
1.649999999999995004e-03
1.605555555555551045e-03
1.694444444444439613e-03
1.591666666666661806e-03
1.558333333333328675e-03
1.608333333333328806e-03
1.622222222222217394e-03
1.524999999999995760e-03
1.638888888888883960e-03
1.522222222222217782e-03
1.449999999999995997e-03
1.649999999999995004e-03
1.611111111111106567e-03
1.633333333333328438e-03
1.588888888888884262e-03
1.624999999999995372e-03
1.619444444444439850e-03
1.705555555555550440e-03
1.555555555555551131e-03
1.538888888888884348e-03
1.488888888888884434e-03
1.544444444444440087e-03
1.680555555555550374e-03
1.591666666666661806e-03
1.611111111111106133e-03
1.538888888888884348e-03
1.499999999999995478e-03
1.544444444444439870e-03
1.516666666666662260e-03
1.602777777777773067e-03
1.519444444444440238e-03
1.630555555555550894e-03
1.608333333333328589e-03
1.622222222222217611e-03
1.663888888888884025e-03
1.424999999999995931e-03
1.536111111111106804e-03
1.658333333333328287e-03
1.538888888888884348e-03
