5.481617647058806752e-04
5.919117647058805189e-04
6.110294117647040602e-04
5.915441176470569726e-04
6.522058823529390797e-04
6.319852941176450078e-04
6.639705882352920198e-04
6.312499999999980236e-04
6.433823529411744017e-04
6.808823529411743916e-04
6.569852941176449650e-04
6.566176470588214187e-04
6.595588235294097892e-04
6.731617647058801357e-04
6.702205882352919820e-04
6.665441176470566272e-04
6.977941176470565466e-04
7.051470588235271477e-04
6.698529411764685441e-04
6.735294117647036821e-04
6.871323529411742454e-04
6.926470588235272233e-04
6.757352941176449600e-04
6.941176470588214086e-04
6.797794117647037527e-04
6.952205882352918307e-04
6.959558823529389234e-04
6.878676470588213380e-04
6.738970588235272284e-04
6.952205882352919392e-04
7.121323529411742025e-04
6.856617647058802769e-04
7.073529411764684256e-04
7.202205882352918963e-04
7.143382352941153720e-04
7.121323529411742025e-04
6.727941176470566978e-04
6.816176470588213758e-04
7.165441176470565415e-04
7.080882352941153014e-04
6.933823529411742076e-04
7.334558823529388049e-04
7.272058823529388427e-04
7.268382352941154048e-04
6.948529411764683928e-04
7.238970588235271427e-04
7.084558823529388477e-04
7.378676470588211439e-04
7.264705882352917501e-04
7.525735294117622378e-04
7.349264705882329902e-04
7.154411764705859026e-04
7.128676470588211867e-04
7.095588235294094867e-04
7.294117647058800122e-04
7.128676470588212952e-04
7.374999999999977060e-04
7.161764705882329952e-04
7.143382352941153720e-04
7.533088235294093304e-04
7.290441176470565743e-04
7.143382352941153720e-04
7.352941176470564281e-04
7.246323529411741269e-04
7.117647058823507646e-04
7.176470588235271805e-04
7.235294117647035964e-04
7.150735294117624647e-04
7.319852941176448365e-04
7.330882352941152586e-04
7.231617647058801585e-04
6.919117647058802391e-04
7.051470588235271477e-04
7.261029411764682038e-04
7.246323529411742353e-04
7.466911764705858219e-04
7.264705882352917501e-04
7.316176470588212901e-04
7.099264705882331414e-04
7.187499999999978195e-04
7.382352941176447986e-04
7.294117647058800122e-04
7.249999999999977816e-04
6.937499999999978623e-04
6.992647058823508403e-04
7.499999999999976304e-04
7.301470588235271049e-04
7.466911764705859303e-04
7.106617647058801257e-04
7.202205882352918963e-04
7.272058823529389511e-04
7.180147058823506184e-04
7.525735294117622378e-04
7.139705882352919341e-04
7.323529411764681659e-04
7.363970588235270670e-04
7.275735294117623890e-04
7.132352941176448415e-04
7.441176470588211061e-04
7.422794117647034829e-04
7.371323529411740513e-04
7.077205882352918635e-04
7.022058823529388856e-04
7.683823529411739706e-04
7.084558823529389562e-04
7.231617647058801585e-04
7.294117647058800122e-04
7.235294117647034879e-04
6.992647058823507318e-04
7.147058823529388099e-04
7.669117647058798937e-04
7.400735294117623134e-04
7.180147058823507268e-04
7.275735294117624975e-04
7.249999999999976732e-04
7.150735294117624647e-04
7.088235294117623941e-04
7.095588235294094867e-04
7.507352941176446146e-04
7.194852941176446953e-04
7.547794117647034073e-04
7.113970588235271099e-04
7.555147058823504999e-04
7.363970588235271755e-04
7.400735294117623134e-04
7.124999999999977488e-04
7.209558823529388805e-04
6.948529411764685013e-04
7.430147058823505755e-04
7.172794117647035258e-04
7.584558823529387621e-04
7.426470588235271376e-04
7.213235294117623184e-04
7.036764705882329624e-04
7.444852941176447608e-04
7.452205882352917450e-04
7.408088235294095145e-04
7.136029411764682794e-04
7.599264705882328389e-04
7.124999999999977488e-04
7.036764705882329624e-04
7.018382352941153392e-04
7.117647058823506562e-04
7.305147058823506512e-04
7.356617647058800828e-04
7.360294117647035207e-04
7.154411764705859026e-04
7.084558823529389562e-04
7.463235294117623840e-04
7.191176470588212574e-04
7.411764705882329524e-04
7.551470588235269536e-04
7.551470588235269536e-04
7.474264705882330230e-04
7.279411764705859354e-04
7.518382352941153620e-04
7.419117647058800450e-04
7.180147058823507268e-04
7.051470588235272561e-04
7.374999999999975976e-04
7.441176470588211061e-04
6.977941176470565466e-04
7.444852941176447608e-04
7.202205882352917879e-04
7.183823529411741647e-04
7.246323529411742353e-04
7.419117647058800450e-04
7.183823529411741647e-04
6.886029411764683222e-04
7.257352941176447659e-04
7.169117647058799794e-04
7.636029411764680853e-04
7.235294117647034879e-04
7.316176470588211817e-04
7.408088235294094060e-04
7.136029411764682794e-04
6.889705882352918686e-04
7.319852941176448365e-04
7.455882352941151829e-04
7.459558823529387293e-04
7.202205882352917879e-04
7.628676470588209926e-04
7.051470588235271477e-04
7.444852941176447608e-04
7.610294117647034779e-04
7.636029411764680853e-04
7.555147058823506083e-04
7.496323529411741925e-04
7.437499999999975598e-04
7.147058823529389184e-04
7.088235294117623941e-04
7.459558823529388377e-04
7.187499999999977110e-04
7.242647058823505806e-04
7.386029411764682365e-04
7.613970588235269158e-04
7.569852941176445768e-04
7.246323529411741269e-04
7.069852941176447709e-04
7.316176470588211817e-04
7.297794117647035585e-04
7.180147058823506184e-04
7.279411764705859354e-04
7.448529411764681987e-04
7.341911764705860060e-04
6.937499999999977539e-04
7.231617647058800500e-04
7.382352941176447986e-04
7.349264705882328818e-04
6.988970588235271855e-04
7.488970588235270998e-04
7.411764705882328439e-04
7.507352941176447230e-04
7.224264705882330658e-04
7.584558823529386536e-04
7.341911764705860060e-04
6.988970588235271855e-04
7.386029411764682365e-04
7.455882352941152914e-04
7.312499999999976354e-04
7.213235294117624269e-04
7.386029411764682365e-04
7.249999999999976732e-04
7.437499999999975598e-04
7.242647058823505806e-04
7.459558823529388377e-04
7.209558823529388805e-04
7.113970588235271099e-04
7.180147058823507268e-04
7.183823529411741647e-04
7.154411764705859026e-04
7.220588235294094111e-04
7.080882352941155183e-04
7.253676470588213280e-04
7.466911764705859303e-04
7.249999999999976732e-04
7.073529411764683172e-04
7.268382352941154048e-04
7.132352941176447331e-04
7.544117647058798609e-04
7.518382352941151451e-04
7.213235294117623184e-04
7.316176470588211817e-04
7.411764705882328439e-04
6.941176470588213002e-04
7.349264705882328818e-04
7.286764705882329196e-04
7.301470588235271049e-04
6.937499999999978623e-04
7.426470588235271376e-04
7.308823529411740891e-04
7.389705882352917829e-04
7.113970588235271099e-04
7.224264705882330658e-04
7.121323529411743109e-04
7.319852941176447280e-04
7.198529411764682416e-04
7.297794117647035585e-04
7.514705882352918156e-04
7.220588235294094111e-04
7.268382352941152964e-04
7.400735294117623134e-04
7.095588235294095951e-04
7.360294117647036291e-04
7.319852941176447280e-04
7.290441176470565743e-04
7.386029411764682365e-04
7.525735294117623462e-04
7.297794117647035585e-04
7.169117647058799794e-04
7.176470588235270721e-04
7.319852941176448365e-04
7.345588235294093354e-04
7.444852941176446524e-04
7.433823529411741219e-04
7.279411764705858269e-04
7.647058823529387242e-04
7.121323529411742025e-04
7.415441176470564987e-04
7.253676470588212195e-04
7.422794117647034829e-04
7.099264705882330330e-04
7.154411764705859026e-04
7.279411764705858269e-04
7.227941176470566121e-04
7.349264705882329902e-04
7.242647058823505806e-04
7.213235294117624269e-04
7.051470588235272561e-04
7.209558823529389890e-04
7.220588235294094111e-04
7.066176470588213330e-04
7.224264705882330658e-04
7.404411764705858597e-04
7.172794117647036342e-04
7.312499999999976354e-04
7.066176470588212246e-04
7.430147058823505755e-04
7.143382352941153720e-04
7.176470588235271805e-04
7.136029411764683878e-04
7.426470588235270292e-04
7.422794117647035913e-04
6.999999999999978245e-04
7.165441176470565415e-04
7.198529411764683500e-04
7.224264705882330658e-04
7.499999999999975219e-04
7.327205882352917123e-04
7.198529411764682416e-04
7.213235294117624269e-04
7.187499999999977110e-04
7.349264705882328818e-04
7.136029411764683878e-04
7.124999999999976404e-04
7.441176470588211061e-04
7.268382352941152964e-04
7.485294117647035535e-04
7.533088235294094388e-04
7.242647058823505806e-04
7.415441176470564987e-04
7.466911764705858219e-04
7.272058823529388427e-04
7.297794117647035585e-04
7.294117647058801206e-04
7.253676470588212195e-04
7.011029411764683550e-04
7.312499999999977438e-04
7.577205882352916694e-04
7.216911764705859732e-04
7.400735294117623134e-04
7.437499999999975598e-04
7.378676470588211439e-04
7.216911764705858648e-04
7.591911764705857463e-04
7.477941176470564609e-04
7.397058823529388755e-04
6.981617647058802013e-04
7.378676470588211439e-04
7.386029411764683450e-04
7.426470588235271376e-04
7.165441176470565415e-04
7.275735294117623890e-04
7.316176470588211817e-04
7.382352941176446902e-04
7.301470588235271049e-04
7.180147058823506184e-04
7.117647058823507646e-04
7.235294117647034879e-04
7.514705882352917072e-04
7.257352941176447659e-04
7.661764705882329095e-04
7.176470588235271805e-04
7.411764705882328439e-04
7.176470588235271805e-04
7.191176470588211489e-04
7.378676470588212523e-04
7.400735294117623134e-04
7.238970588235270343e-04
7.169117647058799794e-04
7.316176470588211817e-04
7.216911764705859732e-04
7.474264705882330230e-04
7.272058823529388427e-04
7.205882352941154426e-04
7.121323529411743109e-04
7.213235294117624269e-04
7.308823529411740891e-04
7.503676470588210683e-04
7.290441176470564659e-04
7.176470588235270721e-04
7.327205882352917123e-04
7.187499999999978195e-04
7.077205882352918635e-04
6.959558823529390318e-04
7.209558823529388805e-04
7.261029411764682038e-04
7.294117647058801206e-04
7.261029411764683122e-04
7.272058823529388427e-04
7.290441176470565743e-04
7.301470588235269964e-04
7.360294117647035207e-04
7.275735294117623890e-04
7.124999999999976404e-04
7.305147058823505428e-04
6.941176470588213002e-04
7.158088235294095573e-04
7.231617647058800500e-04
7.408088235294095145e-04
7.275735294117623890e-04
7.400735294117623134e-04
7.154411764705859026e-04
7.286764705882330280e-04
7.253676470588213280e-04
7.150735294117623563e-04
7.290441176470564659e-04
7.147058823529388099e-04
7.147058823529389184e-04
7.698529411764681559e-04
7.382352941176446902e-04
7.577205882352917778e-04
7.007352941176448087e-04
7.415441176470564987e-04
7.433823529411740134e-04
7.202205882352917879e-04
7.297794117647036670e-04
7.290441176470565743e-04
7.334558823529389133e-04
6.996323529411742782e-04
7.341911764705860060e-04
7.654411764705857085e-04
7.393382352941152208e-04
7.183823529411742731e-04
7.363970588235270670e-04
7.286764705882329196e-04
7.422794117647034829e-04
7.316176470588211817e-04
7.529411764705858925e-04
7.194852941176448037e-04
7.095588235294094867e-04
7.279411764705858269e-04
7.606617647058798231e-04
7.371323529411740513e-04
7.400735294117623134e-04
7.672794117647033316e-04
7.441176470588211061e-04
7.084558823529389562e-04
7.136029411764682794e-04
7.165441176470566500e-04
7.584558823529387621e-04
7.485294117647034451e-04
7.246323529411741269e-04
7.272058823529388427e-04
7.091911764705859404e-04
7.444852941176446524e-04
7.551470588235270620e-04
7.448529411764681987e-04
7.441176470588212145e-04
7.397058823529388755e-04
7.249999999999976732e-04
7.374999999999977060e-04
7.161764705882331036e-04
7.003676470588213708e-04
7.169117647058799794e-04
7.374999999999977060e-04
7.073529411764684256e-04
7.378676470588211439e-04
7.235294117647034879e-04
7.580882352941153242e-04
7.404411764705858597e-04
7.529411764705858925e-04
7.099264705882331414e-04
7.408088235294094060e-04
7.397058823529387671e-04
7.238970588235270343e-04
7.305147058823506512e-04
7.485294117647034451e-04
7.055147058823506940e-04
7.360294117647036291e-04
7.713235294117623412e-04
7.566176470588211389e-04
7.558823529411741547e-04
7.415441176470564987e-04
7.113970588235272183e-04
7.367647058823505049e-04
7.257352941176446574e-04
7.466911764705858219e-04
7.102941176470565793e-04
7.139705882352919341e-04
7.341911764705860060e-04
7.264705882352918585e-04
7.518382352941151451e-04
7.106617647058800172e-04
7.367647058823506134e-04
7.367647058823506134e-04
7.338235294117623512e-04
7.397058823529387671e-04
7.290441176470564659e-04
7.374999999999975976e-04
7.150735294117623563e-04
7.599264705882329473e-04
7.573529411764682315e-04
7.180147058823506184e-04
7.488970588235269914e-04
7.161764705882331036e-04
7.242647058823506890e-04
7.518382352941151451e-04
7.345588235294093354e-04
7.345588235294094439e-04
7.294117647058800122e-04
7.507352941176447230e-04
7.400735294117623134e-04
7.154411764705859026e-04
7.374999999999977060e-04
7.327205882352917123e-04
7.253676470588212195e-04
7.624999999999976632e-04
7.161764705882329952e-04
7.147058823529388099e-04
7.216911764705859732e-04
7.224264705882329574e-04
7.492647058823506461e-04
7.055147058823506940e-04
7.305147058823506512e-04
7.249999999999976732e-04
7.257352941176446574e-04
7.569852941176445768e-04
7.253676470588213280e-04
7.136029411764682794e-04
7.437499999999975598e-04
7.172794117647036342e-04
7.161764705882329952e-04
7.187499999999977110e-04
7.334558823529388049e-04
7.216911764705859732e-04
7.246323529411742353e-04
7.047794117647036014e-04
7.378676470588211439e-04
7.308823529411741975e-04
7.224264705882330658e-04
7.323529411764681659e-04
7.257352941176447659e-04
7.172794117647035258e-04
7.400735294117624218e-04
7.113970588235271099e-04
7.393382352941152208e-04
6.919117647058802391e-04
7.397058823529388755e-04
7.286764705882329196e-04
7.084558823529389562e-04
7.124999999999977488e-04
7.099264705882331414e-04
7.286764705882329196e-04
7.176470588235270721e-04
7.165441176470565415e-04
7.257352941176447659e-04
7.356617647058800828e-04
7.275735294117623890e-04
7.345588235294093354e-04
7.544117647058799694e-04
7.408088235294094060e-04
7.261029411764682038e-04
7.246323529411741269e-04
7.025735294117625403e-04
7.235294117647034879e-04
7.249999999999976732e-04
7.415441176470564987e-04
7.022058823529388856e-04
7.363970588235271755e-04
7.176470588235271805e-04
7.474264705882330230e-04
7.496323529411741925e-04
7.374999999999975976e-04
7.378676470588212523e-04
7.404411764705858597e-04
7.216911764705859732e-04
7.290441176470565743e-04
7.073529411764683172e-04
7.474264705882330230e-04
7.202205882352918963e-04
7.352941176470564281e-04
6.834558823529389990e-04
7.297794117647035585e-04
7.382352941176447986e-04
7.327205882352917123e-04
7.227941176470565037e-04
7.099264705882331414e-04
7.147058823529388099e-04
7.422794117647034829e-04
7.246323529411741269e-04
7.261029411764682038e-04
7.297794117647036670e-04
7.430147058823505755e-04
7.257352941176446574e-04
7.422794117647035913e-04
7.161764705882329952e-04
7.110294117647036720e-04
7.419117647058799366e-04
7.330882352941152586e-04
7.264705882352917501e-04
7.011029411764683550e-04
7.566176470588210305e-04
7.492647058823505377e-04
7.124999999999976404e-04
7.338235294117623512e-04
7.198529411764682416e-04
7.128676470588211867e-04
7.871323529411739656e-04
7.172794117647036342e-04
7.238970588235270343e-04
7.183823529411741647e-04
7.128676470588211867e-04
7.253676470588212195e-04
7.470588235294094766e-04
7.584558823529386536e-04
6.952205882352919392e-04
7.058823529411741319e-04
7.338235294117623512e-04
7.426470588235271376e-04
7.319852941176447280e-04
7.139705882352918257e-04
7.136029411764682794e-04
7.338235294117624596e-04
7.147058823529388099e-04
7.069852941176447709e-04
7.411764705882329524e-04
7.242647058823505806e-04
7.606617647058798231e-04
7.158088235294094489e-04
7.323529411764682744e-04
7.279411764705858269e-04
7.154411764705860110e-04
7.286764705882329196e-04
7.147058823529388099e-04
7.573529411764681231e-04
7.334558823529388049e-04
7.124999999999976404e-04
7.018382352941153392e-04
7.176470588235270721e-04
7.216911764705858648e-04
7.330882352941152586e-04
7.161764705882329952e-04
7.448529411764681987e-04
7.286764705882329196e-04
7.654411764705858169e-04
7.319852941176447280e-04
7.058823529411741319e-04
6.996323529411741697e-04
7.253676470588212195e-04
7.099264705882330330e-04
7.371323529411741597e-04
7.441176470588212145e-04
7.540441176470565315e-04
7.426470588235271376e-04
7.261029411764683122e-04
7.430147058823505755e-04
7.261029411764682038e-04
7.220588235294095195e-04
7.124999999999976404e-04
7.268382352941152964e-04
7.275735294117623890e-04
7.169117647058799794e-04
7.158088235294095573e-04
7.224264705882330658e-04
7.249999999999976732e-04
7.363970588235270670e-04
7.746323529411740412e-04
7.022058823529388856e-04
7.584558823529386536e-04
7.176470588235271805e-04
7.286764705882330280e-04
7.356617647058800828e-04
7.404411764705858597e-04
7.286764705882329196e-04
7.356617647058799744e-04
7.088235294117623941e-04
7.312499999999977438e-04
7.268382352941152964e-04
7.077205882352918635e-04
7.301470588235269964e-04
7.573529411764681231e-04
6.981617647058802013e-04
7.316176470588212901e-04
7.352941176470564281e-04
7.507352941176446146e-04
7.551470588235270620e-04
7.249999999999976732e-04
7.463235294117622756e-04
7.275735294117623890e-04
7.283088235294093733e-04
7.330882352941152586e-04
7.249999999999976732e-04
7.139705882352918257e-04
7.621323529411740084e-04
7.349264705882328818e-04
7.165441176470566500e-04
7.106617647058801257e-04
7.492647058823505377e-04
7.389705882352917829e-04
7.341911764705860060e-04
7.404411764705858597e-04
7.316176470588211817e-04
7.246323529411742353e-04
7.286764705882329196e-04
7.584558823529387621e-04
7.176470588235270721e-04
7.077205882352919719e-04
7.191176470588211489e-04
7.275735294117623890e-04
7.356617647058800828e-04
7.371323529411740513e-04
7.044117647058800551e-04
7.095588235294095951e-04
7.301470588235269964e-04
7.213235294117624269e-04
7.095588235294095951e-04
7.124999999999977488e-04
7.117647058823506562e-04
7.029411764705859782e-04
7.448529411764681987e-04
7.426470588235271376e-04
7.327205882352917123e-04
7.128676470588211867e-04
7.077205882352919719e-04
7.268382352941152964e-04
7.213235294117624269e-04
7.433823529411741219e-04
7.308823529411741975e-04
7.235294117647034879e-04
7.224264705882330658e-04
7.411764705882329524e-04
7.183823529411742731e-04
7.018382352941153392e-04
7.441176470588212145e-04
7.091911764705860488e-04
7.257352941176447659e-04
7.345588235294093354e-04
7.518382352941153620e-04
7.433823529411740134e-04
7.338235294117624596e-04
7.488970588235270998e-04
7.007352941176448087e-04
7.441176470588212145e-04
6.856617647058802769e-04
7.511029411764681609e-04
7.801470588235270192e-04
7.452205882352917450e-04
7.272058823529388427e-04
6.937499999999978623e-04
7.452205882352918535e-04
7.349264705882328818e-04
7.249999999999976732e-04
7.404411764705858597e-04
7.231617647058800500e-04
7.220588235294094111e-04
7.444852941176447608e-04
7.227941176470565037e-04
7.128676470588211867e-04
7.397058823529388755e-04
7.161764705882329952e-04
7.143382352941154805e-04
7.257352941176447659e-04
6.992647058823507318e-04
6.808823529411743916e-04
7.279411764705858269e-04
7.216911764705858648e-04
7.150735294117624647e-04
7.319852941176448365e-04
7.540441176470565315e-04
7.492647058823505377e-04
7.183823529411742731e-04
7.404411764705859681e-04
7.415441176470564987e-04
7.301470588235269964e-04
7.235294117647034879e-04
7.227941176470566121e-04
7.349264705882329902e-04
6.955882352941153771e-04
7.294117647058800122e-04
7.488970588235269914e-04
7.169117647058799794e-04
7.374999999999975976e-04
7.441176470588211061e-04
7.224264705882330658e-04
7.132352941176447331e-04
7.286764705882329196e-04
7.308823529411741975e-04
7.084558823529388477e-04
7.176470588235270721e-04
7.367647058823506134e-04
7.356617647058799744e-04
7.191176470588211489e-04
7.386029411764682365e-04
7.283088235294094817e-04
7.235294117647034879e-04
7.224264705882329574e-04
7.547794117647035157e-04
7.169117647058799794e-04
7.257352941176446574e-04
7.264705882352917501e-04
7.485294117647034451e-04
7.308823529411740891e-04
7.268382352941154048e-04
7.095588235294094867e-04
7.055147058823506940e-04
7.349264705882328818e-04
7.452205882352918535e-04
6.985294117647036392e-04
7.176470588235270721e-04
7.044117647058800551e-04
7.264705882352918585e-04
7.345588235294094439e-04
7.272058823529389511e-04
7.286764705882330280e-04
7.209558823529388805e-04
7.095588235294094867e-04
7.334558823529389133e-04
7.257352941176446574e-04
7.433823529411741219e-04
7.091911764705859404e-04
7.202205882352917879e-04
7.121323529411743109e-04
7.319852941176447280e-04
7.286764705882329196e-04
7.198529411764683500e-04
7.242647058823506890e-04
7.113970588235271099e-04
7.334558823529388049e-04
7.547794117647035157e-04
7.124999999999976404e-04
7.294117647058800122e-04
7.268382352941152964e-04
7.279411764705859354e-04
6.977941176470565466e-04
7.283088235294093733e-04
7.397058823529388755e-04
7.113970588235271099e-04
7.367647058823505049e-04
7.371323529411740513e-04
7.485294117647034451e-04
7.279411764705858269e-04
7.393382352941153292e-04
7.272058823529388427e-04
7.220588235294094111e-04
7.330882352941152586e-04
7.117647058823506562e-04
7.341911764705858975e-04
7.209558823529389890e-04
7.058823529411741319e-04
7.393382352941153292e-04
7.275735294117623890e-04
7.084558823529388477e-04
7.147058823529389184e-04
7.595588235294094010e-04
7.463235294117622756e-04
7.279411764705858269e-04
7.110294117647036720e-04
7.330882352941152586e-04
7.470588235294093682e-04
7.091911764705859404e-04
7.161764705882329952e-04
7.371323529411740513e-04
7.591911764705857463e-04
7.419117647058799366e-04
7.286764705882329196e-04
7.533088235294093304e-04
7.477941176470564609e-04
7.533088235294094388e-04
7.297794117647035585e-04
7.334558823529388049e-04
7.069852941176448793e-04
7.279411764705858269e-04
7.294117647058801206e-04
7.172794117647035258e-04
7.397058823529387671e-04
7.529411764705857841e-04
7.183823529411741647e-04
7.551470588235269536e-04
7.349264705882328818e-04
7.323529411764681659e-04
7.294117647058800122e-04
7.216911764705858648e-04
7.180147058823507268e-04
7.430147058823505755e-04
7.433823529411740134e-04
6.867647058823506991e-04
7.305147058823505428e-04
7.279411764705858269e-04
7.150735294117624647e-04
7.110294117647035636e-04
7.367647058823505049e-04
7.080882352941153014e-04
7.422794117647034829e-04
7.205882352941153342e-04
7.397058823529388755e-04
7.275735294117624975e-04
7.143382352941153720e-04
7.419117647058800450e-04
7.441176470588211061e-04
7.606617647058799316e-04
7.422794117647035913e-04
7.411764705882329524e-04
7.319852941176447280e-04
7.632352941176446474e-04
6.992647058823508403e-04
7.408088235294095145e-04
7.360294117647035207e-04
7.264705882352917501e-04
7.194852941176446953e-04
7.231617647058801585e-04
7.308823529411741975e-04
7.158088235294095573e-04
7.466911764705858219e-04
7.389705882352917829e-04
7.047794117647037098e-04
7.613970588235270242e-04
7.084558823529388477e-04
6.930147058823506612e-04
7.470588235294093682e-04
7.139705882352918257e-04
7.246323529411741269e-04
7.356617647058800828e-04
6.999999999999977161e-04
7.363970588235270670e-04
7.158088235294094489e-04
7.176470588235270721e-04
7.231617647058800500e-04
7.132352941176448415e-04
7.113970588235271099e-04
7.595588235294094010e-04
7.448529411764681987e-04
7.191176470588211489e-04
7.496323529411739756e-04
6.955882352941153771e-04
7.294117647058801206e-04
7.253676470588212195e-04
7.264705882352918585e-04
7.452205882352917450e-04
7.227941176470566121e-04
7.209558823529388805e-04
7.124999999999976404e-04
7.305147058823505428e-04
7.474264705882329145e-04
7.290441176470564659e-04
7.117647058823507646e-04
7.003676470588212624e-04
6.919117647058801307e-04
7.492647058823506461e-04
7.338235294117624596e-04
7.430147058823506840e-04
7.367647058823506134e-04
7.143382352941154805e-04
7.183823529411742731e-04
7.327205882352917123e-04
7.205882352941154426e-04
7.172794117647035258e-04
7.202205882352917879e-04
7.040441176470566172e-04
7.264705882352917501e-04
7.051470588235271477e-04
7.044117647058801635e-04
7.356617647058799744e-04
7.400735294117624218e-04
7.352941176470565365e-04
7.286764705882329196e-04
7.323529411764681659e-04
7.433823529411740134e-04
6.941176470588213002e-04
7.430147058823505755e-04
7.437499999999975598e-04
7.121323529411743109e-04
7.363970588235271755e-04
7.249999999999976732e-04
7.080882352941153014e-04
7.455882352941151829e-04
7.172794117647036342e-04
7.330882352941152586e-04
7.312499999999977438e-04
7.180147058823506184e-04
7.121323529411742025e-04
7.058823529411741319e-04
7.172794117647035258e-04
7.415441176470563903e-04
7.496323529411739756e-04
7.819852941176446423e-04
7.389705882352916744e-04
7.466911764705859303e-04
7.268382352941152964e-04
7.033088235294095245e-04
7.463235294117623840e-04
7.194852941176448037e-04
7.136029411764683878e-04
7.386029411764682365e-04
6.974264705882331087e-04
7.180147058823506184e-04
7.595588235294094010e-04
7.143382352941153720e-04
7.485294117647034451e-04
7.356617647058800828e-04
7.433823529411740134e-04
7.503676470588211767e-04
7.224264705882330658e-04
7.518382352941151451e-04
7.117647058823506562e-04
7.536764705882329851e-04
7.312499999999977438e-04
7.341911764705860060e-04
6.959558823529389234e-04
6.996323529411742782e-04
7.169117647058800879e-04
7.481617647058800072e-04
7.455882352941151829e-04
7.455882352941151829e-04
7.540441176470563146e-04
7.466911764705858219e-04
7.246323529411741269e-04
7.132352941176447331e-04
7.352941176470565365e-04
7.297794117647035585e-04
7.308823529411740891e-04
7.113970588235271099e-04
7.371323529411740513e-04
7.213235294117624269e-04
7.408088235294094060e-04
7.025735294117624319e-04
6.852941176470567306e-04
6.900735294117625075e-04
7.069852941176447709e-04
7.113970588235271099e-04
6.882352941176448843e-04
6.985294117647037476e-04
6.749999999999978673e-04
6.533088235294097186e-04
6.518382352941155334e-04
6.345588235294097237e-04
6.463235294117627722e-04
6.091911764705863286e-04
6.426470588235273090e-04
6.055147058823509738e-04
6.121323529411744823e-04
5.944852941176451263e-04
5.871323529411746336e-04
6.264705882352921383e-04
5.908088235294098800e-04
5.999999999999981043e-04
5.753676470588216935e-04
5.933823529411745958e-04
5.577205882352923375e-04
5.834558823529392788e-04
5.551470588235276216e-04
5.558823529411747143e-04
5.433823529411747899e-04
5.485294117647041131e-04
5.749999999999982556e-04
5.727941176470569776e-04
5.205882352941160023e-04
5.397058823529394351e-04
5.246323529411747949e-04
5.338235294117630193e-04
5.408088235294100741e-04
5.143382352941160401e-04
5.297794117647042266e-04
5.198529411764689096e-04
5.363970588235277351e-04
5.268382352941159644e-04
4.930147058823513293e-04
5.169117647058807559e-04
5.014705882352925694e-04
4.985294117647043072e-04
5.264705882352924181e-04
5.356617647058806424e-04
5.301470588235277729e-04
5.216911764705866412e-04
4.966911764705866841e-04
5.044117647058808315e-04
5.022058823529396620e-04
5.154411764705866790e-04
4.985294117647043072e-04
5.139705882352924938e-04
5.191176470588219254e-04
5.058823529411749084e-04
4.977941176470572146e-04
5.191176470588219254e-04
5.062499999999984547e-04
4.930147058823514377e-04
5.077205882352925316e-04
4.996323529411749462e-04
4.999999999999984925e-04
5.242647058823512486e-04
5.033088235294101926e-04
5.029411764705866462e-04
5.066176470588220010e-04
5.095588235294101547e-04
5.117647058823513243e-04
4.941176470588219682e-04
5.136029411764689474e-04
5.062499999999984547e-04
5.264705882352924181e-04
5.216911764705866412e-04
4.911764705882338145e-04
5.261029411764689802e-04
5.073529411764689852e-04
5.095588235294101547e-04
5.227941176470571718e-04
4.849264705882337981e-04
5.084558823529396242e-04
5.202205882352924559e-04
5.044117647058808315e-04
5.058823529411749084e-04
4.871323529411749676e-04
5.007352941176454767e-04
4.930147058823513293e-04
5.246323529411747949e-04
4.944852941176455146e-04
5.176470588235278485e-04
4.908088235294101598e-04
5.136029411764689474e-04
5.073529411764689852e-04
5.286764705882335876e-04
5.110294117647043400e-04
5.249999999999983413e-04
5.261029411764689802e-04
5.051470588235278157e-04
5.312499999999983034e-04
5.202205882352924559e-04
4.999999999999984925e-04
5.047794117647042694e-04
4.966911764705866841e-04
5.124999999999984169e-04
5.209558823529395486e-04
5.323529411764689424e-04
5.224264705882336254e-04
5.400735294117629814e-04
5.161764705882336633e-04
4.963235294117631377e-04
5.077205882352925316e-04
5.224264705882336254e-04
5.316176470588218498e-04
5.297794117647042266e-04
5.136029411764689474e-04
5.121323529411748706e-04
5.408088235294100741e-04
5.187499999999983791e-04
4.878676470588219518e-04
5.323529411764689424e-04
5.051470588235278157e-04
5.422794117647041509e-04
5.382352941176453583e-04
5.242647058823512486e-04
5.187499999999983791e-04
5.249999999999983413e-04
5.268382352941159644e-04
5.308823529411747571e-04
5.216911764705866412e-04
5.025735294117630999e-04
5.308823529411747571e-04
5.525735294117630142e-04
5.139705882352924938e-04
5.444852941176453204e-04
5.110294117647043400e-04
5.345588235294101119e-04
5.106617647058807937e-04
5.136029411764689474e-04
5.286764705882335876e-04
5.352941176470570961e-04
5.323529411764689424e-04
5.308823529411747571e-04
5.426470588235276973e-04
5.452205882352924131e-04
5.411764705882336204e-04
5.499999999999982984e-04
5.187499999999983791e-04
5.360294117647041888e-04
5.261029411764689802e-04
5.393382352941159972e-04
5.433823529411747899e-04
5.191176470588219254e-04
5.536764705882335448e-04
5.308823529411747571e-04
5.422794117647041509e-04
5.481617647058806752e-04
5.360294117647041888e-04
5.319852941176453961e-04
5.577205882352923375e-04
5.283088235294101497e-04
5.198529411764689096e-04
5.404411764705865278e-04
5.599264705882335070e-04
5.422794117647041509e-04
5.624999999999982228e-04
5.275735294117630571e-04
5.562499999999982606e-04
5.518382352941159216e-04
5.367647058823512814e-04
5.319852941176453961e-04
5.327205882352924887e-04
5.154411764705866790e-04
5.422794117647041509e-04
5.408088235294100741e-04
5.562499999999982606e-04
5.459558823529395057e-04
5.477941176470571289e-04
5.312499999999983034e-04
5.176470588235278485e-04
5.382352941176453583e-04
5.562499999999982606e-04
5.441176470588217741e-04
5.463235294117629436e-04
5.264705882352924181e-04
5.540441176470570911e-04
5.749999999999981471e-04
5.246323529411747949e-04
5.503676470588218447e-04
5.444852941176453204e-04
5.672794117647041081e-04
5.647058823529393923e-04
5.374999999999982656e-04
5.448529411764688668e-04
5.499999999999982984e-04
5.356617647058806424e-04
5.459558823529395057e-04
5.547794117647041837e-04
5.349264705882336582e-04
5.544117647058806374e-04
5.794117647058804861e-04
5.463235294117629436e-04
5.775735294117628630e-04
5.238970588235278107e-04
5.632352941176453154e-04
5.411764705882336204e-04
5.459558823529395057e-04
5.713235294117629008e-04
5.441176470588217741e-04
5.588235294117629764e-04
5.470588235294100363e-04
5.845588235294099178e-04
5.904411764705863336e-04
5.316176470588218498e-04
5.389705882352924509e-04
5.433823529411747899e-04
5.507352941176452826e-04
5.786764705882335019e-04
5.643382352941158460e-04
5.794117647058804861e-04
5.533088235294099985e-04
5.481617647058806752e-04
5.621323529411746765e-04
5.617647058823511301e-04
5.323529411764689424e-04
5.588235294117629764e-04
5.783088235294099556e-04
5.518382352941159216e-04
5.621323529411746765e-04
5.555147058823511680e-04
5.511029411764688290e-04
5.632352941176453154e-04
5.463235294117629436e-04
5.676470588235276544e-04
5.624999999999982228e-04
5.702205882352922618e-04
5.650735294117629386e-04
5.566176470588218069e-04
5.602941176470570533e-04
5.687499999999981850e-04
5.805147058823511251e-04
5.669117647058805618e-04
5.386029411764690130e-04
5.801470588235275788e-04
5.529411764705864521e-04
5.735294117647040703e-04
6.025735294117629285e-04
5.805147058823511251e-04
5.584558823529394301e-04
5.602941176470570533e-04
5.636029411764688617e-04
5.569852941176453532e-04
5.488970588235276594e-04
5.639705882352922996e-04
5.661764705882334691e-04
5.797794117647040325e-04
5.621323529411746765e-04
5.680147058823510923e-04
5.727941176470569776e-04
5.779411764705864093e-04
5.753676470588216935e-04
5.915441176470569726e-04
5.889705882352922568e-04
5.374999999999982656e-04
5.801470588235275788e-04
5.779411764705864093e-04
5.514705882352923753e-04
5.874999999999981799e-04
5.944852941176451263e-04
5.878676470588216178e-04
5.845588235294099178e-04
5.871323529411746336e-04
5.639705882352922996e-04
5.749999999999981471e-04
5.444852941176453204e-04
5.827205882352922946e-04
5.886029411764687105e-04
5.908088235294098800e-04
5.911764705882334263e-04
6.022058823529392738e-04
5.742647058823511629e-04
5.908088235294098800e-04
5.602941176470570533e-04
5.551470588235276216e-04
5.698529411764688239e-04
6.044117647058804433e-04
6.077205882352922518e-04
5.610294117647042543e-04
5.698529411764688239e-04
5.816176470588216556e-04
5.841911764705863715e-04
5.860294117647039946e-04
6.014705882352921812e-04
5.816176470588216556e-04
5.727941176470569776e-04
5.874999999999981799e-04
6.106617647058804055e-04
5.779411764705864093e-04
5.805147058823511251e-04
5.900735294117627873e-04
5.805147058823511251e-04
6.176470588235274603e-04
5.665441176470570155e-04
5.941176470588216884e-04
6.113970588235274981e-04
5.761029411764688945e-04
6.066176470588217212e-04
5.874999999999981799e-04
5.922794117647039568e-04
6.136029411764686676e-04
5.955882352941157653e-04
5.919117647058805189e-04
5.966911764705862958e-04
5.816176470588216556e-04
5.871323529411746336e-04
6.279411764705863236e-04
5.757352941176452398e-04
5.658088235294099228e-04
5.819852941176452020e-04
6.095588235294098749e-04
5.959558823529393116e-04
5.558823529411747143e-04
5.930147058823510495e-04
5.889705882352922568e-04
6.003676470588216506e-04
6.080882352941156897e-04
5.867647058823510873e-04
5.794117647058804861e-04
5.919117647058805189e-04
6.029411764705863664e-04
5.977941176470569348e-04
5.937499999999981421e-04
5.849264705882334641e-04
6.099264705882333128e-04
5.941176470588216884e-04
5.808823529411746714e-04
5.808823529411746714e-04
6.158088235294098371e-04
5.819852941176453104e-04
6.066176470588216128e-04
5.893382352941158031e-04
5.922794117647039568e-04
5.970588235294098422e-04
6.220588235294097993e-04
6.147058823529393066e-04
5.823529411764687483e-04
6.198529411764686298e-04
6.095588235294098749e-04
6.161764705882332750e-04
6.051470588235275359e-04
5.665441176470570155e-04
5.944852941176451263e-04
5.937499999999981421e-04
6.143382352941156518e-04
6.040441176470568970e-04
6.279411764705862152e-04
6.106617647058805139e-04
6.091911764705863286e-04
5.992647058823510117e-04
6.249999999999979530e-04
6.216911764705862530e-04
5.937499999999981421e-04
5.948529411764686727e-04
6.279411764705863236e-04
6.158088235294098371e-04
6.242647058823509688e-04
6.084558823529392360e-04
6.180147058823510066e-04
6.058823529411745202e-04
6.411764705882332322e-04
6.110294117647039518e-04
5.999999999999981043e-04
6.147058823529391982e-04
5.757352941176452398e-04
6.106617647058804055e-04
6.055147058823509738e-04
6.294117647058802920e-04
6.106617647058804055e-04
5.944852941176451263e-04
6.022058823529393822e-04
6.242647058823509688e-04
5.897058823529393494e-04
6.165441176470568213e-04
6.062499999999980665e-04
6.113970588235274981e-04
6.022058823529392738e-04
6.044117647058804433e-04
6.003676470588216506e-04
5.999999999999981043e-04
6.113970588235274981e-04
6.150735294117627445e-04
5.911764705882334263e-04
6.036764705882333507e-04
6.147058823529391982e-04
5.911764705882334263e-04
5.812499999999981093e-04
6.374999999999979858e-04
6.261029411764685920e-04
5.860294117647039946e-04
6.014705882352921812e-04
6.102941176470568592e-04
6.183823529411744445e-04
6.143382352941156518e-04
6.018382352941158359e-04
5.860294117647039946e-04
6.036764705882333507e-04
6.047794117647039896e-04
6.022058823529392738e-04
5.992647058823511201e-04
6.147058823529391982e-04
6.106617647058804055e-04
5.944852941176451263e-04
6.154411764705862908e-04
6.470588235294096480e-04
6.062499999999980665e-04
5.886029411764687105e-04
6.426470588235273090e-04
6.033088235294098043e-04
6.242647058823509688e-04
6.080882352941156897e-04
6.161764705882332750e-04
6.029411764705863664e-04
6.055147058823509738e-04
6.150735294117627445e-04
6.242647058823509688e-04
6.536764705882331565e-04
6.338235294117627395e-04
6.242647058823509688e-04
6.025735294117628201e-04
5.930147058823511579e-04
6.279411764705862152e-04
6.279411764705862152e-04
6.113970588235274981e-04
6.121323529411744823e-04
6.183823529411745529e-04
6.404411764705861395e-04
6.191176470588215372e-04
6.312499999999981320e-04
6.481617647058802870e-04
6.327205882352921005e-04
5.988970588235274653e-04
6.154411764705862908e-04
6.198529411764686298e-04
6.261029411764685920e-04
6.264705882352921383e-04
6.301470588235273847e-04
6.014705882352921812e-04
6.180147058823510066e-04
6.264705882352921383e-04
5.952205882352922190e-04
6.143382352941156518e-04
6.091911764705863286e-04
6.136029411764686676e-04
6.363970588235274553e-04
6.408088235294096859e-04
5.830882352941158409e-04
6.003676470588216506e-04
6.349264705882332700e-04
6.279411764705862152e-04
6.224264705882333456e-04
6.143382352941157603e-04
6.426470588235273090e-04
6.169117647058803677e-04
6.128676470588215750e-04
6.290441176470568541e-04
6.411764705882332322e-04
6.066176470588216128e-04
6.235294117647038762e-04
6.238970588235274225e-04
5.977941176470569348e-04
6.624999999999978345e-04
6.334558823529391931e-04
6.176470588235274603e-04
6.345588235294097237e-04
6.294117647058802920e-04
6.341911764705861774e-04
6.091911764705863286e-04
6.213235294117627067e-04
6.242647058823509688e-04
6.338235294117627395e-04
6.330882352941157552e-04
6.349264705882332700e-04
6.257352941176450457e-04
6.349264705882332700e-04
6.367647058823510016e-04
6.202205882352921761e-04
6.216911764705862530e-04
6.496323529411743639e-04
6.253676470588214993e-04
6.621323529411742882e-04
6.363970588235273469e-04
6.547794117647037955e-04
6.022058823529393822e-04
6.308823529411744773e-04
6.194852941176450835e-04
