5.210784313725473973e-04
5.789215686274491995e-04
5.995098039215667092e-04
6.137254901960765164e-04
6.147058823529391982e-04
6.299019607843116871e-04
6.323529411764685542e-04
6.200980392156843274e-04
6.372549019607822883e-04
6.392156862745077602e-04
6.602941176470566650e-04
6.549019607843116443e-04
6.622549019607821370e-04
6.470588235294097565e-04
6.338235294117626310e-04
6.348039215686254212e-04
6.426470588235273090e-04
6.691176470588213430e-04
6.514705882352919870e-04
6.647058823529390040e-04
6.436274509803900992e-04
6.573529411764685113e-04
6.495098039215665151e-04
6.441176470588214943e-04
6.249999999999979530e-04
6.132352941176451213e-04
6.377450980392136834e-04
6.147058823529391982e-04
6.377450980392136834e-04
6.421568627450960224e-04
6.240196078431353797e-04
6.671568627450958711e-04
6.279411764705862152e-04
5.926470588235275032e-04
6.009803921568607861e-04
6.122549019607823311e-04
6.671568627450958711e-04
6.367647058823508932e-04
6.426470588235273090e-04
6.328431372548999493e-04
6.171568627450960652e-04
6.294117647058802920e-04
6.406862745098018371e-04
6.171568627450960652e-04
6.406862745098018371e-04
6.245098039215666664e-04
6.583333333333313015e-04
6.348039215686254212e-04
6.269607843137235334e-04
5.970588235294098422e-04
6.568627450980372246e-04
5.990196078431353141e-04
6.465686274509783614e-04
6.377450980392136834e-04
6.279411764705863236e-04
6.078431372548999921e-04
6.509803921568608088e-04
6.220588235294097993e-04
6.362745098039194981e-04
6.529411764705861723e-04
6.112745098039197578e-04
6.460784313725469663e-04
6.627450980392135321e-04
6.333333333333314528e-04
6.367647058823508932e-04
6.338235294117626310e-04
6.230392156862724811e-04
6.269607843137235334e-04
6.225490196078411944e-04
6.308823529411744773e-04
6.490196078431351200e-04
6.294117647058804004e-04
6.259803921568607432e-04
6.161764705882332750e-04
6.357843137254882114e-04
6.058823529411745202e-04
6.235294117647038762e-04
6.274509803921548201e-04
6.019607843137235762e-04
6.058823529411746286e-04
6.200980392156843274e-04
6.348039215686254212e-04
6.323529411764685542e-04
6.421568627450960224e-04
6.436274509803900992e-04
6.063725490196059153e-04
6.549019607843116443e-04
6.186274509803902505e-04
5.813725490196059581e-04
6.147058823529391982e-04
6.436274509803900992e-04
6.406862745098018371e-04
6.426470588235274175e-04
6.249999999999979530e-04
6.225490196078411944e-04
6.455882352941155712e-04
6.372549019607822883e-04
6.431372549019587041e-04
6.019607843137235762e-04
6.200980392156843274e-04
6.161764705882332750e-04
6.485294117647038333e-04
6.426470588235273090e-04
6.529411764705861723e-04
5.887254901960766677e-04
6.279411764705862152e-04
6.313725490196058724e-04
6.210784313725471175e-04
6.235294117647038762e-04
6.004901960784294994e-04
6.514705882352919870e-04
6.352941176470568163e-04
6.063725490196059153e-04
6.053921568627431251e-04
6.441176470588214943e-04
6.220588235294097993e-04
6.078431372548999921e-04
6.465686274509783614e-04
6.284313725490176103e-04
6.215686274509784042e-04
6.352941176470568163e-04
6.254901960784293481e-04
6.343137254901941345e-04
6.137254901960766248e-04
6.460784313725470747e-04
6.730392156862722870e-04
6.269607843137235334e-04
6.102941176470568592e-04
6.426470588235273090e-04
6.274509803921548201e-04
6.504901960784293053e-04
6.156862745098019883e-04
6.362745098039194981e-04
6.446078431372529978e-04
6.495098039215665151e-04
6.088235294117627823e-04
6.441176470588214943e-04
6.416666666666646273e-04
6.235294117647038762e-04
6.495098039215666235e-04
6.421568627450960224e-04
5.946078431372530835e-04
6.269607843137235334e-04
6.151960784313705933e-04
6.352941176470568163e-04
6.607843137254880601e-04
6.303921568627431906e-04
6.034313725490176531e-04
6.539215686274489625e-04
6.151960784313705933e-04
6.196078431372529323e-04
6.480392156862724382e-04
6.294117647058802920e-04
6.333333333333313444e-04
6.490196078431351200e-04
6.254901960784293481e-04
6.044117647058805517e-04
6.357843137254883198e-04
6.343137254901940261e-04
6.446078431372527810e-04
6.205882352941156140e-04
6.387254901960763651e-04
6.470588235294096480e-04
6.421568627450960224e-04
6.230392156862724811e-04
6.426470588235274175e-04
6.225490196078411944e-04
6.382352941176449700e-04
6.411764705882332322e-04
6.215686274509784042e-04
6.147058823529391982e-04
6.539215686274488541e-04
6.063725490196059153e-04
6.186274509803901421e-04
6.421568627450960224e-04
6.343137254901941345e-04
6.480392156862724382e-04
6.598039215686253784e-04
6.308823529411744773e-04
6.156862745098020968e-04
6.181372549019589638e-04
6.088235294117627823e-04
6.166666666666646701e-04
6.338235294117626310e-04
5.955882352941157653e-04
6.465686274509783614e-04
6.333333333333313444e-04
6.519607843137233821e-04
6.181372549019588554e-04
6.044117647058804433e-04
6.181372549019588554e-04
6.936274509803899051e-04
6.387254901960763651e-04
6.014705882352921812e-04
5.867647058823510873e-04
6.107843137254882543e-04
6.323529411764685542e-04
6.068627450980373103e-04
6.019607843137235762e-04
6.073529411764687054e-04
6.397058823529391553e-04
6.117647058823511529e-04
6.191176470588215372e-04
6.343137254901940261e-04
6.450980392156841761e-04
6.509803921568607004e-04
6.470588235294097565e-04
6.166666666666646701e-04
6.137254901960765164e-04
6.034313725490176531e-04
6.308823529411744773e-04
6.397058823529391553e-04
6.235294117647038762e-04
6.132352941176452297e-04
5.995098039215667092e-04
6.274509803921548201e-04
6.289215686274490054e-04
6.210784313725470091e-04
6.230392156862724811e-04
6.318627450980371591e-04
6.333333333333313444e-04
6.627450980392135321e-04
6.053921568627431251e-04
6.274509803921548201e-04
6.446078431372527810e-04
6.397058823529391553e-04
6.049019607843118384e-04
6.318627450980371591e-04
6.240196078431352713e-04
6.156862745098019883e-04
6.333333333333313444e-04
6.122549019607824395e-04
6.470588235294096480e-04
6.117647058823509360e-04
5.965686274509784471e-04
6.544117647058802492e-04
6.098039215686254641e-04
6.382352941176449700e-04
6.441176470588214943e-04
6.230392156862724811e-04
6.382352941176450785e-04
5.936274509803902933e-04
6.343137254901940261e-04
6.215686274509784042e-04
5.999999999999981043e-04
6.455882352941156796e-04
6.127450980392137262e-04
6.416666666666646273e-04
6.397058823529391553e-04
6.323529411764685542e-04
6.161764705882332750e-04
6.259803921568607432e-04
6.156862745098019883e-04
6.102941176470569676e-04
6.450980392156841761e-04
6.264705882352921383e-04
6.436274509803900992e-04
6.455882352941155712e-04
6.132352941176452297e-04
6.196078431372529323e-04
6.196078431372529323e-04
6.259803921568607432e-04
6.112745098039196493e-04
6.230392156862724811e-04
6.279411764705862152e-04
6.382352941176449700e-04
6.269607843137236418e-04
6.318627450980371591e-04
6.323529411764685542e-04
6.323529411764685542e-04
6.230392156862724811e-04
6.343137254901940261e-04
6.421568627450960224e-04
6.328431372548999493e-04
6.245098039215667748e-04
6.406862745098018371e-04
6.058823529411745202e-04
6.093137254901941774e-04
5.931372549019588982e-04
6.294117647058802920e-04
6.299019607843116871e-04
6.014705882352921812e-04
6.137254901960765164e-04
6.098039215686254641e-04
6.308823529411744773e-04
6.235294117647038762e-04
6.200980392156843274e-04
6.377450980392136834e-04
6.279411764705862152e-04
5.823529411764687483e-04
6.348039215686254212e-04
6.264705882352921383e-04
6.245098039215666664e-04
6.058823529411745202e-04
6.544117647058802492e-04
6.436274509803900992e-04
6.004901960784294994e-04
6.058823529411745202e-04
6.225490196078411944e-04
6.161764705882334919e-04
6.348039215686254212e-04
6.470588235294096480e-04
6.235294117647038762e-04
6.235294117647038762e-04
6.475490196078410431e-04
6.475490196078410431e-04
6.450980392156842845e-04
6.166666666666646701e-04
6.401960784313705504e-04
6.323529411764685542e-04
6.068627450980373103e-04
6.181372549019589638e-04
6.509803921568607004e-04
6.259803921568607432e-04
6.063725490196059153e-04
6.132352941176452297e-04
6.102941176470568592e-04
6.465686274509783614e-04
6.308823529411744773e-04
5.941176470588216884e-04
6.200980392156843274e-04
6.328431372548999493e-04
6.058823529411745202e-04
6.602941176470566650e-04
6.269607843137235334e-04
6.382352941176449700e-04
6.225490196078411944e-04
6.455882352941156796e-04
6.465686274509783614e-04
5.970588235294098422e-04
6.230392156862724811e-04
6.357843137254882114e-04
6.235294117647038762e-04
6.455882352941155712e-04
6.102941176470568592e-04
6.509803921568607004e-04
6.490196078431351200e-04
6.186274509803902505e-04
6.098039215686254641e-04
6.524509803921547772e-04
6.598039215686254868e-04
6.352941176470568163e-04
6.235294117647039846e-04
6.215686274509784042e-04
6.142156862745078031e-04
6.176470588235274603e-04
6.019607843137235762e-04
5.985294117647040274e-04
6.279411764705862152e-04
6.171568627450960652e-04
6.529411764705861723e-04
6.299019607843116871e-04
6.215686274509784042e-04
6.034313725490176531e-04
5.848039215686256153e-04
6.171568627450960652e-04
6.328431372548999493e-04
6.259803921568607432e-04
6.078431372548999921e-04
6.333333333333313444e-04
6.225490196078411944e-04
6.259803921568607432e-04
6.323529411764685542e-04
6.137254901960765164e-04
6.196078431372530407e-04
6.455882352941155712e-04
6.200980392156843274e-04
6.323529411764685542e-04
6.416666666666646273e-04
6.102941176470568592e-04
6.269607843137236418e-04
6.299019607843116871e-04
6.299019607843116871e-04
6.210784313725470091e-04
6.259803921568607432e-04
6.573529411764685113e-04
6.058823529411745202e-04
6.200980392156843274e-04
6.303921568627430822e-04
6.181372549019588554e-04
6.078431372548999921e-04
6.073529411764688139e-04
6.156862745098019883e-04
6.254901960784293481e-04
6.465686274509783614e-04
6.191176470588215372e-04
6.186274509803901421e-04
6.176470588235274603e-04
6.323529411764685542e-04
6.318627450980371591e-04
6.382352941176449700e-04
5.965686274509784471e-04
6.127450980392137262e-04
6.382352941176449700e-04
6.264705882352921383e-04
6.299019607843116871e-04
6.465686274509783614e-04
6.686274509803900564e-04
6.274509803921548201e-04
6.176470588235274603e-04
6.078431372548999921e-04
6.509803921568607004e-04
6.127450980392137262e-04
6.313725490196058724e-04
6.514705882352919870e-04
6.156862745098019883e-04
5.985294117647040274e-04
6.367647058823510016e-04
6.161764705882332750e-04
6.455882352941155712e-04
6.063725490196059153e-04
6.107843137254882543e-04
6.274509803921548201e-04
6.210784313725470091e-04
6.127450980392138346e-04
6.421568627450960224e-04
6.240196078431352713e-04
6.215686274509784042e-04
6.259803921568607432e-04
6.053921568627431251e-04
6.088235294117627823e-04
6.544117647058802492e-04
6.240196078431352713e-04
6.553921568627430394e-04
6.249999999999979530e-04
6.303921568627430822e-04
6.715686274509782101e-04
6.151960784313707017e-04
6.181372549019588554e-04
6.323529411764685542e-04
6.372549019607822883e-04
6.269607843137235334e-04
6.181372549019588554e-04
6.235294117647038762e-04
5.946078431372530835e-04
6.137254901960765164e-04
6.034313725490176531e-04
6.401960784313705504e-04
6.274509803921548201e-04
6.142156862745079115e-04
6.499999999999979102e-04
6.593137254901939833e-04
6.127450980392137262e-04
6.313725490196059808e-04
6.240196078431352713e-04
6.313725490196058724e-04
6.318627450980371591e-04
6.245098039215666664e-04
6.279411764705862152e-04
6.509803921568607004e-04
6.279411764705863236e-04
6.102941176470568592e-04
6.387254901960763651e-04
6.014705882352921812e-04
6.274509803921548201e-04
6.112745098039196493e-04
6.181372549019588554e-04
6.338235294117627395e-04
6.205882352941156140e-04
6.004901960784294994e-04
6.573529411764685113e-04
6.166666666666646701e-04
6.857843137254880173e-04
6.137254901960765164e-04
6.303921568627430822e-04
6.343137254901940261e-04
6.245098039215666664e-04
6.411764705882332322e-04
6.421568627450960224e-04
6.372549019607822883e-04
6.176470588235274603e-04
6.225490196078411944e-04
6.073529411764687054e-04
6.230392156862724811e-04
6.249999999999979530e-04
6.745098039215664722e-04
6.161764705882332750e-04
6.147058823529391982e-04
6.259803921568607432e-04
6.004901960784294994e-04
6.308823529411744773e-04
6.367647058823508932e-04
5.897058823529393494e-04
6.411764705882332322e-04
6.499999999999980186e-04
6.446078431372527810e-04
6.196078431372529323e-04
6.264705882352921383e-04
6.303921568627430822e-04
6.269607843137235334e-04
6.053921568627431251e-04
6.348039215686254212e-04
6.230392156862724811e-04
6.563725490196057211e-04
6.470588235294096480e-04
6.176470588235274603e-04
6.593137254901939833e-04
6.392156862745077602e-04
6.019607843137235762e-04
6.382352941176449700e-04
6.299019607843116871e-04
6.200980392156843274e-04
6.151960784313705933e-04
6.406862745098018371e-04
6.088235294117627823e-04
6.397058823529391553e-04
6.377450980392136834e-04
6.249999999999979530e-04
5.926470588235275032e-04
6.539215686274489625e-04
6.171568627450960652e-04
6.200980392156843274e-04
6.205882352941156140e-04
6.406862745098018371e-04
6.411764705882332322e-04
6.450980392156842845e-04
6.264705882352921383e-04
6.112745098039197578e-04
6.323529411764685542e-04
6.093137254901942858e-04
6.377450980392136834e-04
6.749999999999978673e-04
6.220588235294097993e-04
6.205882352941156140e-04
6.348039215686254212e-04
6.049019607843118384e-04
6.230392156862724811e-04
5.911764705882334263e-04
6.186274509803901421e-04
6.441176470588214943e-04
6.269607843137235334e-04
6.397058823529391553e-04
6.058823529411745202e-04
6.078431372548999921e-04
6.406862745098019455e-04
6.563725490196057211e-04
6.436274509803900992e-04
6.475490196078410431e-04
6.357843137254882114e-04
6.053921568627431251e-04
6.200980392156843274e-04
6.254901960784293481e-04
6.352941176470568163e-04
6.044117647058804433e-04
6.225490196078411944e-04
6.200980392156843274e-04
6.470588235294096480e-04
6.735294117647036821e-04
6.147058823529391982e-04
6.240196078431352713e-04
6.191176470588215372e-04
6.308823529411744773e-04
6.387254901960763651e-04
5.950980392156843702e-04
6.465686274509783614e-04
6.460784313725469663e-04
6.058823529411745202e-04
6.249999999999979530e-04
5.985294117647040274e-04
6.176470588235274603e-04
6.700980392156841332e-04
6.117647058823509360e-04
5.911764705882334263e-04
6.073529411764687054e-04
6.137254901960765164e-04
5.995098039215667092e-04
6.303921568627430822e-04
6.117647058823509360e-04
5.985294117647040274e-04
6.176470588235274603e-04
6.441176470588216027e-04
6.147058823529391982e-04
6.127450980392137262e-04
6.235294117647038762e-04
6.186274509803901421e-04
6.382352941176449700e-04
5.960784313725471604e-04
6.323529411764685542e-04
5.975490196078412372e-04
6.215686274509784042e-04
6.441176470588216027e-04
6.191176470588215372e-04
6.083333333333313872e-04
6.387254901960763651e-04
6.156862745098020968e-04
6.416666666666647357e-04
6.225490196078411944e-04
6.441176470588214943e-04
6.235294117647038762e-04
6.343137254901940261e-04
5.745098039215668605e-04
6.132352941176451213e-04
6.328431372548999493e-04
6.289215686274490054e-04
6.279411764705862152e-04
6.343137254901940261e-04
6.112745098039197578e-04
6.416666666666646273e-04
6.308823529411744773e-04
6.367647058823508932e-04
6.137254901960765164e-04
5.901960784313706361e-04
6.524509803921548856e-04
6.196078431372529323e-04
6.392156862745077602e-04
5.941176470588216884e-04
6.544117647058802492e-04
6.308823529411744773e-04
6.264705882352921383e-04
6.348039215686254212e-04
6.259803921568607432e-04
6.465686274509783614e-04
6.191176470588215372e-04
6.053921568627431251e-04
6.352941176470568163e-04
6.269607843137235334e-04
6.372549019607822883e-04
6.299019607843116871e-04
6.509803921568607004e-04
6.313725490196058724e-04
6.122549019607823311e-04
6.240196078431352713e-04
6.142156862745078031e-04
6.426470588235273090e-04
6.274509803921548201e-04
6.181372549019588554e-04
6.181372549019588554e-04
6.137254901960765164e-04
6.475490196078410431e-04
6.029411764705863664e-04
6.333333333333313444e-04
6.700980392156841332e-04
6.382352941176449700e-04
6.151960784313705933e-04
6.436274509803900992e-04
6.083333333333313872e-04
6.460784313725469663e-04
6.367647058823508932e-04
6.333333333333313444e-04
5.980392156862726323e-04
6.063725490196059153e-04
6.617647058823508503e-04
6.406862745098018371e-04
6.024509803921549713e-04
6.441176470588214943e-04
6.387254901960764735e-04
6.147058823529391982e-04
6.196078431372529323e-04
6.573529411764685113e-04
5.975490196078412372e-04
6.259803921568607432e-04
6.240196078431352713e-04
6.539215686274488541e-04
6.073529411764687054e-04
6.044117647058804433e-04
6.044117647058804433e-04
6.176470588235274603e-04
6.044117647058804433e-04
6.176470588235275687e-04
6.161764705882332750e-04
6.151960784313705933e-04
6.171568627450960652e-04
6.382352941176449700e-04
6.191176470588215372e-04
6.450980392156841761e-04
6.156862745098019883e-04
6.210784313725470091e-04
6.254901960784293481e-04
6.406862745098019455e-04
6.073529411764687054e-04
6.161764705882331666e-04
6.225490196078411944e-04
6.367647058823508932e-04
5.970588235294098422e-04
6.083333333333313872e-04
6.181372549019588554e-04
6.686274509803900564e-04
6.083333333333313872e-04
6.416666666666646273e-04
6.240196078431352713e-04
6.200980392156843274e-04
6.377450980392136834e-04
6.127450980392137262e-04
5.936274509803902933e-04
5.975490196078412372e-04
6.308823529411744773e-04
6.200980392156843274e-04
6.132352941176451213e-04
6.142156862745078031e-04
6.127450980392137262e-04
6.558823529411743260e-04
5.818627450980373532e-04
6.156862745098019883e-04
6.068627450980373103e-04
6.377450980392136834e-04
6.656862745098019027e-04
6.426470588235273090e-04
6.039215686274490482e-04
6.455882352941155712e-04
6.254901960784293481e-04
6.431372549019587041e-04
6.348039215686254212e-04
6.303921568627431906e-04
6.485294117647038333e-04
6.367647058823508932e-04
6.313725490196058724e-04
6.411764705882332322e-04
6.147058823529391982e-04
6.220588235294097993e-04
6.352941176470569247e-04
5.848039215686256153e-04
6.225490196078411944e-04
6.004901960784294994e-04
6.397058823529391553e-04
6.529411764705861723e-04
6.318627450980371591e-04
6.034313725490176531e-04
6.083333333333313872e-04
6.480392156862724382e-04
6.519607843137233821e-04
6.377450980392136834e-04
6.029411764705863664e-04
6.240196078431352713e-04
6.392156862745077602e-04
6.343137254901940261e-04
6.200980392156843274e-04
6.161764705882334919e-04
6.053921568627431251e-04
6.063725490196059153e-04
6.446078431372527810e-04
6.392156862745078686e-04
6.593137254901939833e-04
6.357843137254882114e-04
5.975490196078412372e-04
5.833333333333314301e-04
6.676470588235272662e-04
6.593137254901940917e-04
6.191176470588215372e-04
6.269607843137235334e-04
5.960784313725471604e-04
6.323529411764685542e-04
6.348039215686255296e-04
6.235294117647038762e-04
6.269607843137235334e-04
6.446078431372527810e-04
5.965686274509784471e-04
5.857843137254882971e-04
6.259803921568607432e-04
6.107843137254882543e-04
6.220588235294099077e-04
6.313725490196058724e-04
6.333333333333313444e-04
6.186274509803901421e-04
6.205882352941157224e-04
6.333333333333313444e-04
6.269607843137235334e-04
6.200980392156843274e-04
6.215686274509784042e-04
6.068627450980373103e-04
6.431372549019587041e-04
6.343137254901940261e-04
6.200980392156843274e-04
6.588235294117625882e-04
6.186274509803901421e-04
6.230392156862724811e-04
6.450980392156841761e-04
6.392156862745077602e-04
6.303921568627430822e-04
6.362745098039194981e-04
6.245098039215666664e-04
6.200980392156843274e-04
6.313725490196058724e-04
6.264705882352921383e-04
6.078431372548999921e-04
6.343137254901941345e-04
6.235294117647038762e-04
6.112745098039196493e-04
6.039215686274490482e-04
6.186274509803901421e-04
5.848039215686256153e-04
6.392156862745077602e-04
6.617647058823508503e-04
6.441176470588216027e-04
5.921568627450962165e-04
6.421568627450961308e-04
6.093137254901941774e-04
6.259803921568607432e-04
6.171568627450960652e-04
6.681372549019586613e-04
6.382352941176449700e-04
6.073529411764687054e-04
6.318627450980371591e-04
6.509803921568607004e-04
6.397058823529392637e-04
6.127450980392137262e-04
6.181372549019588554e-04
6.264705882352921383e-04
6.284313725490176103e-04
6.284313725490176103e-04
6.274509803921548201e-04
6.024509803921549713e-04
6.166666666666647785e-04
6.142156862745078031e-04
6.504901960784293053e-04
6.490196078431351200e-04
6.249999999999979530e-04
6.249999999999979530e-04
6.078431372548999921e-04
6.328431372548999493e-04
6.308823529411744773e-04
5.897058823529393494e-04
6.318627450980371591e-04
6.249999999999979530e-04
6.431372549019587041e-04
6.279411764705862152e-04
6.200980392156843274e-04
6.049019607843118384e-04
6.196078431372529323e-04
6.436274509803900992e-04
6.186274509803901421e-04
5.990196078431353141e-04
6.392156862745077602e-04
6.490196078431351200e-04
6.455882352941155712e-04
6.377450980392136834e-04
6.254901960784293481e-04
6.083333333333313872e-04
6.289215686274490054e-04
6.387254901960763651e-04
6.401960784313705504e-04
6.181372549019588554e-04
6.411764705882332322e-04
6.220588235294097993e-04
6.303921568627430822e-04
6.397058823529392637e-04
6.289215686274490054e-04
6.274509803921548201e-04
5.985294117647040274e-04
6.063725490196059153e-04
6.279411764705863236e-04
6.348039215686254212e-04
6.215686274509784042e-04
6.049019607843118384e-04
6.156862745098019883e-04
6.485294117647038333e-04
6.544117647058802492e-04
6.274509803921548201e-04
6.338235294117626310e-04
6.137254901960765164e-04
6.044117647058804433e-04
6.112745098039196493e-04
6.598039215686253784e-04
6.475490196078410431e-04
6.053921568627431251e-04
6.450980392156841761e-04
6.382352941176449700e-04
6.465686274509784698e-04
6.249999999999979530e-04
6.313725490196058724e-04
6.107843137254882543e-04
6.264705882352921383e-04
6.063725490196059153e-04
5.941176470588216884e-04
6.387254901960763651e-04
6.279411764705862152e-04
6.308823529411744773e-04
6.676470588235272662e-04
6.460784313725469663e-04
6.588235294117625882e-04
6.181372549019588554e-04
6.088235294117627823e-04
6.343137254901940261e-04
6.132352941176451213e-04
6.519607843137234906e-04
5.999999999999981043e-04
6.303921568627430822e-04
6.249999999999979530e-04
6.588235294117625882e-04
6.245098039215666664e-04
6.681372549019586613e-04
6.112745098039196493e-04
6.122549019607823311e-04
6.210784313725470091e-04
6.259803921568607432e-04
6.171568627450960652e-04
6.495098039215665151e-04
6.245098039215666664e-04
5.950980392156843702e-04
6.235294117647038762e-04
6.357843137254882114e-04
6.343137254901940261e-04
6.240196078431352713e-04
6.333333333333313444e-04
6.176470588235274603e-04
5.985294117647040274e-04
6.289215686274490054e-04
6.284313725490176103e-04
6.387254901960763651e-04
6.480392156862724382e-04
6.284313725490176103e-04
6.411764705882332322e-04
6.073529411764687054e-04
5.980392156862726323e-04
6.392156862745077602e-04
6.377450980392136834e-04
6.549019607843116443e-04
5.946078431372529751e-04
6.333333333333313444e-04
6.470588235294096480e-04
6.117647058823509360e-04
6.117647058823509360e-04
6.289215686274490054e-04
6.196078431372529323e-04
6.328431372548999493e-04
6.215686274509784042e-04
6.504901960784294137e-04
6.333333333333313444e-04
6.588235294117625882e-04
6.093137254901941774e-04
6.318627450980371591e-04
6.249999999999979530e-04
6.024509803921549713e-04
6.323529411764685542e-04
6.401960784313705504e-04
6.338235294117626310e-04
6.029411764705863664e-04
6.107843137254882543e-04
6.254901960784293481e-04
6.235294117647038762e-04
6.112745098039196493e-04
6.294117647058802920e-04
6.401960784313705504e-04
6.333333333333313444e-04
6.274509803921548201e-04
6.284313725490176103e-04
6.352941176470568163e-04
6.436274509803902076e-04
6.362745098039194981e-04
6.313725490196058724e-04
6.352941176470568163e-04
6.401960784313705504e-04
6.475490196078410431e-04
6.098039215686254641e-04
6.215686274509784042e-04
6.480392156862724382e-04
6.225490196078411944e-04
6.490196078431351200e-04
6.274509803921548201e-04
6.367647058823508932e-04
6.137254901960765164e-04
6.700980392156841332e-04
6.318627450980372675e-04
6.372549019607822883e-04
6.039215686274490482e-04
6.181372549019588554e-04
6.284313725490176103e-04
6.406862745098018371e-04
6.200980392156843274e-04
6.186274509803901421e-04
6.200980392156843274e-04
5.779411764705864093e-04
6.475490196078410431e-04
6.171568627450960652e-04
6.254901960784293481e-04
6.210784313725470091e-04
6.308823529411744773e-04
6.279411764705862152e-04
6.088235294117627823e-04
6.671568627450958711e-04
6.426470588235274175e-04
6.156862745098019883e-04
6.279411764705862152e-04
6.230392156862724811e-04
6.446078431372529978e-04
6.838235294117625453e-04
6.504901960784293053e-04
6.696078431372527381e-04
6.367647058823508932e-04
6.019607843137235762e-04
5.955882352941157653e-04
6.102941176470568592e-04
5.916666666666648214e-04
6.431372549019587041e-04
6.681372549019586613e-04
6.294117647058802920e-04
6.338235294117626310e-04
6.328431372548999493e-04
6.357843137254882114e-04
6.151960784313705933e-04
6.519607843137233821e-04
6.549019607843116443e-04
6.480392156862724382e-04
6.127450980392137262e-04
6.299019607843116871e-04
5.985294117647040274e-04
6.279411764705862152e-04
6.039215686274490482e-04
6.191176470588215372e-04
6.205882352941156140e-04
6.063725490196059153e-04
6.632352941176449272e-04
7.465686274509779731e-04
7.882352941176446045e-04
8.019607843137229082e-04
8.475490196078403751e-04
8.862745098039187443e-04
9.588235294117616403e-04
1.032352941176467327e-03
1.057843137254898570e-03
1.103921568627447541e-03
1.124509803921565050e-03
1.128431372549015994e-03
1.186764705882349192e-03
1.202941176470584362e-03
1.202941176470584362e-03
1.263725490196074318e-03
1.238235294117643074e-03
1.332843137254897774e-03
1.294117647058819296e-03
1.340196078431368266e-03
1.354411764705878074e-03
1.350490196078427347e-03
1.373529411764701398e-03
1.371568627450976035e-03
1.339215686274505476e-03
1.449019607843132556e-03
1.381372549019603286e-03
1.429901960784309015e-03
1.451470588235289315e-03
1.450490196078426742e-03
1.422549019607838522e-03
1.456372549019603049e-03
1.385784313725485625e-03
1.457352941176465839e-03
1.501470588235289229e-03
1.475490196078426590e-03
1.487254901960779422e-03
1.522058823529406739e-03
1.500490196078426439e-03
1.468627450980387276e-03
1.582843137254896695e-03
1.482352941176465688e-03
1.517156862745093005e-03
1.514705882352936246e-03
1.502450980392152019e-03
1.499509803921563649e-03
1.475490196078426590e-03
1.413725490196073844e-03
1.511764705882348092e-03
1.512254901960779488e-03
1.541666666666661675e-03
1.496078431372544100e-03
1.479901960784308929e-03
1.532352941176465602e-03
1.526470588235289295e-03
1.536274509803916546e-03
1.550980392156857748e-03
1.515686274509799036e-03
1.473529411764701010e-03
1.486764705882348027e-03
1.466176470588230517e-03
1.549999999999994958e-03
1.501470588235289229e-03
1.515196078431367641e-03
1.496078431372544100e-03
1.517156862745093005e-03
1.502450980392152019e-03
1.487745098039210817e-03
1.475490196078426590e-03
1.535294117647053756e-03
1.479411764705877534e-03
1.471568627450975646e-03
1.497549019607838285e-03
1.562745098039210580e-03
1.474509803921563800e-03
1.469117647058818671e-03
1.503431372549014810e-03
1.497058823529406890e-03
1.464215686274505154e-03
1.483823529411759873e-03
1.484313725490191268e-03
1.473039215686269615e-03
1.484803921568622663e-03
1.465686274509799122e-03
1.518627450980387190e-03
1.474509803921563800e-03
1.450490196078426742e-03
1.517156862745093005e-03
1.471568627450975646e-03
1.474509803921563800e-03
1.488725490196073607e-03
1.461274509803916783e-03
1.482352941176465688e-03
1.400490196078426827e-03
1.484313725490191268e-03
1.457843137254897234e-03
1.461764705882348178e-03
1.442156862745093459e-03
1.456862745098034444e-03
1.464215686274505154e-03
1.430392156862740410e-03
1.480392156862740324e-03
1.475980392156857985e-03
1.451960784313720710e-03
1.451960784313720710e-03
1.461274509803917000e-03
1.443627450980387427e-03
1.422549019607838522e-03
1.405392156862740561e-03
1.411764705882348264e-03
1.442156862745093459e-03
1.401960784313721013e-03
1.447549019607838371e-03
1.445588235294113007e-03
1.440196078431367878e-03
1.414215686274505239e-03
1.476470588235289380e-03
1.447549019607838371e-03
1.356372549019603437e-03
1.454901960784309081e-03
1.445098039215681612e-03
1.397058823529407278e-03
1.415686274509799425e-03
1.397058823529407278e-03
1.375490196078426978e-03
1.401470588235289617e-03
1.420098039215681764e-03
1.382352941176466076e-03
1.416176470588230603e-03
1.367647058823525091e-03
1.350490196078426913e-03
1.379901960784309317e-03
1.401470588235289617e-03
1.360784313725485776e-03
1.363725490196073930e-03
1.360294117647054381e-03
1.390686274509799359e-03
1.410294117647054295e-03
1.389705882352936786e-03
1.368137254901956269e-03
1.358333333333329018e-03
1.420098039215681764e-03
1.410294117647054295e-03
1.363235294117642752e-03
1.353431372549015283e-03
1.373039215686270003e-03
1.414705882352936634e-03
1.374019607843132793e-03
1.364705882352936720e-03
1.327941176470584040e-03
1.376960784313720947e-03
1.326470588235289854e-03
1.370588235294113244e-03
1.365196078431368115e-03
1.353921568627446679e-03
1.355392156862740647e-03
1.332352941176466379e-03
1.394607843137250303e-03
1.313235294117642837e-03
1.332352941176466379e-03
1.297549019607839062e-03
1.348039215686270154e-03
1.338235294117642686e-03
1.350980392156858308e-03
1.336764705882348718e-03
1.334313725490191742e-03
1.329411764705878008e-03
1.330882352941172193e-03
1.327450980392152645e-03
1.346078431372544574e-03
1.299999999999995820e-03
1.313725490196074232e-03
1.316176470588230991e-03
1.274999999999995972e-03
1.291666666666662537e-03
1.271078431372545028e-03
1.346078431372544574e-03
1.289705882352936957e-03
1.355882352941172042e-03
1.309313725490191893e-03
1.354901960784309252e-03
1.302941176470583974e-03
1.290686274509799747e-03
1.338235294117642686e-03
1.290196078431368352e-03
1.259803921568623374e-03
1.256862745098035221e-03
1.282352941176466464e-03
1.221078431372545113e-03
1.307843137254897708e-03
1.288235294117642989e-03
1.309313725490191893e-03
1.290686274509799747e-03
1.296568627450976272e-03
1.285784313725486013e-03
1.256862745098035221e-03
1.271568627450976423e-03
1.249509803921564728e-03
1.297058823529407667e-03
1.314215686274505628e-03
1.286764705882348803e-03
1.274999999999995972e-03
1.303431372549015369e-03
1.254411764705878245e-03
1.226470588235290243e-03
1.275490196078427367e-03
1.265686274509799899e-03
1.263235294117642923e-03
1.289215686274505562e-03
1.261764705882348955e-03
1.269607843137250842e-03
1.252450980392152882e-03
1.250980392156858696e-03
1.255392156862741035e-03
1.245098039215682389e-03
1.252450980392152882e-03
1.260294117647054769e-03
1.242156862745094018e-03
1.263725490196074318e-03
1.298039215686270240e-03
1.269607843137250842e-03
1.184803921568623611e-03
1.205392156862741121e-03
1.245588235294113567e-03
1.226470588235290243e-03
1.238725490196074469e-03
1.275980392156858762e-03
1.198529411764702023e-03
1.276960784313721335e-03
1.179901960784309877e-03
1.233823529411760735e-03
1.252450980392152882e-03
1.255392156862741035e-03
1.266666666666662689e-03
1.197058823529408055e-03
1.219117647058819750e-03
1.197549019607839233e-03
1.239215686274505865e-03
1.193627450980388289e-03
1.163235294117643311e-03
1.154411764705878633e-03
1.235784313725486316e-03
1.211274509803917645e-03
1.221078431372545113e-03
1.182843137254898248e-03
1.195588235294113870e-03
1.193137254901956894e-03
1.229411764705878396e-03
1.160784313725486553e-03
1.169117647058819836e-03
1.210294117647055072e-03
1.223039215686270694e-03
1.172058823529407989e-03
1.151470588235290480e-03
1.208333333333329491e-03
1.204411764705878548e-03
1.205882352941172733e-03
1.178431372549015909e-03
1.165196078431368892e-03
1.199999999999996209e-03
1.164705882352937497e-03
1.193627450980388289e-03
1.137745098039212067e-03
1.170098039215682626e-03
1.170098039215682626e-03
1.196078431372545265e-03
1.217156862745094170e-03
1.159803921568623762e-03
1.154901960784310028e-03
1.188235294117643377e-03
1.204901960784309943e-03
1.159313725490192367e-03
1.192156862745094321e-03
1.148039215686270931e-03
1.156372549019604214e-03
1.155392156862741423e-03
1.166666666666662860e-03
1.140686274509800221e-03
1.137745098039212067e-03
1.163235294117643311e-03
1.157352941176467004e-03
1.170098039215682626e-03
1.181372549019604062e-03
1.157843137254898399e-03
1.144117647058819987e-03
1.172058823529407989e-03
1.148529411764702326e-03
1.161274509803917948e-03
1.149509803921564899e-03
1.148039215686270931e-03
1.132352941176466938e-03
1.129411764705878785e-03
1.137745098039212067e-03
1.131372549019604365e-03
1.137254901960780672e-03
1.130882352941172970e-03
1.179411764705878699e-03
1.096078431372545653e-03
1.110294117647055243e-03
1.128431372549015994e-03
1.117156862745094558e-03
1.072058823529408378e-03
1.131862745098035543e-03
1.148529411764702326e-03
1.104901960784310331e-03
1.163235294117643311e-03
1.135784313725486704e-03
1.097549019607839621e-03
1.124999999999996446e-03
1.112745098039212219e-03
1.151470588235290480e-03
1.108333333333329880e-03
1.122549019607839687e-03
1.092156862745094709e-03
1.169117647058819836e-03
1.107352941176467090e-03
1.123039215686270865e-03
1.098529411764702412e-03
1.082843137254898636e-03
1.084313725490192604e-03
1.080392156862741660e-03
1.112745098039212219e-03
1.113725490196075009e-03
1.115196078431368761e-03
1.117647058823525953e-03
1.138725490196074858e-03
1.123039215686270865e-03
1.119117647058819921e-03
1.142647058823525802e-03
1.146078431372545350e-03
1.127450980392153204e-03
1.105882352941172904e-03
1.079411764705878870e-03
1.097549019607839621e-03
1.112745098039212219e-03
1.072549019607839773e-03
1.121568627450976897e-03
1.065196078431369280e-03
1.082843137254898636e-03
1.094117647058820073e-03
1.076960784313722112e-03
1.074999999999996531e-03
1.074509803921565353e-03
1.087745098039212370e-03
1.059803921568623934e-03
1.081862745098035846e-03
1.108823529411761275e-03
1.055392156862741812e-03
1.082843137254898636e-03
1.105882352941172904e-03
1.071078431372545587e-03
1.046078431372545739e-03
1.064705882352937885e-03
1.053431372549016231e-03
1.100980392156859170e-03
1.094607843137251468e-03
1.048529411764702497e-03
1.063725490196075095e-03
1.054411764705879022e-03
1.087254901960780758e-03
1.052941176470584836e-03
1.060294117647055546e-03
1.037745098039212456e-03
1.090196078431369129e-03
1.045588235294114344e-03
1.078431372549016297e-03
1.083333333333330031e-03
1.092156862745094709e-03
1.068627450980388829e-03
1.060294117647055546e-03
1.068137254901957434e-03
1.082843137254898636e-03
1.003921568627447929e-03
1.092156862745094709e-03
1.083823529411761209e-03
1.072058823529408378e-03
1.030392156862741963e-03
1.047549019607839924e-03
9.975490196078400096e-04
1.072058823529408378e-03
1.046568627450977134e-03
1.077450980392153290e-03
1.050980392156859473e-03
1.071078431372545587e-03
1.025490196078428229e-03
1.070098039215683014e-03
1.052941176470584836e-03
1.049999999999996683e-03
1.081372549019604451e-03
1.013725490196075180e-03
1.037745098039212456e-03
1.046568627450977134e-03
1.051960784313722263e-03
1.066666666666663248e-03
1.035294117647055697e-03
1.030392156862741963e-03
1.060294117647055546e-03
1.054901960784310417e-03
1.071078431372545587e-03
1.043627450980388980e-03
1.028921568627447778e-03
1.071078431372545587e-03
1.014705882352937970e-03
1.040196078431369214e-03
1.068137254901957434e-03
9.975490196078397927e-04
1.033823529411761512e-03
1.031372549019604536e-03
1.003431372549016317e-03
1.021078431372545890e-03
9.901960784313693000e-04
1.035784313725486875e-03
1.040196078431369214e-03
1.002941176470585139e-03
1.007843137254898873e-03
1.061274509803918336e-03
1.012745098039212607e-03
1.014705882352937970e-03
1.008333333333330268e-03
1.027450980392153376e-03
1.025980392156859624e-03
1.028921568627447778e-03
1.007843137254898873e-03
1.037254901960781061e-03
9.774509803921538949e-04
1.035784313725486875e-03
1.040196078431369214e-03
1.004411764705879107e-03
1.026470588235291019e-03
9.965686274509772194e-04
1.060294117647055546e-03
9.877450980392125414e-04
1.020098039215683100e-03
9.794117647058792585e-04
1.034313725490192907e-03
9.901960784313693000e-04
1.001470588235290953e-03
1.024999999999996617e-03
1.003921568627447929e-03
9.990196078431339780e-04
9.553921568627419831e-04
1.003431372549016534e-03
9.828431372548988073e-04
9.941176470588202439e-04
1.021078431372545890e-03
9.995098039215653731e-04
1.009313725490192841e-03
9.911764705882320902e-04
1.027941176470584988e-03
1.009803921568624236e-03
9.387254901960754173e-04
9.563725490196047733e-04
1.020098039215683100e-03
9.764705882352909963e-04
9.911764705882320902e-04
1.020588235294114495e-03
9.710784313725458671e-04
9.480392156862714904e-04
9.480392156862714904e-04
9.877450980392125414e-04
1.001470588235290953e-03
9.955882352941144292e-04
9.843137254901929926e-04
9.823529411764674122e-04
9.892156862745067267e-04
9.632352941176439793e-04
9.789215686274478634e-04
9.553921568627419831e-04
9.754901960784282062e-04
9.558823529411733782e-04
9.950980392156830341e-04
9.710784313725458671e-04
9.465686274509774135e-04
9.936274509803890657e-04
9.607843137254871123e-04
9.730392156862712307e-04
9.980392156862711878e-04
9.431372549019577563e-04
9.745098039215655244e-04
1.013235294117644002e-03
9.691176470588203952e-04
9.446078431372518331e-04
9.921568627450948804e-04
9.573529411764674550e-04
9.985294117647025829e-04
9.406862745098008892e-04
9.725490196078400524e-04
9.725490196078400524e-04
9.843137254901929926e-04
9.539215686274479062e-04
9.499999999999969623e-04
9.980392156862714047e-04
9.249999999999970052e-04
9.406862745098008892e-04
9.769607843137222830e-04
9.867647058823497512e-04
9.696078431372517903e-04
9.715686274509772622e-04
9.642156862745066611e-04
9.392156862745068124e-04
