5.230392156862728693e-04
5.823529411764687483e-04
6.083333333333313872e-04
6.156862745098019883e-04
6.171568627450960652e-04
6.411764705882332322e-04
6.308823529411744773e-04
6.343137254901941345e-04
6.240196078431353797e-04
6.299019607843116871e-04
6.053921568627431251e-04
6.083333333333313872e-04
6.313725490196058724e-04
6.308823529411744773e-04
6.338235294117627395e-04
6.426470588235273090e-04
6.549019607843116443e-04
6.352941176470568163e-04
6.436274509803900992e-04
6.622549019607821370e-04
6.093137254901941774e-04
6.490196078431351200e-04
6.499999999999979102e-04
6.176470588235274603e-04
6.573529411764685113e-04
6.254901960784293481e-04
6.333333333333313444e-04
5.960784313725471604e-04
6.014705882352921812e-04
6.284313725490176103e-04
6.397058823529391553e-04
6.318627450980371591e-04
6.088235294117627823e-04
6.019607843137236847e-04
6.200980392156843274e-04
6.362745098039194981e-04
6.411764705882332322e-04
6.460784313725469663e-04
6.460784313725469663e-04
6.249999999999979530e-04
6.446078431372527810e-04
6.367647058823508932e-04
6.504901960784293053e-04
6.259803921568607432e-04
6.249999999999979530e-04
6.102941176470568592e-04
6.284313725490176103e-04
6.578431372548997980e-04
6.426470588235273090e-04
6.333333333333313444e-04
6.264705882352921383e-04
5.882352941176451641e-04
6.107843137254882543e-04
6.323529411764686626e-04
6.171568627450960652e-04
6.098039215686255725e-04
6.318627450980371591e-04
6.406862745098018371e-04
6.401960784313705504e-04
6.186274509803901421e-04
6.147058823529391982e-04
6.274509803921548201e-04
6.328431372548999493e-04
6.671568627450958711e-04
6.671568627450958711e-04
6.029411764705863664e-04
6.269607843137235334e-04
6.191176470588215372e-04
6.470588235294096480e-04
6.225490196078411944e-04
6.254901960784293481e-04
6.504901960784294137e-04
6.004901960784294994e-04
6.161764705882332750e-04
6.323529411764685542e-04
6.210784313725470091e-04
6.166666666666646701e-04
6.161764705882332750e-04
5.955882352941157653e-04
6.171568627450960652e-04
6.323529411764685542e-04
6.171568627450960652e-04
6.098039215686254641e-04
6.166666666666646701e-04
6.161764705882332750e-04
6.053921568627431251e-04
6.436274509803900992e-04
6.063725490196059153e-04
6.338235294117626310e-04
6.480392156862724382e-04
6.230392156862724811e-04
6.093137254901942858e-04
6.504901960784293053e-04
6.093137254901941774e-04
6.377450980392137918e-04
6.058823529411745202e-04
6.289215686274490054e-04
6.063725490196059153e-04
6.421568627450960224e-04
6.387254901960764735e-04
6.421568627450960224e-04
6.240196078431352713e-04
6.289215686274490054e-04
6.161764705882332750e-04
6.318627450980371591e-04
6.313725490196058724e-04
6.264705882352921383e-04
6.142156862745078031e-04
5.941176470588216884e-04
6.225490196078411944e-04
6.455882352941155712e-04
6.249999999999979530e-04
6.200980392156843274e-04
6.210784313725470091e-04
6.039215686274490482e-04
6.299019607843116871e-04
6.323529411764685542e-04
6.029411764705863664e-04
6.475490196078410431e-04
5.877450980392137691e-04
6.573529411764685113e-04
6.715686274509782101e-04
6.225490196078411944e-04
6.367647058823508932e-04
6.142156862745078031e-04
6.401960784313706588e-04
6.387254901960763651e-04
6.117647058823509360e-04
6.377450980392136834e-04
6.352941176470568163e-04
6.426470588235273090e-04
6.578431372548997980e-04
6.308823529411744773e-04
6.392156862745077602e-04
6.240196078431352713e-04
6.475490196078410431e-04
6.191176470588215372e-04
6.132352941176452297e-04
6.205882352941156140e-04
6.274509803921548201e-04
6.343137254901940261e-04
6.431372549019587041e-04
6.392156862745078686e-04
6.161764705882332750e-04
6.475490196078411516e-04
6.191176470588215372e-04
6.235294117647038762e-04
6.406862745098018371e-04
6.416666666666646273e-04
6.284313725490176103e-04
6.078431372548999921e-04
6.142156862745078031e-04
6.284313725490176103e-04
6.225490196078411944e-04
6.392156862745077602e-04
6.205882352941156140e-04
6.470588235294097565e-04
6.127450980392137262e-04
6.249999999999979530e-04
6.406862745098018371e-04
6.323529411764685542e-04
6.073529411764687054e-04
6.691176470588214515e-04
6.367647058823508932e-04
6.230392156862724811e-04
6.166666666666646701e-04
6.485294117647038333e-04
6.068627450980373103e-04
6.186274509803901421e-04
6.053921568627431251e-04
6.352941176470569247e-04
6.333333333333313444e-04
6.093137254901941774e-04
6.289215686274490054e-04
6.303921568627430822e-04
6.308823529411744773e-04
5.995098039215667092e-04
6.039215686274490482e-04
6.088235294117627823e-04
6.343137254901940261e-04
6.112745098039196493e-04
6.333333333333313444e-04
6.289215686274490054e-04
6.264705882352921383e-04
6.421568627450960224e-04
6.352941176470568163e-04
6.328431372549000577e-04
6.607843137254880601e-04
6.098039215686254641e-04
6.323529411764685542e-04
5.838235294117628251e-04
6.068627450980373103e-04
6.058823529411745202e-04
6.367647058823508932e-04
6.245098039215666664e-04
6.465686274509783614e-04
6.426470588235273090e-04
6.186274509803901421e-04
6.127450980392137262e-04
6.465686274509783614e-04
6.137254901960765164e-04
6.426470588235273090e-04
6.191176470588215372e-04
6.343137254901940261e-04
6.210784313725471175e-04
6.053921568627431251e-04
6.049019607843118384e-04
5.852941176470570104e-04
6.073529411764687054e-04
5.985294117647040274e-04
6.245098039215666664e-04
6.191176470588215372e-04
6.401960784313705504e-04
6.049019607843118384e-04
6.249999999999979530e-04
6.191176470588215372e-04
6.220588235294097993e-04
6.401960784313705504e-04
6.166666666666646701e-04
6.274509803921548201e-04
6.161764705882332750e-04
6.049019607843118384e-04
6.357843137254882114e-04
6.181372549019588554e-04
6.519607843137233821e-04
6.343137254901940261e-04
6.509803921568608088e-04
5.995098039215667092e-04
6.205882352941156140e-04
6.352941176470568163e-04
6.088235294117627823e-04
6.078431372548999921e-04
6.333333333333313444e-04
6.465686274509783614e-04
6.142156862745078031e-04
6.205882352941156140e-04
6.666666666666645844e-04
5.960784313725471604e-04
6.151960784313705933e-04
6.401960784313706588e-04
6.627450980392135321e-04
6.279411764705862152e-04
6.156862745098019883e-04
6.352941176470568163e-04
6.259803921568607432e-04
6.357843137254882114e-04
6.308823529411744773e-04
6.323529411764685542e-04
6.348039215686254212e-04
5.921568627450961081e-04
6.269607843137235334e-04
6.328431372549000577e-04
6.269607843137235334e-04
6.470588235294096480e-04
6.019607843137235762e-04
6.411764705882332322e-04
6.426470588235273090e-04
6.367647058823508932e-04
6.254901960784293481e-04
6.553921568627430394e-04
6.127450980392137262e-04
6.348039215686254212e-04
6.205882352941156140e-04
6.078431372548999921e-04
6.323529411764685542e-04
6.156862745098019883e-04
6.181372549019588554e-04
6.382352941176450785e-04
5.941176470588216884e-04
6.431372549019587041e-04
6.583333333333311931e-04
5.955882352941157653e-04
6.607843137254880601e-04
6.519607843137234906e-04
6.235294117647038762e-04
6.215686274509784042e-04
6.602941176470567735e-04
6.406862745098018371e-04
6.196078431372529323e-04
6.254901960784293481e-04
6.480392156862724382e-04
6.009803921568607861e-04
6.186274509803901421e-04
5.887254901960765592e-04
6.210784313725470091e-04
6.083333333333313872e-04
6.088235294117627823e-04
6.264705882352922467e-04
6.431372549019587041e-04
6.338235294117626310e-04
6.088235294117627823e-04
6.279411764705862152e-04
6.220588235294097993e-04
6.235294117647038762e-04
6.274509803921548201e-04
6.264705882352921383e-04
6.171568627450960652e-04
6.225490196078411944e-04
6.289215686274490054e-04
6.068627450980374188e-04
6.588235294117625882e-04
6.490196078431351200e-04
6.299019607843116871e-04
6.176470588235274603e-04
6.338235294117626310e-04
6.230392156862724811e-04
6.142156862745079115e-04
6.647058823529390040e-04
6.303921568627430822e-04
6.249999999999979530e-04
6.200980392156843274e-04
6.151960784313705933e-04
6.299019607843117955e-04
6.294117647058802920e-04
6.284313725490176103e-04
6.004901960784294994e-04
6.245098039215666664e-04
6.151960784313705933e-04
6.553921568627431478e-04
6.181372549019588554e-04
6.196078431372529323e-04
6.328431372549000577e-04
6.544117647058802492e-04
6.534313725490174590e-04
6.196078431372529323e-04
6.137254901960765164e-04
6.416666666666647357e-04
6.313725490196059808e-04
6.058823529411745202e-04
6.299019607843116871e-04
6.450980392156841761e-04
6.225490196078411944e-04
6.161764705882332750e-04
6.083333333333313872e-04
6.029411764705863664e-04
5.892156862745079543e-04
6.088235294117627823e-04
6.235294117647038762e-04
6.357843137254882114e-04
6.235294117647038762e-04
6.240196078431352713e-04
6.122549019607823311e-04
6.392156862745077602e-04
6.539215686274488541e-04
6.210784313725470091e-04
6.490196078431351200e-04
6.137254901960766248e-04
5.906862745098020312e-04
6.294117647058802920e-04
6.313725490196058724e-04
6.156862745098019883e-04
6.029411764705863664e-04
6.504901960784293053e-04
6.328431372548999493e-04
6.568627450980371162e-04
6.073529411764687054e-04
6.083333333333313872e-04
6.274509803921549285e-04
6.406862745098018371e-04
6.171568627450960652e-04
6.294117647058802920e-04
6.230392156862724811e-04
6.416666666666646273e-04
6.122549019607824395e-04
6.117647058823509360e-04
6.176470588235274603e-04
6.406862745098018371e-04
6.406862745098018371e-04
6.289215686274490054e-04
6.019607843137235762e-04
6.509803921568607004e-04
6.122549019607823311e-04
6.401960784313705504e-04
6.102941176470568592e-04
6.245098039215667748e-04
6.196078431372529323e-04
5.995098039215667092e-04
6.210784313725470091e-04
6.254901960784293481e-04
6.147058823529391982e-04
6.176470588235274603e-04
6.563725490196057211e-04
6.387254901960763651e-04
6.338235294117626310e-04
6.127450980392137262e-04
6.299019607843116871e-04
6.465686274509783614e-04
6.186274509803901421e-04
5.897058823529393494e-04
6.063725490196059153e-04
6.588235294117625882e-04
5.921568627450961081e-04
6.499999999999979102e-04
6.338235294117626310e-04
5.975490196078412372e-04
6.279411764705862152e-04
6.279411764705862152e-04
6.553921568627430394e-04
6.455882352941155712e-04
6.205882352941157224e-04
6.147058823529391982e-04
6.377450980392136834e-04
6.127450980392138346e-04
6.308823529411744773e-04
6.343137254901940261e-04
6.156862745098019883e-04
6.098039215686254641e-04
6.343137254901940261e-04
6.480392156862724382e-04
6.490196078431351200e-04
6.176470588235274603e-04
6.333333333333313444e-04
6.259803921568608516e-04
6.024509803921549713e-04
6.387254901960763651e-04
6.480392156862724382e-04
6.279411764705862152e-04
6.338235294117627395e-04
6.299019607843116871e-04
6.911764705882330381e-04
6.112745098039196493e-04
6.254901960784293481e-04
5.999999999999981043e-04
6.397058823529391553e-04
6.362745098039194981e-04
6.318627450980371591e-04
6.220588235294097993e-04
6.215686274509784042e-04
6.215686274509784042e-04
6.598039215686253784e-04
6.044117647058804433e-04
6.524509803921547772e-04
6.598039215686253784e-04
6.176470588235274603e-04
6.245098039215666664e-04
6.039215686274491566e-04
6.112745098039196493e-04
6.289215686274490054e-04
6.387254901960763651e-04
6.215686274509784042e-04
6.112745098039196493e-04
6.769607843137233393e-04
6.284313725490176103e-04
6.397058823529391553e-04
6.549019607843117527e-04
6.382352941176449700e-04
6.235294117647038762e-04
6.044117647058804433e-04
5.941176470588217969e-04
6.196078431372529323e-04
6.313725490196058724e-04
6.117647058823509360e-04
6.480392156862724382e-04
6.499999999999979102e-04
6.249999999999979530e-04
6.745098039215664722e-04
6.004901960784294994e-04
6.308823529411744773e-04
5.970588235294098422e-04
6.514705882352919870e-04
6.284313725490176103e-04
6.049019607843118384e-04
6.044117647058804433e-04
6.230392156862725895e-04
6.382352941176449700e-04
6.073529411764687054e-04
6.323529411764685542e-04
6.034313725490176531e-04
6.156862745098019883e-04
6.161764705882332750e-04
6.357843137254882114e-04
6.200980392156844358e-04
6.323529411764685542e-04
6.539215686274488541e-04
6.215686274509784042e-04
6.352941176470568163e-04
6.328431372548999493e-04
6.156862745098019883e-04
6.215686274509784042e-04
6.181372549019588554e-04
6.490196078431351200e-04
6.230392156862724811e-04
6.651960784313703991e-04
5.848039215686256153e-04
6.549019607843116443e-04
6.088235294117627823e-04
6.387254901960763651e-04
6.205882352941156140e-04
5.975490196078412372e-04
6.200980392156843274e-04
6.617647058823509587e-04
6.259803921568607432e-04
6.352941176470568163e-04
6.362745098039194981e-04
6.230392156862724811e-04
6.235294117647038762e-04
6.436274509803900992e-04
6.436274509803902076e-04
6.357843137254882114e-04
6.127450980392137262e-04
6.294117647058802920e-04
6.171568627450960652e-04
6.455882352941155712e-04
6.151960784313705933e-04
5.867647058823510873e-04
5.882352941176451641e-04
6.058823529411745202e-04
6.083333333333313872e-04
6.362745098039194981e-04
6.284313725490176103e-04
6.264705882352922467e-04
6.053921568627431251e-04
6.220588235294097993e-04
6.142156862745078031e-04
6.137254901960765164e-04
6.235294117647038762e-04
6.176470588235274603e-04
6.470588235294096480e-04
6.539215686274489625e-04
6.362745098039194981e-04
6.588235294117625882e-04
6.176470588235275687e-04
6.274509803921548201e-04
6.024509803921549713e-04
6.333333333333313444e-04
5.916666666666648214e-04
6.176470588235274603e-04
6.509803921568607004e-04
6.240196078431352713e-04
6.362745098039194981e-04
6.299019607843116871e-04
6.122549019607823311e-04
6.004901960784294994e-04
6.210784313725470091e-04
6.578431372548997980e-04
6.274509803921549285e-04
6.196078431372529323e-04
6.303921568627430822e-04
6.274509803921548201e-04
6.343137254901941345e-04
5.887254901960765592e-04
6.406862745098018371e-04
6.235294117647038762e-04
6.078431372548999921e-04
6.299019607843116871e-04
6.215686274509784042e-04
6.151960784313705933e-04
6.348039215686254212e-04
6.181372549019588554e-04
6.245098039215666664e-04
6.107843137254882543e-04
6.181372549019588554e-04
6.387254901960764735e-04
6.132352941176451213e-04
6.421568627450960224e-04
6.382352941176449700e-04
6.098039215686254641e-04
6.519607843137233821e-04
6.024509803921549713e-04
6.299019607843116871e-04
5.999999999999981043e-04
6.411764705882332322e-04
6.308823529411744773e-04
6.372549019607822883e-04
6.004901960784294994e-04
6.210784313725470091e-04
6.137254901960765164e-04
6.431372549019587041e-04
6.132352941176451213e-04
6.348039215686254212e-04
6.127450980392137262e-04
6.235294117647038762e-04
6.053921568627431251e-04
6.249999999999979530e-04
6.406862745098018371e-04
6.480392156862724382e-04
5.990196078431353141e-04
6.421568627450961308e-04
6.352941176470568163e-04
6.166666666666646701e-04
6.235294117647038762e-04
6.656862745098017942e-04
6.220588235294097993e-04
6.166666666666646701e-04
6.421568627450960224e-04
6.191176470588215372e-04
6.593137254901940917e-04
6.225490196078411944e-04
6.323529411764685542e-04
6.176470588235274603e-04
6.460784313725469663e-04
6.186274509803901421e-04
6.284313725490176103e-04
6.245098039215666664e-04
6.397058823529391553e-04
6.416666666666646273e-04
6.343137254901940261e-04
6.485294117647038333e-04
6.083333333333313872e-04
6.450980392156841761e-04
6.372549019607822883e-04
6.431372549019587041e-04
6.259803921568608516e-04
6.323529411764685542e-04
6.328431372548999493e-04
6.210784313725470091e-04
6.147058823529391982e-04
6.274509803921549285e-04
6.245098039215666664e-04
6.058823529411745202e-04
6.387254901960763651e-04
6.078431372548999921e-04
6.171568627450960652e-04
6.186274509803901421e-04
6.323529411764685542e-04
6.460784313725469663e-04
6.411764705882332322e-04
6.352941176470568163e-04
6.254901960784293481e-04
6.416666666666646273e-04
6.171568627450960652e-04
6.132352941176451213e-04
6.686274509803900564e-04
6.186274509803901421e-04
5.941176470588216884e-04
6.279411764705862152e-04
6.411764705882332322e-04
6.019607843137235762e-04
6.480392156862725466e-04
6.348039215686254212e-04
6.181372549019588554e-04
5.975490196078412372e-04
6.259803921568607432e-04
6.333333333333313444e-04
6.308823529411744773e-04
6.485294117647038333e-04
6.186274509803901421e-04
6.161764705882332750e-04
6.284313725490176103e-04
6.024509803921550798e-04
5.931372549019588982e-04
6.039215686274490482e-04
6.122549019607823311e-04
6.534313725490174590e-04
6.093137254901941774e-04
6.186274509803901421e-04
6.161764705882332750e-04
6.416666666666646273e-04
6.249999999999980614e-04
6.053921568627431251e-04
6.504901960784293053e-04
6.455882352941155712e-04
6.318627450980371591e-04
6.137254901960765164e-04
6.098039215686255725e-04
6.323529411764685542e-04
5.921568627450961081e-04
6.303921568627430822e-04
6.544117647058802492e-04
6.279411764705862152e-04
6.058823529411745202e-04
5.985294117647040274e-04
6.240196078431352713e-04
6.323529411764685542e-04
5.980392156862726323e-04
6.181372549019588554e-04
6.225490196078411944e-04
6.588235294117626966e-04
6.499999999999979102e-04
6.191176470588215372e-04
6.475490196078410431e-04
6.166666666666646701e-04
6.166666666666646701e-04
6.416666666666646273e-04
6.102941176470568592e-04
6.377450980392136834e-04
6.269607843137235334e-04
6.392156862745077602e-04
6.348039215686254212e-04
6.387254901960763651e-04
6.392156862745077602e-04
6.289215686274490054e-04
6.181372549019588554e-04
6.210784313725470091e-04
6.112745098039196493e-04
6.196078431372529323e-04
6.553921568627431478e-04
6.299019607843116871e-04
6.308823529411744773e-04
5.735294117647040703e-04
6.004901960784294994e-04
6.112745098039196493e-04
6.749999999999978673e-04
6.284313725490176103e-04
6.509803921568607004e-04
6.142156862745078031e-04
6.107843137254882543e-04
6.151960784313705933e-04
6.289215686274490054e-04
6.215686274509784042e-04
6.249999999999979530e-04
6.176470588235274603e-04
6.455882352941155712e-04
6.431372549019587041e-04
6.367647058823508932e-04
6.240196078431352713e-04
6.215686274509784042e-04
6.161764705882334919e-04
6.240196078431352713e-04
6.377450980392136834e-04
6.284313725490176103e-04
6.431372549019587041e-04
6.348039215686254212e-04
6.401960784313705504e-04
6.651960784313703991e-04
6.490196078431351200e-04
5.931372549019588982e-04
6.205882352941156140e-04
6.225490196078411944e-04
6.534313725490174590e-04
6.411764705882332322e-04
6.264705882352921383e-04
6.436274509803902076e-04
6.377450980392136834e-04
6.308823529411744773e-04
6.387254901960763651e-04
6.568627450980372246e-04
6.205882352941156140e-04
5.999999999999981043e-04
6.181372549019588554e-04
6.387254901960763651e-04
6.421568627450960224e-04
6.098039215686254641e-04
6.401960784313705504e-04
6.436274509803900992e-04
6.313725490196059808e-04
5.789215686274491995e-04
6.441176470588214943e-04
6.441176470588214943e-04
6.132352941176451213e-04
6.122549019607823311e-04
6.397058823529391553e-04
6.656862745098017942e-04
6.583333333333311931e-04
6.308823529411744773e-04
6.323529411764685542e-04
6.259803921568607432e-04
6.455882352941155712e-04
6.259803921568607432e-04
5.867647058823510873e-04
6.338235294117626310e-04
6.284313725490176103e-04
6.382352941176450785e-04
6.549019607843116443e-04
6.058823529411745202e-04
6.200980392156843274e-04
6.147058823529391982e-04
6.264705882352922467e-04
6.127450980392137262e-04
6.147058823529391982e-04
6.431372549019587041e-04
6.274509803921548201e-04
6.220588235294097993e-04
6.514705882352919870e-04
6.499999999999980186e-04
6.078431372548999921e-04
6.499999999999980186e-04
5.906862745098020312e-04
6.406862745098018371e-04
6.088235294117628907e-04
6.254901960784293481e-04
6.573529411764685113e-04
6.294117647058802920e-04
6.215686274509784042e-04
6.264705882352921383e-04
6.176470588235274603e-04
6.284313725490176103e-04
6.249999999999979530e-04
6.142156862745078031e-04
6.245098039215666664e-04
6.235294117647038762e-04
6.426470588235273090e-04
6.544117647058803576e-04
6.328431372548999493e-04
6.338235294117626310e-04
6.156862745098019883e-04
6.632352941176449272e-04
6.102941176470568592e-04
6.392156862745078686e-04
5.946078431372529751e-04
6.382352941176449700e-04
6.245098039215667748e-04
6.299019607843116871e-04
6.112745098039196493e-04
6.289215686274491138e-04
6.102941176470568592e-04
6.161764705882332750e-04
6.078431372548999921e-04
6.387254901960763651e-04
6.397058823529391553e-04
6.166666666666646701e-04
6.509803921568607004e-04
6.313725490196058724e-04
6.401960784313706588e-04
6.372549019607822883e-04
6.460784313725469663e-04
6.171568627450960652e-04
6.284313725490177187e-04
6.034313725490176531e-04
6.504901960784293053e-04
6.142156862745079115e-04
6.421568627450960224e-04
6.196078431372530407e-04
6.460784313725469663e-04
6.382352941176449700e-04
5.769607843137236191e-04
6.333333333333313444e-04
6.289215686274490054e-04
6.078431372548999921e-04
6.289215686274490054e-04
6.181372549019588554e-04
6.176470588235274603e-04
6.348039215686254212e-04
6.343137254901940261e-04
6.392156862745077602e-04
6.362745098039194981e-04
6.504901960784293053e-04
6.377450980392136834e-04
6.397058823529392637e-04
6.416666666666646273e-04
6.186274509803901421e-04
6.411764705882332322e-04
6.274509803921549285e-04
6.215686274509784042e-04
6.377450980392136834e-04
6.284313725490176103e-04
6.455882352941155712e-04
6.132352941176451213e-04
6.191176470588215372e-04
6.107843137254882543e-04
6.249999999999979530e-04
5.970588235294098422e-04
6.156862745098019883e-04
6.352941176470568163e-04
6.034313725490176531e-04
6.357843137254882114e-04
6.401960784313705504e-04
6.544117647058803576e-04
6.431372549019587041e-04
6.661764705882331893e-04
6.034313725490176531e-04
6.102941176470568592e-04
6.524509803921548856e-04
6.191176470588216456e-04
6.088235294117627823e-04
6.264705882352921383e-04
6.225490196078411944e-04
6.299019607843116871e-04
6.558823529411743260e-04
6.470588235294096480e-04
5.975490196078412372e-04
6.534313725490174590e-04
6.034313725490176531e-04
6.323529411764685542e-04
6.073529411764687054e-04
6.269607843137235334e-04
6.450980392156841761e-04
6.656862745098017942e-04
6.338235294117626310e-04
6.181372549019588554e-04
6.323529411764685542e-04
6.147058823529391982e-04
5.950980392156843702e-04
6.269607843137236418e-04
6.142156862745078031e-04
6.401960784313706588e-04
5.999999999999981043e-04
6.401960784313706588e-04
6.279411764705862152e-04
6.196078431372529323e-04
5.970588235294098422e-04
6.558823529411743260e-04
6.078431372548999921e-04
5.995098039215667092e-04
6.421568627450960224e-04
6.058823529411745202e-04
6.323529411764685542e-04
6.102941176470568592e-04
6.053921568627431251e-04
6.441176470588216027e-04
6.328431372548999493e-04
6.220588235294097993e-04
6.377450980392136834e-04
6.142156862745078031e-04
6.019607843137235762e-04
6.416666666666646273e-04
6.377450980392136834e-04
6.397058823529391553e-04
6.191176470588215372e-04
6.279411764705862152e-04
6.196078431372529323e-04
6.073529411764687054e-04
6.392156862745077602e-04
6.392156862745077602e-04
6.529411764705861723e-04
6.245098039215666664e-04
6.544117647058802492e-04
6.274509803921548201e-04
6.426470588235273090e-04
6.225490196078411944e-04
6.078431372548999921e-04
6.215686274509784042e-04
6.098039215686254641e-04
6.323529411764685542e-04
6.303921568627430822e-04
6.102941176470568592e-04
6.166666666666647785e-04
6.367647058823510016e-04
6.465686274509783614e-04
6.382352941176449700e-04
6.235294117647038762e-04
6.401960784313705504e-04
6.426470588235273090e-04
6.289215686274490054e-04
6.220588235294097993e-04
6.205882352941156140e-04
6.289215686274490054e-04
6.431372549019587041e-04
6.254901960784293481e-04
6.078431372548999921e-04
6.308823529411744773e-04
6.421568627450960224e-04
6.014705882352921812e-04
6.475490196078410431e-04
6.240196078431352713e-04
6.357843137254882114e-04
6.382352941176449700e-04
6.269607843137235334e-04
6.338235294117626310e-04
6.725490196078410003e-04
6.220588235294097993e-04
6.004901960784294994e-04
6.088235294117628907e-04
6.049019607843118384e-04
6.367647058823508932e-04
6.431372549019587041e-04
6.073529411764687054e-04
6.299019607843117955e-04
6.230392156862724811e-04
6.049019607843118384e-04
6.323529411764685542e-04
6.073529411764687054e-04
6.029411764705863664e-04
6.259803921568608516e-04
6.627450980392135321e-04
6.269607843137235334e-04
5.985294117647040274e-04
6.401960784313705504e-04
6.254901960784293481e-04
6.034313725490176531e-04
6.093137254901941774e-04
6.088235294117627823e-04
5.990196078431353141e-04
6.083333333333313872e-04
6.034313725490176531e-04
6.632352941176450356e-04
6.127450980392137262e-04
6.196078431372529323e-04
6.274509803921548201e-04
6.259803921568607432e-04
6.200980392156844358e-04
6.151960784313705933e-04
6.274509803921549285e-04
6.676470588235272662e-04
6.196078431372529323e-04
6.338235294117626310e-04
6.245098039215666664e-04
6.127450980392137262e-04
6.377450980392136834e-04
5.833333333333314301e-04
6.328431372548999493e-04
6.416666666666646273e-04
6.127450980392137262e-04
6.313725490196058724e-04
6.249999999999979530e-04
6.014705882352921812e-04
6.475490196078410431e-04
6.279411764705863236e-04
5.975490196078412372e-04
6.127450980392137262e-04
6.421568627450960224e-04
6.225490196078411944e-04
6.034313725490176531e-04
6.225490196078411944e-04
6.470588235294097565e-04
6.107843137254882543e-04
5.892156862745079543e-04
6.475490196078410431e-04
6.078431372548999921e-04
6.367647058823508932e-04
6.352941176470568163e-04
6.936274509803899051e-04
7.686274509803896681e-04
8.132352941176443448e-04
7.995098039215661496e-04
8.681372549019579932e-04
9.166666666666637223e-04
9.392156862745067039e-04
9.446078431372518331e-04
9.823529411764674122e-04
9.725490196078400524e-04
9.843137254901929926e-04
1.069117647058820224e-03
1.085294117647055395e-03
1.081372549019604451e-03
1.105392156862741509e-03
1.061274509803918336e-03
1.117156862745094558e-03
1.111274509803918033e-03
1.117647058823525953e-03
1.086274509803918185e-03
1.144117647058819987e-03
1.097058823529408226e-03
1.135294117647055309e-03
1.160784313725486553e-03
1.094607843137251468e-03
1.116176470588231768e-03
1.162745098039211916e-03
1.130392156862741575e-03
1.127450980392153204e-03
1.157843137254898399e-03
1.142647058823525802e-03
1.159803921568623762e-03
1.120098039215682711e-03
1.154901960784310028e-03
1.093627450980388677e-03
1.139705882352937648e-03
1.122058823529408292e-03
1.103921568627447541e-03
1.094607843137251468e-03
1.176470588235290328e-03
1.119117647058819921e-03
1.120098039215682711e-03
1.080882352941173056e-03
1.127450980392153204e-03
1.121078431372545502e-03
1.135784313725486704e-03
1.117156862745094558e-03
1.089215686274506338e-03
1.130882352941172970e-03
1.115196078431368977e-03
1.086764705882349580e-03
1.108823529411761275e-03
1.132352941176466938e-03
1.123529411764702260e-03
1.089705882352937734e-03
1.125980392156859236e-03
1.115686274509800372e-03
1.075980392156859321e-03
1.092647058823525887e-03
1.100490196078427992e-03
1.058333333333329965e-03
1.037254901960781061e-03
1.036274509803918270e-03
1.060784313725486941e-03
1.069607843137251619e-03
1.054901960784310417e-03
1.131862745098035326e-03
1.089705882352937734e-03
1.078431372549016297e-03
1.102941176470584751e-03
1.104411764705878936e-03
1.054411764705879022e-03
1.052450980392153658e-03
1.049509803921565287e-03
1.072549019607839773e-03
1.076470588235290717e-03
1.118137254901957348e-03
1.026960784313722197e-03
1.079901960784310265e-03
1.054901960784310417e-03
1.020588235294114495e-03
1.061274509803918336e-03
1.103431372549016146e-03
1.061274509803918336e-03
1.009803921568624236e-03
1.049019607843133892e-03
1.047058823529408529e-03
1.025490196078428229e-03
1.042156862745094795e-03
1.061764705882349514e-03
1.034313725490192907e-03
1.098039215686271016e-03
1.040196078431369214e-03
1.051470588235290868e-03
1.043137254901957585e-03
1.040686274509800609e-03
1.063725490196075095e-03
1.042156862745094795e-03
1.033823529411761512e-03
1.068627450980388829e-03
1.008823529411761446e-03
1.052450980392153658e-03
1.019117647058820309e-03
1.026960784313722197e-03
1.023529411764702649e-03
1.009313725490192841e-03
1.060294117647055546e-03
1.037745098039212456e-03
1.041176470588232005e-03
1.045588235294114344e-03
1.024019607843134044e-03
9.975490196078400096e-04
1.039215686274506641e-03
1.007843137254898873e-03
1.022549019607839858e-03
1.021078431372545890e-03
1.009313725490192841e-03
9.990196078431339780e-04
1.019117647058820309e-03
1.001470588235290953e-03
1.008823529411761663e-03
1.012745098039212607e-03
9.730392156862713391e-04
9.901960784313693000e-04
1.033333333333330117e-03
1.053431372549016231e-03
9.872549019607811463e-04
1.005882352941173292e-03
1.026960784313722197e-03
9.980392156862714047e-04
1.029411764705879173e-03
1.042647058823526190e-03
9.975490196078400096e-04
1.011274509803918422e-03
9.960784313725458243e-04
9.892156862745067267e-04
1.036764705882349666e-03
1.017156862745094946e-03
9.622549019607810807e-04
9.975490196078400096e-04
9.995098039215653731e-04
1.045098039215682948e-03
9.588235294117616403e-04
1.024509803921565439e-03
1.010294117647055631e-03
9.955882352941144292e-04
9.931372549019576706e-04
1.039215686274506424e-03
9.852941176470555659e-04
9.970588235294086145e-04
1.009313725490192841e-03
1.002450980392153744e-03
1.007843137254898873e-03
9.803921568627420487e-04
1.021568627450977285e-03
9.852941176470555659e-04
9.725490196078400524e-04
9.911764705882320902e-04
9.828431372548988073e-04
9.990196078431339780e-04
9.769607843137222830e-04
1.026470588235291019e-03
1.021078431372545890e-03
9.637254901960753744e-04
1.000980392156859558e-03
9.999999999999967682e-04
1.033823529411761512e-03
9.534313725490165111e-04
9.593137254901929270e-04
9.745098039215655244e-04
1.007843137254898873e-03
9.838235294117615975e-04
1.019117647058820309e-03
9.985294117647025829e-04
9.965686274509772194e-04
9.637254901960753744e-04
1.009803921568624236e-03
9.808823529411732269e-04
9.887254901960753316e-04
9.764705882352909963e-04
9.774509803921536781e-04
9.970588235294086145e-04
9.921568627450948804e-04
1.003431372549016534e-03
1.025980392156859624e-03
1.014215686274506359e-03
1.017647058823526341e-03
9.740196078431341293e-04
1.010784313725487027e-03
9.544117647058793013e-04
9.784313725490162515e-04
9.990196078431339780e-04
9.799019607843106536e-04
9.583333333333302452e-04
9.465686274509774135e-04
9.784313725490164683e-04
9.911764705882320902e-04
9.887254901960753316e-04
9.661764705882322415e-04
9.867647058823497512e-04
9.774509803921536781e-04
9.647058823529380562e-04
1.012745098039212607e-03
9.725490196078400524e-04
9.872549019607811463e-04
9.558823529411732698e-04
9.710784313725458671e-04
1.004411764705879324e-03
9.823529411764676290e-04
9.617647058823499025e-04
9.921568627450946636e-04
9.446078431372517247e-04
9.735294117647027342e-04
9.774509803921536781e-04
9.965686274509772194e-04
9.397058823529382075e-04
9.480392156862714904e-04
9.877450980392125414e-04
9.544117647058793013e-04
9.490196078431341721e-04
9.583333333333301368e-04
9.529411764705852245e-04
9.715686274509772622e-04
9.779411764705850732e-04
9.607843137254870039e-04
9.632352941176438709e-04
9.588235294117616403e-04
9.465686274509774135e-04
9.838235294117615975e-04
9.303921568627421344e-04
9.681372549019577134e-04
9.421568627450950745e-04
9.431372549019577563e-04
9.524509803921538294e-04
9.367647058823499453e-04
9.235294117647029283e-04
1.015686274509800761e-03
9.377450980392127355e-04
9.921568627450948804e-04
9.068627450980362541e-04
9.063725490196049674e-04
9.387254901960754173e-04
9.833333333333302024e-04
9.308823529411734210e-04
9.514705882352910392e-04
9.696078431372517903e-04
9.583333333333302452e-04
9.539215686274479062e-04
9.666666666666635281e-04
9.465686274509773051e-04
9.343137254901929699e-04
9.514705882352910392e-04
9.450980392156832282e-04
9.465686274509774135e-04
9.196078431372519844e-04
9.578431372548988501e-04
9.549019607843106964e-04
9.225490196078400297e-04
9.529411764705852245e-04
9.039215686274481003e-04
9.568627450980361684e-04
9.676470588235263183e-04
9.436274509803891514e-04
9.421568627450950745e-04
9.769607843137222830e-04
9.514705882352910392e-04
9.225490196078402465e-04
1.003921568627447929e-03
9.127450980392127784e-04
9.475490196078399869e-04
9.465686274509775219e-04
9.318627450980363196e-04
9.745098039215654160e-04
9.700980392156831854e-04
9.019607843137226284e-04
9.495098039215654588e-04
9.416666666666636794e-04
9.313725490196048161e-04
9.333333333333303965e-04
9.617647058823497941e-04
9.877450980392125414e-04
9.446078431372517247e-04
9.063725490196049674e-04
9.044117647058794954e-04
9.215686274509773479e-04
9.382352941176440222e-04
9.509803921568597525e-04
9.499999999999969623e-04
8.926470588235265553e-04
9.318627450980362112e-04
9.524509803921538294e-04
9.421568627450950745e-04
9.573529411764674550e-04
9.593137254901929270e-04
8.872549019607815345e-04
9.004901960784285515e-04
9.196078431372519844e-04
9.485294117647028855e-04
8.901960784313696882e-04
9.303921568627421344e-04
9.382352941176440222e-04
9.313725490196048161e-04
9.049019607843108905e-04
9.323529411764676063e-04
9.509803921568595357e-04
9.004901960784285515e-04
9.745098039215655244e-04
9.196078431372519844e-04
9.274509803921538722e-04
9.274509803921538722e-04
9.362745098039184418e-04
9.338235294117616832e-04
8.999999999999971564e-04
8.990196078431343663e-04
8.965686274509774992e-04
9.632352941176439793e-04
9.161764705882322187e-04
9.607843137254870039e-04
9.343137254901930783e-04
9.313725490196048161e-04
9.004901960784285515e-04
9.504901960784283574e-04
9.372549019607813404e-04
9.612745098039185074e-04
9.191176470588205893e-04
9.470588235294087002e-04
8.838235294117618773e-04
9.568627450980361684e-04
9.254901960784284003e-04
9.014705882352912333e-04
9.191176470588205893e-04
9.181372549019576907e-04
9.093137254901932295e-04
9.294117647058793442e-04
9.058823529411735723e-04
9.318627450980362112e-04
8.735294117647030140e-04
9.009803921568598382e-04
9.063725490196049674e-04
8.774509803921539579e-04
8.931372549019578420e-04
8.921568627450951602e-04
9.176470588235265124e-04
9.127450980392127784e-04
9.333333333333303965e-04
8.916666666666638735e-04
8.941176470588205237e-04
9.186274509803891942e-04
9.264705882352911905e-04
9.122549019607813833e-04
8.563725490196050531e-04
9.254901960784284003e-04
9.264705882352910820e-04
9.039215686274479919e-04
9.196078431372518760e-04
8.931372549019579504e-04
8.705882352941148603e-04
9.323529411764676063e-04
9.102941176470559113e-04
9.127450980392127784e-04
8.980392156862716845e-04
9.073529411764676492e-04
9.024509803921540235e-04
8.465686274509776933e-04
9.161764705882323272e-04
8.955882352941148174e-04
8.769607843137226712e-04
8.995098039215656529e-04
8.946078431372519188e-04
9.034313725490167053e-04
9.058823529411734639e-04
9.014705882352911249e-04
9.318627450980361028e-04
9.039215686274481003e-04
8.632352941176443676e-04
9.372549019607813404e-04
9.093137254901932295e-04
8.774509803921540663e-04
9.083333333333304394e-04
9.044117647058794954e-04
9.127450980392127784e-04
9.029411764705853102e-04
8.705882352941148603e-04
8.740196078431345175e-04
9.039215686274479919e-04
8.519607843137228225e-04
8.740196078431344091e-04
8.622549019607814690e-04
8.877450980392128212e-04
8.931372549019579504e-04
8.789215686274480348e-04
8.671568627450953115e-04
9.259803921568597954e-04
8.441176470588208263e-04
8.911764705882324784e-04
8.823529411764678004e-04
8.779411764705854614e-04
8.656862745098011262e-04
8.794117647058794299e-04
8.696078431372521785e-04
8.867647058823501394e-04
8.656862745098011262e-04
9.063725490196048590e-04
8.906862745098010833e-04
8.941176470588205237e-04
9.058823529411735723e-04
8.529411764705853959e-04
8.514705882352914274e-04
8.965686274509773908e-04
8.955882352941147090e-04
8.524509803921542176e-04
8.833333333333304822e-04
8.598039215686247103e-04
8.769607843137226712e-04
8.544117647058796896e-04
8.637254901960756542e-04
8.990196078431343663e-04
8.700980392156833568e-04
8.617647058823501823e-04
8.710784313725461470e-04
8.656862745098010178e-04
8.749999999999971993e-04
8.200980392156836593e-04
8.745098039215656958e-04
8.387254901960758055e-04
8.504901960784286372e-04
8.965686274509774992e-04
8.426470588235267494e-04
8.897058823529381847e-04
8.725490196078402238e-04
8.627450980392128640e-04
8.563725490196051615e-04
8.598039215686246019e-04
8.455882352941150116e-04
8.941176470588206322e-04
8.450980392156836165e-04
8.318627450980364910e-04
8.421568627450953543e-04
8.779411764705854614e-04
8.720588235294089371e-04
8.558823529411736580e-04
8.656862745098011262e-04
8.710784313725461470e-04
8.470588235294089800e-04
8.784313725490168565e-04
8.647058823529384444e-04
8.519607843137227141e-04
8.622549019607814690e-04
8.725490196078403322e-04
8.730392156862716189e-04
8.249999999999973934e-04
8.416666666666639592e-04
8.715686274509775421e-04
8.647058823529384444e-04
8.749999999999970909e-04
8.602941176470559970e-04
8.769607843137226712e-04
8.470588235294090884e-04
8.504901960784285288e-04
8.254901960784287885e-04
8.382352941176443020e-04
8.627450980392128640e-04
8.499999999999973506e-04
8.200980392156835509e-04
8.401960784313698824e-04
8.745098039215658042e-04
8.627450980392129725e-04
8.455882352941149031e-04
8.740196078431345175e-04
8.799019607843109334e-04
8.715686274509776505e-04
8.568627450980365566e-04
8.524509803921541092e-04
8.490196078431345604e-04
8.352941176470561483e-04
8.088235294117620058e-04
8.397058823529384873e-04
8.411764705882326726e-04
8.691176470588207834e-04
8.872549019607815345e-04
8.294117647058797324e-04
8.647058823529384444e-04
8.549019607843109762e-04
8.446078431372522214e-04
8.573529411764678433e-04
8.367647058823503336e-04
8.519607843137228225e-04
8.553921568627423713e-04
8.823529411764678004e-04
8.328431372548991728e-04
8.102941176470561911e-04
8.789215686274481432e-04
8.377450980392130153e-04
8.598039215686247103e-04
8.637254901960755458e-04
8.416666666666638508e-04
8.602941176470561054e-04
8.274509803921542605e-04
8.093137254901935094e-04
