5.104166666666658551e-04
6.145833333333318915e-04
5.791666666666654391e-04
6.854166666666651215e-04
6.395833333333318486e-04
6.979166666666649374e-04
6.833333333333316923e-04
7.687499999999980590e-04
7.708333333333313797e-04
8.437499999999979305e-04
8.562499999999977464e-04
7.999999999999980868e-04
8.395833333333312890e-04
8.333333333333311100e-04
8.937499999999977364e-04
8.291666666666645770e-04
8.958333333333311655e-04
8.645833333333311378e-04
8.291666666666645770e-04
8.229166666666645064e-04
9.249999999999976557e-04
8.374999999999977515e-04
8.687499999999977792e-04
8.958333333333310571e-04
7.312499999999981775e-04
8.770833333333309537e-04
9.062499999999977691e-04
8.979166666666643778e-04
7.333333333333316066e-04
8.249999999999979355e-04
8.020833333333312991e-04
7.937499999999980162e-04
8.354166666666645391e-04
8.937499999999977364e-04
8.083333333333313697e-04
7.770833333333314503e-04
8.020833333333312991e-04
8.104166666666647988e-04
8.499999999999977842e-04
8.437499999999979305e-04
7.583333333333315638e-04
7.645833333333314176e-04
8.604166666666644963e-04
8.291666666666644685e-04
7.812499999999980918e-04
9.395833333333310092e-04
8.770833333333310621e-04
7.937499999999982330e-04
8.229166666666646148e-04
7.874999999999979456e-04
7.833333333333313041e-04
8.374999999999980767e-04
7.854166666666647333e-04
8.354166666666645391e-04
7.624999999999982053e-04
8.479166666666645719e-04
7.749999999999981296e-04
8.687499999999976708e-04
6.937499999999984044e-04
7.583333333333315638e-04
7.916666666666646954e-04
7.979166666666646576e-04
8.604166666666646047e-04
8.499999999999977842e-04
8.333333333333311100e-04
8.645833333333311378e-04
8.583333333333311756e-04
8.458333333333311428e-04
8.645833333333311378e-04
8.020833333333312991e-04
8.270833333333312562e-04
8.687499999999978876e-04
8.749999999999977414e-04
7.583333333333314554e-04
8.374999999999978599e-04
8.187499999999979733e-04
7.895833333333313747e-04
8.562499999999978548e-04
7.687499999999981674e-04
8.479166666666645719e-04
9.020833333333310193e-04
8.687499999999977792e-04
8.583333333333310671e-04
7.791666666666647711e-04
8.083333333333312613e-04
8.083333333333313697e-04
7.749999999999980212e-04
8.479166666666644635e-04
8.104166666666646904e-04
8.708333333333310999e-04
8.333333333333312184e-04
8.083333333333314781e-04
8.208333333333314025e-04
8.437499999999979305e-04
9.104166666666643022e-04
7.729166666666645921e-04
8.374999999999978599e-04
8.395833333333311806e-04
7.916666666666646954e-04
8.249999999999980439e-04
8.833333333333311327e-04
8.604166666666643879e-04
7.874999999999980540e-04
9.062499999999976607e-04
7.833333333333314125e-04
8.479166666666646804e-04
8.270833333333312562e-04
8.291666666666645770e-04
9.020833333333310193e-04
8.249999999999980439e-04
8.270833333333313647e-04
8.124999999999980111e-04
8.270833333333311478e-04
8.687499999999976708e-04
7.812499999999979834e-04
8.666666666666643501e-04
8.416666666666646097e-04
8.145833333333311150e-04
7.604166666666648845e-04
7.520833333333317100e-04
7.479166666666647433e-04
8.083333333333313697e-04
8.708333333333310999e-04
7.458333333333314226e-04
7.583333333333316722e-04
8.437499999999980389e-04
7.854166666666647333e-04
8.270833333333313647e-04
8.416666666666646097e-04
8.458333333333312512e-04
8.437499999999979305e-04
7.729166666666649173e-04
8.208333333333312941e-04
8.124999999999981196e-04
8.374999999999980767e-04
8.312499999999977893e-04
8.187499999999978649e-04
8.249999999999978271e-04
7.874999999999980540e-04
8.291666666666645770e-04
9.020833333333311277e-04
8.374999999999977515e-04
8.437499999999980389e-04
8.208333333333312941e-04
7.729166666666648089e-04
8.791666666666643828e-04
7.937499999999979078e-04
8.187499999999979733e-04
8.083333333333312613e-04
8.291666666666645770e-04
8.624999999999979254e-04
8.270833333333312562e-04
7.833333333333314125e-04
7.937499999999980162e-04
8.416666666666646097e-04
8.520833333333311050e-04
8.520833333333312134e-04
8.374999999999978599e-04
8.020833333333314075e-04
8.291666666666644685e-04
7.999999999999980868e-04
8.187499999999978649e-04
8.041666666666647282e-04
8.062499999999979405e-04
8.166666666666646526e-04
8.624999999999978170e-04
7.916666666666646954e-04
8.479166666666645719e-04
8.645833333333311378e-04
8.041666666666647282e-04
7.958333333333314453e-04
8.041666666666646198e-04
7.854166666666646248e-04
8.729166666666645291e-04
7.833333333333314125e-04
8.395833333333312890e-04
8.208333333333311856e-04
8.604166666666644963e-04
8.729166666666644207e-04
8.479166666666644635e-04
8.562499999999978548e-04
7.874999999999980540e-04
8.083333333333313697e-04
8.291666666666645770e-04
7.791666666666647711e-04
8.645833333333311378e-04
8.499999999999977842e-04
7.729166666666647005e-04
7.979166666666647660e-04
8.416666666666645013e-04
8.374999999999977515e-04
8.458333333333313596e-04
8.312499999999978977e-04
8.958333333333310571e-04
7.770833333333314503e-04
8.458333333333311428e-04
7.520833333333313848e-04
7.854166666666647333e-04
7.791666666666648795e-04
8.895833333333312033e-04
8.249999999999978271e-04
8.208333333333312941e-04
7.958333333333314453e-04
8.770833333333310621e-04
8.249999999999980439e-04
8.270833333333311478e-04
7.770833333333314503e-04
8.583333333333310671e-04
8.083333333333311528e-04
7.854166666666647333e-04
8.395833333333312890e-04
7.687499999999981674e-04
8.687499999999977792e-04
7.395833333333314604e-04
8.229166666666646148e-04
8.874999999999975573e-04
8.291666666666644685e-04
8.854166666666644534e-04
8.895833333333309865e-04
8.270833333333311478e-04
8.208333333333311856e-04
7.874999999999979456e-04
8.874999999999975573e-04
8.770833333333311705e-04
8.499999999999977842e-04
8.416666666666645013e-04
7.458333333333315310e-04
8.312499999999980061e-04
7.979166666666647660e-04
7.791666666666646627e-04
7.895833333333313747e-04
7.958333333333313369e-04
8.312499999999978977e-04
8.312499999999978977e-04
8.708333333333312084e-04
8.229166666666646148e-04
8.645833333333312462e-04
8.354166666666646476e-04
8.624999999999978170e-04
8.041666666666646198e-04
8.229166666666647232e-04
8.291666666666645770e-04
7.958333333333313369e-04
8.708333333333309915e-04
7.458333333333315310e-04
8.187499999999978649e-04
8.083333333333314781e-04
7.895833333333314831e-04
7.916666666666648039e-04
7.479166666666648517e-04
8.666666666666643501e-04
7.729166666666648089e-04
8.437499999999979305e-04
8.666666666666643501e-04
8.479166666666645719e-04
7.708333333333314882e-04
7.041666666666650080e-04
8.145833333333313319e-04
8.083333333333313697e-04
8.624999999999978170e-04
7.708333333333314882e-04
8.458333333333312512e-04
9.104166666666643022e-04
9.333333333333310470e-04
7.416666666666647811e-04
8.229166666666646148e-04
7.999999999999980868e-04
8.333333333333312184e-04
8.229166666666646148e-04
8.604166666666644963e-04
8.541666666666644257e-04
8.083333333333313697e-04
8.124999999999980111e-04
7.583333333333315638e-04
7.749999999999981296e-04
7.812499999999980918e-04
7.458333333333316394e-04
9.208333333333310142e-04
8.437499999999978221e-04
7.770833333333313419e-04
8.041666666666648366e-04
7.666666666666647383e-04
8.208333333333314025e-04
8.458333333333311428e-04
8.479166666666645719e-04
8.333333333333313268e-04
8.624999999999978170e-04
8.270833333333311478e-04
8.687499999999978876e-04
7.687499999999981674e-04
7.958333333333313369e-04
7.624999999999980968e-04
8.645833333333311378e-04
8.499999999999978927e-04
8.208333333333311856e-04
7.958333333333314453e-04
9.062499999999976607e-04
9.083333333333309815e-04
7.999999999999980868e-04
8.312499999999978977e-04
7.895833333333312663e-04
7.979166666666647660e-04
8.020833333333314075e-04
7.874999999999980540e-04
8.812499999999977036e-04
8.208333333333311856e-04
7.583333333333314554e-04
8.145833333333312234e-04
8.312499999999978977e-04
8.770833333333309537e-04
8.083333333333312613e-04
8.291666666666645770e-04
7.583333333333314554e-04
7.916666666666645870e-04
8.604166666666644963e-04
8.291666666666645770e-04
8.270833333333312562e-04
7.541666666666650308e-04
8.208333333333312941e-04
8.874999999999977742e-04
7.104166666666650786e-04
7.749999999999981296e-04
8.187499999999978649e-04
8.458333333333312512e-04
8.312499999999978977e-04
8.312499999999978977e-04
7.999999999999980868e-04
7.874999999999979456e-04
8.666666666666644585e-04
7.666666666666648467e-04
8.229166666666646148e-04
8.166666666666647610e-04
8.541666666666645341e-04
7.958333333333315537e-04
7.874999999999980540e-04
7.729166666666648089e-04
8.270833333333312562e-04
8.708333333333310999e-04
7.562499999999982431e-04
8.374999999999977515e-04
8.354166666666645391e-04
8.041666666666646198e-04
9.041666666666642316e-04
8.395833333333312890e-04
8.604166666666646047e-04
8.666666666666645669e-04
8.062499999999981574e-04
8.479166666666644635e-04
8.854166666666644534e-04
8.062499999999980490e-04
7.729166666666647005e-04
8.791666666666644913e-04
8.041666666666646198e-04
9.020833333333310193e-04
7.916666666666645870e-04
8.020833333333312991e-04
8.291666666666645770e-04
8.374999999999978599e-04
7.979166666666647660e-04
8.520833333333313218e-04
8.416666666666646097e-04
8.083333333333313697e-04
8.229166666666645064e-04
7.374999999999983565e-04
9.041666666666643400e-04
8.541666666666645341e-04
8.312499999999978977e-04
8.270833333333313647e-04
8.520833333333312134e-04
7.874999999999980540e-04
7.833333333333314125e-04
8.583333333333312840e-04
8.687499999999977792e-04
9.479166666666641837e-04
7.749999999999981296e-04
8.354166666666645391e-04
8.020833333333314075e-04
8.354166666666645391e-04
7.937499999999982330e-04
8.624999999999978170e-04
7.541666666666648139e-04
7.874999999999980540e-04
7.645833333333316344e-04
7.854166666666647333e-04
8.520833333333312134e-04
8.249999999999979355e-04
8.062499999999979405e-04
8.916666666666645241e-04
8.312499999999977893e-04
8.104166666666645820e-04
7.791666666666647711e-04
7.791666666666646627e-04
7.562499999999982431e-04
7.874999999999980540e-04
8.666666666666643501e-04
8.229166666666646148e-04
8.145833333333313319e-04
8.354166666666645391e-04
8.666666666666644585e-04
7.937499999999979078e-04
8.104166666666646904e-04
8.416666666666645013e-04
8.249999999999979355e-04
7.874999999999980540e-04
7.583333333333315638e-04
7.604166666666647761e-04
8.916666666666645241e-04
7.791666666666647711e-04
8.520833333333312134e-04
7.729166666666648089e-04
8.020833333333312991e-04
8.124999999999981196e-04
7.958333333333315537e-04
8.520833333333312134e-04
8.249999999999979355e-04
8.416666666666646097e-04
8.604166666666644963e-04
8.604166666666643879e-04
8.208333333333312941e-04
8.249999999999978271e-04
8.979166666666644862e-04
7.083333333333315411e-04
8.999999999999978070e-04
8.124999999999980111e-04
7.729166666666648089e-04
7.937499999999980162e-04
7.958333333333314453e-04
7.604166666666648845e-04
7.312499999999982859e-04
8.708333333333309915e-04
8.395833333333311806e-04
8.166666666666646526e-04
8.645833333333311378e-04
8.124999999999979027e-04
8.416666666666646097e-04
8.541666666666645341e-04
8.999999999999975901e-04
8.624999999999978170e-04
7.770833333333314503e-04
7.416666666666647811e-04
9.020833333333310193e-04
7.979166666666647660e-04
8.083333333333313697e-04
8.333333333333313268e-04
8.374999999999978599e-04
7.958333333333313369e-04
7.458333333333314226e-04
8.124999999999980111e-04
7.979166666666648745e-04
8.354166666666645391e-04
8.541666666666645341e-04
8.124999999999980111e-04
8.541666666666645341e-04
8.833333333333311327e-04
8.708333333333310999e-04
7.958333333333314453e-04
8.187499999999979733e-04
8.458333333333312512e-04
8.374999999999978599e-04
8.145833333333313319e-04
8.499999999999978927e-04
8.062499999999981574e-04
8.916666666666643072e-04
7.874999999999980540e-04
8.020833333333312991e-04
7.770833333333313419e-04
7.937499999999980162e-04
8.624999999999978170e-04
8.354166666666645391e-04
8.270833333333312562e-04
7.895833333333313747e-04
8.083333333333314781e-04
8.062499999999980490e-04
7.833333333333314125e-04
7.979166666666646576e-04
8.124999999999979027e-04
8.645833333333311378e-04
7.458333333333315310e-04
7.666666666666647383e-04
8.333333333333311100e-04
9.249999999999974389e-04
9.187499999999976935e-04
7.520833333333313848e-04
8.124999999999980111e-04
7.749999999999980212e-04
8.458333333333311428e-04
8.041666666666646198e-04
8.479166666666645719e-04
8.666666666666643501e-04
8.958333333333310571e-04
8.604166666666644963e-04
7.791666666666646627e-04
7.333333333333314982e-04
8.062499999999980490e-04
9.041666666666643400e-04
7.958333333333311201e-04
7.958333333333313369e-04
7.999999999999981952e-04
8.124999999999979027e-04
8.187499999999979733e-04
8.291666666666644685e-04
8.208333333333314025e-04
8.499999999999977842e-04
7.791666666666646627e-04
8.812499999999975952e-04
7.749999999999982380e-04
7.958333333333314453e-04
8.958333333333309487e-04
7.916666666666646954e-04
7.708333333333315966e-04
8.333333333333312184e-04
7.854166666666646248e-04
7.833333333333313041e-04
8.249999999999979355e-04
7.895833333333313747e-04
7.458333333333315310e-04
8.124999999999980111e-04
7.708333333333313797e-04
8.749999999999976330e-04
8.291666666666645770e-04
9.187499999999975851e-04
8.104166666666645820e-04
8.354166666666644307e-04
8.374999999999977515e-04
8.083333333333312613e-04
7.958333333333314453e-04
8.708333333333310999e-04
8.083333333333312613e-04
7.937499999999979078e-04
8.666666666666643501e-04
8.791666666666643828e-04
8.249999999999979355e-04
8.333333333333312184e-04
7.749999999999981296e-04
7.479166666666647433e-04
8.395833333333311806e-04
8.229166666666647232e-04
7.854166666666646248e-04
8.083333333333313697e-04
7.854166666666646248e-04
8.479166666666644635e-04
8.895833333333309865e-04
8.020833333333312991e-04
8.749999999999976330e-04
8.791666666666642744e-04
7.583333333333315638e-04
8.187499999999978649e-04
8.166666666666645442e-04
8.458333333333311428e-04
8.249999999999978271e-04
8.374999999999978599e-04
7.749999999999982380e-04
8.499999999999978927e-04
8.562499999999978548e-04
7.979166666666648745e-04
8.541666666666646425e-04
8.645833333333310293e-04
7.499999999999980640e-04
7.708333333333314882e-04
8.479166666666645719e-04
9.041666666666644484e-04
8.354166666666646476e-04
8.562499999999979633e-04
8.854166666666645619e-04
7.812499999999980918e-04
8.770833333333309537e-04
8.291666666666645770e-04
8.062499999999980490e-04
7.895833333333313747e-04
8.270833333333311478e-04
7.916666666666645870e-04
8.229166666666646148e-04
8.124999999999980111e-04
8.020833333333312991e-04
7.895833333333312663e-04
9.083333333333310899e-04
7.833333333333313041e-04
8.020833333333314075e-04
8.145833333333312234e-04
8.895833333333312033e-04
8.270833333333313647e-04
8.145833333333314403e-04
7.895833333333313747e-04
8.166666666666646526e-04
7.958333333333313369e-04
7.708333333333313797e-04
7.812499999999979834e-04
8.624999999999978170e-04
8.937499999999978448e-04
8.770833333333310621e-04
7.749999999999981296e-04
8.854166666666644534e-04
7.583333333333314554e-04
8.562499999999979633e-04
8.291666666666646854e-04
8.208333333333312941e-04
8.374999999999978599e-04
8.833333333333311327e-04
8.333333333333312184e-04
8.229166666666646148e-04
7.520833333333313848e-04
8.374999999999978599e-04
8.270833333333312562e-04
8.041666666666647282e-04
8.520833333333313218e-04
8.249999999999978271e-04
7.624999999999984221e-04
8.395833333333311806e-04
8.249999999999979355e-04
8.354166666666645391e-04
8.249999999999979355e-04
9.166666666666642644e-04
7.416666666666647811e-04
8.208333333333312941e-04
8.999999999999975901e-04
8.166666666666645442e-04
8.374999999999980767e-04
8.208333333333312941e-04
7.687499999999980590e-04
7.708333333333314882e-04
8.833333333333310243e-04
8.083333333333313697e-04
8.187499999999980817e-04
8.499999999999978927e-04
7.291666666666648568e-04
7.895833333333312663e-04
8.020833333333312991e-04
7.999999999999980868e-04
7.937499999999980162e-04
8.895833333333312033e-04
8.416666666666646097e-04
7.604166666666648845e-04
8.479166666666645719e-04
7.937499999999980162e-04
8.333333333333311100e-04
8.270833333333313647e-04
8.374999999999978599e-04
8.124999999999980111e-04
8.229166666666646148e-04
8.104166666666645820e-04
8.458333333333311428e-04
8.354166666666646476e-04
7.645833333333315260e-04
7.520833333333313848e-04
7.895833333333312663e-04
8.270833333333313647e-04
8.562499999999978548e-04
8.062499999999979405e-04
8.229166666666646148e-04
7.770833333333314503e-04
8.604166666666646047e-04
7.895833333333312663e-04
8.937499999999976279e-04
7.687499999999980590e-04
8.312499999999978977e-04
8.583333333333311756e-04
7.874999999999980540e-04
8.229166666666645064e-04
8.416666666666646097e-04
8.354166666666644307e-04
8.583333333333311756e-04
8.249999999999980439e-04
8.166666666666646526e-04
8.145833333333313319e-04
7.999999999999980868e-04
8.624999999999978170e-04
7.437499999999981019e-04
8.499999999999980011e-04
8.249999999999978271e-04
8.166666666666647610e-04
9.104166666666644106e-04
8.145833333333312234e-04
9.166666666666642644e-04
8.124999999999980111e-04
7.666666666666647383e-04
7.291666666666649652e-04
7.874999999999979456e-04
8.083333333333313697e-04
8.333333333333312184e-04
8.020833333333314075e-04
7.979166666666647660e-04
7.666666666666648467e-04
8.479166666666645719e-04
8.770833333333310621e-04
8.312499999999980061e-04
7.916666666666646954e-04
8.374999999999978599e-04
8.041666666666648366e-04
7.604166666666648845e-04
7.666666666666648467e-04
8.437499999999979305e-04
8.333333333333312184e-04
7.937499999999980162e-04
8.416666666666647182e-04
7.979166666666647660e-04
8.291666666666646854e-04
7.708333333333313797e-04
7.937499999999982330e-04
8.249999999999978271e-04
8.645833333333310293e-04
8.270833333333312562e-04
7.749999999999981296e-04
8.270833333333312562e-04
7.874999999999980540e-04
7.916666666666645870e-04
7.166666666666650408e-04
7.708333333333314882e-04
8.333333333333312184e-04
8.249999999999978271e-04
7.833333333333313041e-04
9.041666666666643400e-04
8.270833333333313647e-04
8.166666666666646526e-04
8.104166666666646904e-04
7.729166666666648089e-04
8.124999999999979027e-04
8.854166666666644534e-04
8.145833333333313319e-04
8.666666666666644585e-04
8.624999999999978170e-04
8.708333333333310999e-04
8.666666666666645669e-04
8.416666666666646097e-04
8.041666666666647282e-04
8.229166666666646148e-04
8.520833333333311050e-04
8.479166666666645719e-04
7.895833333333312663e-04
8.624999999999979254e-04
8.312499999999978977e-04
8.437499999999979305e-04
8.354166666666645391e-04
8.145833333333313319e-04
8.562499999999977464e-04
8.124999999999979027e-04
8.291666666666645770e-04
8.562499999999978548e-04
8.749999999999976330e-04
8.541666666666645341e-04
7.249999999999982153e-04
7.520833333333316016e-04
7.854166666666647333e-04
8.395833333333312890e-04
9.041666666666643400e-04
7.833333333333314125e-04
9.312499999999975095e-04
8.666666666666644585e-04
7.708333333333315966e-04
8.270833333333311478e-04
7.520833333333316016e-04
8.208333333333311856e-04
8.166666666666646526e-04
8.583333333333311756e-04
7.791666666666647711e-04
9.229166666666642265e-04
8.062499999999980490e-04
8.604166666666643879e-04
8.208333333333311856e-04
7.749999999999982380e-04
8.124999999999979027e-04
7.854166666666647333e-04
7.833333333333313041e-04
8.333333333333312184e-04
8.104166666666644736e-04
8.645833333333311378e-04
8.020833333333315159e-04
8.416666666666646097e-04
8.270833333333312562e-04
7.874999999999979456e-04
7.895833333333312663e-04
7.437499999999981019e-04
7.833333333333313041e-04
7.395833333333315688e-04
8.145833333333313319e-04
7.833333333333314125e-04
8.104166666666647988e-04
8.624999999999978170e-04
8.833333333333310243e-04
7.979166666666647660e-04
7.708333333333314882e-04
8.229166666666646148e-04
7.791666666666647711e-04
8.895833333333310949e-04
8.291666666666645770e-04
7.958333333333314453e-04
8.124999999999979027e-04
8.187499999999978649e-04
8.374999999999980767e-04
8.583333333333311756e-04
8.354166666666645391e-04
8.437499999999978221e-04
8.291666666666645770e-04
7.979166666666646576e-04
8.312499999999977893e-04
8.354166666666645391e-04
8.874999999999977742e-04
8.479166666666645719e-04
7.770833333333314503e-04
8.249999999999978271e-04
7.458333333333315310e-04
7.874999999999980540e-04
8.083333333333313697e-04
7.791666666666647711e-04
7.604166666666648845e-04
7.479166666666648517e-04
8.354166666666644307e-04
7.874999999999980540e-04
8.520833333333311050e-04
7.999999999999980868e-04
8.583333333333311756e-04
7.937499999999980162e-04
7.708333333333313797e-04
7.833333333333315210e-04
8.208333333333311856e-04
7.979166666666647660e-04
8.770833333333310621e-04
8.083333333333312613e-04
8.749999999999977414e-04
8.270833333333313647e-04
8.041666666666646198e-04
7.999999999999979784e-04
7.479166666666648517e-04
8.458333333333312512e-04
7.604166666666646677e-04
7.979166666666648745e-04
7.708333333333313797e-04
7.666666666666648467e-04
8.312499999999980061e-04
7.708333333333314882e-04
8.791666666666642744e-04
8.437499999999979305e-04
8.354166666666645391e-04
8.479166666666645719e-04
8.145833333333313319e-04
8.499999999999978927e-04
8.312499999999978977e-04
8.812499999999979204e-04
8.916666666666644156e-04
8.666666666666644585e-04
8.604166666666643879e-04
8.479166666666645719e-04
7.916666666666646954e-04
8.166666666666646526e-04
8.270833333333312562e-04
8.208333333333314025e-04
8.333333333333311100e-04
8.208333333333311856e-04
7.499999999999980640e-04
8.083333333333313697e-04
8.083333333333313697e-04
8.791666666666642744e-04
7.583333333333315638e-04
7.937499999999982330e-04
7.958333333333314453e-04
8.124999999999979027e-04
8.583333333333310671e-04
8.520833333333311050e-04
8.020833333333312991e-04
8.395833333333312890e-04
8.020833333333314075e-04
7.874999999999980540e-04
8.520833333333312134e-04
7.437499999999982103e-04
7.791666666666645542e-04
7.749999999999981296e-04
7.895833333333312663e-04
9.041666666666644484e-04
8.333333333333311100e-04
8.999999999999976985e-04
8.958333333333310571e-04
8.812499999999977036e-04
7.020833333333315789e-04
7.791666666666646627e-04
8.937499999999976279e-04
8.041666666666647282e-04
8.916666666666644156e-04
8.624999999999978170e-04
8.541666666666645341e-04
7.999999999999980868e-04
8.124999999999981196e-04
8.729166666666645291e-04
7.833333333333314125e-04
7.854166666666647333e-04
7.833333333333315210e-04
8.479166666666645719e-04
7.874999999999980540e-04
7.666666666666648467e-04
9.229166666666643350e-04
8.624999999999979254e-04
7.874999999999979456e-04
8.437499999999979305e-04
7.791666666666648795e-04
8.708333333333309915e-04
8.374999999999977515e-04
7.999999999999980868e-04
7.895833333333314831e-04
7.833333333333314125e-04
8.874999999999977742e-04
7.958333333333315537e-04
8.562499999999977464e-04
8.374999999999977515e-04
8.187499999999980817e-04
8.499999999999977842e-04
8.062499999999980490e-04
8.479166666666645719e-04
7.749999999999982380e-04
8.270833333333312562e-04
8.291666666666645770e-04
7.958333333333313369e-04
8.479166666666645719e-04
8.312499999999978977e-04
7.645833333333314176e-04
8.666666666666645669e-04
7.541666666666650308e-04
8.854166666666644534e-04
7.979166666666647660e-04
8.479166666666644635e-04
8.687499999999977792e-04
8.729166666666644207e-04
8.416666666666645013e-04
8.333333333333312184e-04
8.541666666666644257e-04
8.187499999999979733e-04
8.541666666666645341e-04
8.604166666666644963e-04
8.354166666666644307e-04
8.208333333333311856e-04
8.562499999999979633e-04
7.208333333333315739e-04
7.729166666666648089e-04
7.916666666666646954e-04
8.437499999999978221e-04
7.749999999999981296e-04
8.520833333333313218e-04
7.499999999999981725e-04
7.979166666666645492e-04
7.812499999999980918e-04
7.541666666666649223e-04
8.770833333333309537e-04
8.208333333333311856e-04
8.479166666666645719e-04
8.083333333333313697e-04
8.666666666666645669e-04
8.791666666666643828e-04
8.291666666666646854e-04
8.291666666666645770e-04
7.916666666666645870e-04
7.749999999999980212e-04
7.812499999999980918e-04
8.666666666666644585e-04
8.666666666666644585e-04
8.395833333333311806e-04
8.479166666666645719e-04
8.229166666666646148e-04
7.874999999999979456e-04
8.312499999999978977e-04
8.562499999999978548e-04
7.812499999999982002e-04
7.833333333333313041e-04
8.624999999999977086e-04
8.270833333333312562e-04
8.583333333333310671e-04
8.354166666666645391e-04
7.895833333333312663e-04
9.020833333333310193e-04
8.520833333333312134e-04
8.020833333333314075e-04
8.166666666666646526e-04
8.395833333333312890e-04
8.708333333333309915e-04
8.187499999999978649e-04
9.291666666666644056e-04
8.583333333333311756e-04
7.999999999999980868e-04
8.187499999999978649e-04
8.666666666666644585e-04
8.145833333333314403e-04
8.395833333333313974e-04
8.354166666666645391e-04
8.187499999999979733e-04
8.874999999999977742e-04
8.749999999999977414e-04
9.041666666666642316e-04
8.666666666666644585e-04
7.479166666666647433e-04
8.624999999999979254e-04
8.291666666666645770e-04
7.791666666666647711e-04
7.708333333333313797e-04
8.541666666666645341e-04
7.874999999999979456e-04
8.541666666666645341e-04
8.208333333333314025e-04
7.624999999999982053e-04
8.895833333333310949e-04
8.729166666666643122e-04
8.187499999999978649e-04
8.645833333333311378e-04
8.437499999999979305e-04
8.562499999999977464e-04
7.958333333333314453e-04
8.479166666666644635e-04
7.999999999999979784e-04
7.979166666666647660e-04
7.812499999999980918e-04
8.749999999999978498e-04
8.395833333333312890e-04
7.145833333333318285e-04
7.916666666666646954e-04
7.604166666666648845e-04
6.854166666666650131e-04
7.062499999999983288e-04
6.708333333333318764e-04
6.749999999999985179e-04
6.229166666666652828e-04
5.833333333333320806e-04
5.687499999999988355e-04
5.708333333333321562e-04
6.208333333333321789e-04
6.895833333333317629e-04
5.666666666666655148e-04
5.958333333333321134e-04
4.874999999999989476e-04
4.729166666666657025e-04
5.229166666666655626e-04
6.104166666666654669e-04
5.124999999999989590e-04
5.562499999999988027e-04
5.229166666666655626e-04
6.020833333333318587e-04
4.999999999999990346e-04
4.562499999999989741e-04
4.666666666666657946e-04
4.541666666666658160e-04
4.666666666666658488e-04
4.104166666666660265e-04
4.416666666666657832e-04
4.583333333333324032e-04
4.187499999999992552e-04
4.187499999999992552e-04
4.895833333333323226e-04
4.479166666666659080e-04
4.208333333333325759e-04
4.458333333333324789e-04
4.499999999999991203e-04
4.624999999999990989e-04
5.104166666666656383e-04
4.624999999999991531e-04
4.979166666666656055e-04
4.791666666666656647e-04
4.520833333333326037e-04
4.145833333333325053e-04
4.854166666666657353e-04
4.541666666666658160e-04
4.895833333333324310e-04
4.979166666666657139e-04
4.541666666666657618e-04
5.499999999999989489e-04
4.791666666666657189e-04
4.270833333333325923e-04
4.708333333333323818e-04
4.624999999999990989e-04
5.062499999999991052e-04
4.416666666666658374e-04
4.708333333333324360e-04
5.187499999999989212e-04
4.770833333333323440e-04
4.854166666666657353e-04
4.583333333333326201e-04
4.729166666666658652e-04
4.583333333333324032e-04
4.729166666666657567e-04
5.229166666666654542e-04
4.999999999999989262e-04
4.624999999999991531e-04
4.958333333333325016e-04
4.812499999999989854e-04
5.083333333333323175e-04
4.520833333333324953e-04
5.229166666666655626e-04
5.062499999999991052e-04
4.979166666666657139e-04
4.729166666666657567e-04
4.812499999999991481e-04
4.812499999999989854e-04
4.874999999999989476e-04
4.687499999999990611e-04
4.833333333333323604e-04
4.833333333333324688e-04
4.520833333333326037e-04
4.583333333333323490e-04
4.604166666666658324e-04
4.999999999999989262e-04
4.312499999999991796e-04
4.729166666666657025e-04
5.479166666666655198e-04
5.083333333333324260e-04
4.416666666666657290e-04
4.874999999999990561e-04
4.749999999999990233e-04
4.999999999999990346e-04
4.895833333333322141e-04
4.416666666666659458e-04
4.874999999999990561e-04
5.145833333333322797e-04
5.041666666666656761e-04
5.458333333333324159e-04
4.708333333333323818e-04
5.187499999999990296e-04
5.291666666666656332e-04
5.062499999999989968e-04
4.791666666666656647e-04
4.708333333333324360e-04
4.895833333333322141e-04
4.854166666666656811e-04
5.083333333333323175e-04
4.562499999999990283e-04
4.937499999999990724e-04
5.166666666666656004e-04
4.687499999999991153e-04
5.124999999999989590e-04
5.687499999999989439e-04
4.895833333333323226e-04
5.499999999999989489e-04
5.354166666666655954e-04
5.062499999999989968e-04
4.979166666666657139e-04
5.458333333333321991e-04
4.854166666666656269e-04
4.770833333333322898e-04
5.249999999999988834e-04
5.499999999999988405e-04
5.437499999999988783e-04
5.229166666666655626e-04
5.562499999999989111e-04
4.874999999999991103e-04
5.416666666666655576e-04
4.833333333333324146e-04
5.437499999999989867e-04
4.895833333333324310e-04
4.916666666666656433e-04
5.666666666666654063e-04
4.874999999999990018e-04
5.124999999999990674e-04
4.687499999999991695e-04
5.291666666666655248e-04
6.145833333333319999e-04
5.291666666666655248e-04
5.916666666666653635e-04
5.458333333333321991e-04
5.499999999999988405e-04
5.416666666666655576e-04
5.124999999999989590e-04
5.291666666666656332e-04
4.749999999999990233e-04
5.124999999999989590e-04
6.124999999999985708e-04
4.854166666666656811e-04
5.749999999999986892e-04
4.999999999999989262e-04
5.062499999999988884e-04
5.333333333333322747e-04
5.520833333333321612e-04
5.187499999999989212e-04
5.229166666666656711e-04
5.041666666666657845e-04
5.270833333333323125e-04
5.187499999999989212e-04
4.979166666666657139e-04
5.562499999999988027e-04
5.395833333333321285e-04
5.187499999999990296e-04
5.145833333333323881e-04
5.458333333333321991e-04
5.229166666666655626e-04
5.166666666666657089e-04
4.979166666666656055e-04
5.812499999999988683e-04
5.458333333333323075e-04
6.020833333333320755e-04
5.187499999999989212e-04
4.749999999999991317e-04
5.749999999999986892e-04
5.416666666666655576e-04
5.104166666666656383e-04
5.854166666666655097e-04
5.187499999999989212e-04
5.624999999999987649e-04
5.291666666666655248e-04
5.354166666666655954e-04
5.999999999999986464e-04
5.062499999999989968e-04
5.208333333333322419e-04
5.541666666666653735e-04
5.624999999999987649e-04
5.208333333333321335e-04
5.499999999999988405e-04
5.458333333333320906e-04
5.874999999999987220e-04
6.104166666666652500e-04
5.208333333333322419e-04
5.895833333333320428e-04
5.520833333333321612e-04
5.937499999999987926e-04
5.437499999999988783e-04
5.416666666666654492e-04
5.854166666666655097e-04
5.541666666666654820e-04
5.854166666666654013e-04
5.604166666666654441e-04
5.729166666666654769e-04
4.979166666666656055e-04
5.499999999999988405e-04
5.270833333333322041e-04
5.937499999999986842e-04
5.624999999999988733e-04
5.562499999999988027e-04
5.437499999999989867e-04
5.145833333333322797e-04
5.374999999999990246e-04
5.999999999999986464e-04
5.770833333333320100e-04
5.729166666666654769e-04
4.958333333333322848e-04
5.916666666666652551e-04
5.791666666666655475e-04
5.041666666666657845e-04
5.604166666666654441e-04
5.416666666666654492e-04
5.791666666666654391e-04
6.416666666666652778e-04
5.666666666666655148e-04
5.854166666666655097e-04
5.937499999999986842e-04
4.916666666666657517e-04
6.583333333333317352e-04
6.062499999999988254e-04
5.416666666666656660e-04
5.312499999999989540e-04
5.562499999999988027e-04
5.437499999999988783e-04
5.604166666666654441e-04
6.333333333333321033e-04
5.541666666666655904e-04
5.354166666666655954e-04
5.374999999999989161e-04
5.333333333333321663e-04
6.083333333333320377e-04
5.312499999999989540e-04
5.437499999999988783e-04
6.062499999999987170e-04
6.458333333333319192e-04
5.479166666666655198e-04
5.145833333333323881e-04
5.999999999999987548e-04
5.833333333333321890e-04
6.437499999999983817e-04
5.333333333333322747e-04
6.124999999999986792e-04
5.833333333333320806e-04
5.729166666666653685e-04
6.708333333333318764e-04
6.270833333333319243e-04
5.833333333333320806e-04
5.812499999999987598e-04
5.416666666666655576e-04
6.374999999999985279e-04
5.958333333333320049e-04
5.708333333333321562e-04
5.833333333333321890e-04
6.499999999999984523e-04
5.395833333333323453e-04
5.895833333333321512e-04
6.229166666666653912e-04
6.270833333333319243e-04
6.333333333333318865e-04
5.854166666666655097e-04
5.374999999999989161e-04
5.999999999999986464e-04
6.104166666666653585e-04
5.583333333333322318e-04
5.812499999999988683e-04
5.937499999999986842e-04
5.479166666666655198e-04
5.916666666666654719e-04
6.062499999999987170e-04
6.270833333333320327e-04
5.979166666666653257e-04
5.979166666666653257e-04
5.958333333333320049e-04
5.874999999999988304e-04
6.270833333333320327e-04
5.958333333333320049e-04
5.145833333333322797e-04
5.729166666666654769e-04
5.395833333333323453e-04
6.229166666666652828e-04
5.645833333333320856e-04
6.249999999999984951e-04
5.833333333333320806e-04
5.937499999999989011e-04
6.354166666666653156e-04
6.062499999999988254e-04
6.249999999999986035e-04
5.999999999999986464e-04
6.312499999999984573e-04
5.874999999999987220e-04
6.020833333333320755e-04
6.124999999999986792e-04
5.562499999999988027e-04
5.604166666666654441e-04
6.124999999999985708e-04
6.020833333333320755e-04
6.291666666666653534e-04
6.083333333333319293e-04
6.291666666666653534e-04
6.041666666666653963e-04
6.416666666666651694e-04
5.645833333333320856e-04
6.104166666666653585e-04
6.229166666666652828e-04
6.291666666666651366e-04
6.124999999999986792e-04
6.458333333333319192e-04
5.958333333333320049e-04
5.687499999999986186e-04
5.624999999999987649e-04
6.604166666666650559e-04
6.291666666666653534e-04
5.874999999999987220e-04
6.437499999999985985e-04
6.479166666666652400e-04
6.083333333333319293e-04
5.916666666666654719e-04
6.041666666666653963e-04
6.166666666666652122e-04
6.083333333333319293e-04
5.958333333333321134e-04
6.145833333333318915e-04
6.062499999999986086e-04
6.687499999999984472e-04
5.770833333333320100e-04
5.249999999999987749e-04
5.708333333333320478e-04
6.499999999999984523e-04
6.791666666666652677e-04
6.104166666666651416e-04
6.708333333333318764e-04
6.229166666666652828e-04
5.604166666666655526e-04
6.604166666666651643e-04
6.041666666666652879e-04
6.020833333333321840e-04
6.291666666666652450e-04
6.645833333333319142e-04
5.854166666666655097e-04
6.895833333333317629e-04
6.270833333333319243e-04
6.479166666666652400e-04
6.645833333333319142e-04
7.041666666666650080e-04
7.145833333333317201e-04
6.062499999999986086e-04
5.791666666666654391e-04
5.958333333333320049e-04
6.395833333333319571e-04
7.020833333333316873e-04
6.479166666666651316e-04
6.499999999999984523e-04
6.749999999999985179e-04
6.958333333333317251e-04
6.812499999999984800e-04
6.687499999999985557e-04
6.666666666666652349e-04
5.749999999999986892e-04
5.770833333333320100e-04
6.604166666666651643e-04
5.833333333333321890e-04
6.229166666666653912e-04
6.687499999999984472e-04
6.166666666666652122e-04
6.437499999999984901e-04
6.312499999999985657e-04
6.354166666666650988e-04
6.145833333333319999e-04
6.479166666666652400e-04
5.770833333333321184e-04
6.437499999999984901e-04
6.187499999999985329e-04
6.333333333333318865e-04
6.687499999999985557e-04
6.270833333333321411e-04
6.624999999999983766e-04
5.854166666666654013e-04
6.499999999999985607e-04
6.187499999999986414e-04
6.333333333333319949e-04
6.187499999999985329e-04
6.874999999999983338e-04
6.270833333333319243e-04
7.145833333333316117e-04
6.374999999999985279e-04
6.895833333333318714e-04
6.666666666666653434e-04
6.874999999999983338e-04
6.104166666666652500e-04
6.583333333333317352e-04
6.229166666666653912e-04
6.229166666666653912e-04
6.874999999999984422e-04
6.624999999999983766e-04
6.416666666666651694e-04
6.854166666666649047e-04
6.687499999999984472e-04
6.562499999999984145e-04
6.749999999999984094e-04
6.312499999999985657e-04
6.562499999999986313e-04
6.604166666666650559e-04
6.833333333333318008e-04
6.374999999999986363e-04
6.124999999999986792e-04
6.041666666666652879e-04
6.791666666666650509e-04
6.416666666666651694e-04
6.770833333333318386e-04
6.437499999999984901e-04
6.354166666666653156e-04
6.833333333333316923e-04
7.312499999999981775e-04
6.979166666666650459e-04
5.916666666666653635e-04
6.708333333333318764e-04
6.270833333333320327e-04
6.499999999999985607e-04
7.208333333333316823e-04
6.854166666666651215e-04
6.729166666666650887e-04
6.395833333333320655e-04
7.062499999999982203e-04
6.979166666666649374e-04
6.312499999999985657e-04
6.958333333333317251e-04
6.854166666666650131e-04
7.270833333333315360e-04
6.583333333333318436e-04
5.812499999999988683e-04
7.187499999999984700e-04
6.645833333333319142e-04
6.249999999999986035e-04
6.833333333333318008e-04
7.041666666666648996e-04
6.833333333333316923e-04
6.479166666666652400e-04
6.520833333333318814e-04
6.270833333333320327e-04
6.562499999999984145e-04
7.291666666666647484e-04
6.187499999999985329e-04
6.895833333333316545e-04
6.854166666666651215e-04
6.583333333333318436e-04
5.874999999999987220e-04
6.791666666666652677e-04
6.395833333333317402e-04
6.749999999999984094e-04
7.354166666666648190e-04
6.354166666666652072e-04
6.812499999999983716e-04
7.479166666666647433e-04
6.562499999999984145e-04
6.520833333333317730e-04
6.833333333333318008e-04
6.541666666666650937e-04
6.854166666666651215e-04
7.208333333333316823e-04
6.187499999999985329e-04
6.333333333333318865e-04
6.458333333333319192e-04
7.124999999999983994e-04
6.812499999999983716e-04
7.062499999999982203e-04
6.895833333333316545e-04
6.562499999999984145e-04
7.104166666666650786e-04
7.374999999999982481e-04
6.520833333333318814e-04
6.729166666666649803e-04
6.916666666666653005e-04
6.249999999999986035e-04
6.624999999999983766e-04
6.354166666666650988e-04
6.687499999999985557e-04
7.187499999999983616e-04
6.229166666666652828e-04
6.749999999999985179e-04
6.416666666666651694e-04
7.145833333333316117e-04
6.249999999999986035e-04
6.958333333333316167e-04
