4.611111111111101100e-04
6.999999999999981497e-04
6.361111111111095390e-04
6.805555555555538230e-04
6.861111111111093449e-04
7.972222222222201090e-04
7.888888888888866092e-04
8.888888888888864378e-04
9.944444444444416800e-04
8.861111111111086769e-04
9.249999999999973304e-04
1.033333333333330334e-03
9.583333333333306789e-04
1.022222222222219506e-03
9.749999999999973532e-04
1.013888888888886007e-03
1.074999999999996965e-03
1.188888888888885815e-03
1.044444444444441594e-03
1.116666666666663596e-03
1.205555555555552164e-03
1.024999999999997051e-03
1.047222222222219355e-03
1.147222222222218750e-03
1.086111111111108226e-03
1.155555555555552250e-03
1.144444444444441640e-03
1.011111111111108463e-03
1.052777777777774877e-03
1.158333333333330011e-03
1.105555555555552552e-03
1.133333333333330162e-03
1.163888888888885316e-03
1.094444444444441509e-03
9.583333333333305705e-04
1.111111111111108074e-03
1.227777777777774252e-03
1.094444444444441509e-03
1.113888888888885835e-03
1.133333333333330162e-03
1.005555555555552724e-03
1.086111111111108009e-03
1.172222222222219249e-03
1.091666666666663748e-03
1.113888888888885835e-03
1.194444444444441120e-03
1.130555555555552401e-03
1.163888888888885750e-03
1.066666666666663465e-03
1.199999999999996642e-03
1.111111111111107858e-03
1.147222222222218967e-03
1.233333333333329774e-03
1.147222222222218967e-03
1.166666666666663511e-03
1.080555555555552704e-03
1.172222222222218816e-03
1.055555555555552421e-03
1.077777777777774943e-03
1.077777777777775160e-03
1.016666666666663768e-03
1.147222222222218967e-03
1.138888888888885467e-03
1.074999999999996748e-03
1.136111111111107923e-03
1.172222222222219033e-03
1.111111111111108074e-03
1.144444444444441206e-03
1.099999999999997031e-03
1.130555555555552401e-03
1.119444444444441357e-03
1.144444444444441206e-03
1.055555555555552638e-03
1.169444444444441272e-03
1.147222222222218967e-03
1.130555555555552184e-03
1.108333333333330313e-03
9.722222222222194838e-04
1.144444444444440989e-03
1.163888888888885750e-03
1.063888888888885921e-03
1.130555555555552401e-03
1.016666666666663985e-03
1.111111111111108291e-03
1.124999999999996879e-03
1.127777777777774640e-03
1.119444444444441357e-03
1.055555555555552421e-03
1.080555555555552704e-03
1.086111111111108226e-03
1.049999999999997116e-03
1.133333333333330162e-03
1.133333333333330162e-03
1.216666666666663208e-03
1.024999999999997051e-03
1.249999999999996340e-03
1.147222222222218967e-03
1.119444444444441357e-03
1.052777777777774660e-03
1.044444444444441594e-03
1.097222222222219270e-03
1.105555555555552552e-03
1.124999999999996879e-03
1.124999999999996879e-03
1.049999999999996899e-03
1.199999999999996642e-03
1.080555555555552704e-03
1.183333333333330510e-03
1.116666666666663596e-03
1.130555555555552401e-03
1.091666666666663531e-03
1.111111111111108074e-03
1.124999999999996879e-03
1.133333333333330162e-03
1.111111111111108074e-03
1.158333333333330228e-03
1.088888888888885987e-03
1.199999999999996642e-03
1.122222222222218901e-03
1.147222222222218967e-03
1.194444444444441120e-03
1.155555555555552250e-03
1.177777777777774338e-03
1.177777777777774555e-03
1.086111111111108009e-03
1.099999999999997031e-03
1.174999999999996794e-03
1.188888888888885598e-03
1.169444444444441272e-03
1.086111111111108226e-03
1.116666666666663596e-03
1.213888888888885447e-03
1.066666666666663682e-03
1.063888888888885921e-03
1.105555555555552552e-03
1.080555555555552704e-03
1.202777777777774403e-03
1.219444444444440969e-03
1.163888888888885316e-03
1.133333333333330162e-03
1.122222222222219118e-03
1.124999999999996879e-03
1.113888888888885835e-03
1.097222222222219270e-03
1.094444444444441509e-03
1.155555555555552250e-03
1.113888888888885619e-03
1.133333333333330162e-03
1.205555555555552164e-03
1.147222222222218967e-03
1.238888888888885296e-03
1.152777777777774489e-03
1.199999999999996859e-03
1.205555555555552164e-03
1.124999999999996879e-03
1.058333333333330399e-03
1.113888888888885835e-03
1.047222222222219138e-03
1.030555555555552789e-03
1.036111111111108311e-03
1.077777777777774943e-03
1.138888888888885684e-03
1.063888888888885921e-03
1.244444444444441035e-03
1.169444444444441055e-03
1.224999999999996491e-03
1.183333333333330076e-03
1.113888888888886052e-03
1.222222222222218947e-03
1.077777777777774509e-03
1.119444444444441357e-03
1.138888888888885901e-03
1.149999999999996728e-03
1.122222222222219118e-03
1.099999999999997031e-03
1.124999999999996879e-03
1.011111111111108463e-03
1.130555555555552401e-03
1.111111111111108074e-03
1.083333333333330248e-03
1.072222222222219204e-03
1.066666666666663682e-03
1.202777777777774186e-03
1.194444444444441337e-03
1.149999999999996728e-03
1.074999999999996965e-03
1.130555555555552401e-03
1.138888888888885684e-03
1.141666666666663445e-03
1.033333333333330334e-03
1.097222222222219270e-03
1.141666666666663445e-03
1.208333333333329925e-03
1.058333333333330399e-03
1.163888888888885750e-03
1.113888888888885835e-03
1.055555555555552421e-03
1.147222222222218967e-03
1.127777777777775074e-03
1.047222222222219138e-03
1.047222222222219355e-03
1.111111111111108074e-03
1.102777777777774791e-03
9.944444444444416800e-04
1.138888888888885684e-03
1.158333333333329794e-03
1.158333333333330011e-03
1.133333333333330162e-03
1.105555555555552552e-03
1.122222222222219118e-03
1.083333333333330465e-03
1.013888888888886224e-03
1.066666666666663682e-03
1.058333333333330182e-03
1.166666666666663294e-03
1.036111111111108311e-03
1.183333333333330076e-03
1.113888888888885835e-03
1.163888888888885750e-03
1.097222222222219270e-03
1.111111111111108291e-03
1.141666666666663445e-03
1.166666666666663294e-03
1.291666666666663188e-03
1.141666666666663445e-03
1.080555555555552704e-03
1.163888888888885750e-03
1.061111111111108160e-03
1.069444444444441443e-03
1.019444444444441529e-03
1.102777777777774791e-03
1.108333333333330313e-03
1.105555555555552336e-03
1.091666666666663748e-03
1.055555555555552638e-03
1.211111111111107686e-03
1.158333333333330011e-03
1.166666666666663511e-03
1.161111111111107555e-03
9.999999999999972019e-04
1.166666666666663511e-03
1.105555555555552336e-03
1.124999999999997096e-03
1.227777777777774252e-03
1.158333333333330011e-03
1.088888888888885987e-03
1.166666666666663511e-03
1.127777777777774640e-03
1.105555555555552552e-03
1.149999999999996945e-03
1.180555555555552099e-03
1.074999999999996965e-03
1.133333333333329945e-03
1.049999999999997116e-03
1.116666666666663596e-03
1.180555555555552315e-03
1.188888888888885598e-03
1.044444444444441594e-03
1.238888888888885296e-03
1.161111111111107772e-03
1.130555555555552401e-03
1.163888888888885750e-03
1.186111111111108054e-03
1.144444444444441206e-03
1.002777777777774963e-03
1.163888888888885750e-03
1.116666666666663596e-03
1.147222222222218967e-03
1.077777777777774943e-03
1.116666666666663596e-03
1.094444444444441509e-03
1.272222222222218644e-03
1.052777777777774877e-03
1.113888888888885835e-03
1.083333333333330465e-03
1.036111111111108095e-03
1.230555555555552013e-03
1.066666666666663682e-03
1.261111111111107600e-03
1.055555555555552638e-03
1.074999999999996965e-03
1.105555555555552552e-03
1.080555555555552704e-03
1.116666666666663813e-03
1.088888888888885987e-03
1.116666666666663596e-03
1.083333333333330465e-03
1.105555555555552769e-03
1.102777777777774791e-03
1.044444444444441594e-03
1.105555555555552336e-03
1.066666666666663682e-03
1.130555555555552401e-03
1.141666666666663445e-03
1.091666666666663531e-03
1.044444444444441594e-03
1.124999999999996879e-03
1.072222222222219204e-03
1.141666666666663445e-03
1.188888888888885598e-03
1.144444444444441206e-03
1.188888888888885598e-03
1.152777777777774706e-03
1.108333333333330097e-03
1.172222222222219033e-03
1.086111111111108226e-03
1.158333333333330228e-03
1.138888888888885684e-03
1.036111111111108311e-03
1.174999999999996794e-03
1.127777777777774640e-03
1.177777777777774338e-03
1.047222222222219355e-03
1.122222222222219118e-03
1.166666666666663294e-03
1.111111111111107858e-03
1.141666666666663228e-03
1.177777777777774555e-03
1.088888888888885770e-03
1.224999999999996708e-03
1.097222222222219270e-03
1.166666666666663511e-03
1.191666666666663359e-03
1.205555555555552164e-03
1.219444444444440969e-03
1.116666666666663596e-03
1.152777777777774489e-03
1.177777777777774338e-03
1.119444444444441357e-03
1.077777777777774509e-03
1.108333333333330313e-03
1.133333333333329945e-03
1.111111111111108074e-03
1.094444444444441292e-03
1.063888888888885704e-03
1.197222222222218881e-03
1.105555555555552336e-03
1.172222222222218816e-03
1.130555555555552401e-03
1.052777777777774877e-03
1.197222222222218881e-03
1.191666666666663359e-03
1.066666666666663682e-03
1.105555555555552552e-03
1.208333333333329708e-03
1.191666666666663359e-03
1.136111111111107923e-03
1.149999999999996728e-03
1.097222222222219053e-03
1.216666666666663208e-03
1.136111111111108140e-03
1.058333333333330182e-03
1.127777777777774857e-03
1.072222222222219204e-03
1.188888888888885598e-03
1.111111111111108074e-03
1.105555555555552336e-03
1.130555555555552618e-03
1.113888888888885835e-03
1.163888888888885750e-03
1.208333333333329925e-03
1.080555555555552487e-03
1.205555555555552164e-03
1.183333333333330076e-03
1.211111111111107686e-03
1.116666666666663379e-03
1.208333333333329925e-03
1.122222222222219118e-03
1.147222222222218967e-03
1.141666666666663662e-03
9.944444444444416800e-04
1.024999999999997267e-03
1.124999999999996879e-03
1.038888888888885855e-03
1.136111111111107923e-03
1.047222222222219355e-03
1.122222222222219118e-03
1.183333333333330076e-03
1.055555555555552638e-03
1.155555555555552250e-03
1.305555555555551559e-03
1.161111111111107555e-03
1.222222222222218730e-03
1.205555555555551947e-03
1.119444444444441357e-03
1.158333333333329794e-03
1.111111111111108291e-03
1.161111111111107555e-03
1.102777777777774575e-03
1.113888888888885835e-03
1.127777777777774640e-03
1.094444444444441292e-03
1.149999999999996511e-03
1.086111111111108226e-03
1.163888888888885750e-03
1.255555555555552295e-03
1.183333333333330076e-03
1.188888888888885815e-03
1.152777777777774489e-03
1.247222222222218579e-03
1.019444444444441746e-03
1.099999999999997031e-03
1.238888888888885296e-03
1.130555555555552184e-03
1.180555555555552315e-03
1.177777777777774555e-03
1.099999999999997031e-03
1.222222222222218730e-03
1.074999999999996965e-03
1.127777777777774640e-03
1.105555555555552552e-03
1.194444444444440903e-03
1.141666666666663445e-03
1.113888888888886052e-03
1.236111111111107535e-03
1.186111111111107837e-03
1.127777777777774640e-03
1.152777777777774706e-03
1.069444444444441443e-03
1.133333333333329945e-03
1.083333333333330465e-03
1.102777777777774791e-03
1.124999999999996879e-03
1.091666666666663748e-03
1.113888888888885835e-03
1.080555555555552704e-03
1.152777777777774489e-03
1.163888888888885750e-03
1.108333333333330313e-03
1.102777777777774791e-03
1.158333333333330011e-03
1.122222222222219118e-03
1.091666666666663748e-03
1.133333333333330379e-03
1.247222222222218579e-03
1.127777777777774640e-03
1.116666666666663813e-03
1.111111111111108074e-03
1.111111111111108074e-03
1.094444444444441509e-03
1.147222222222218967e-03
1.105555555555552336e-03
1.041666666666663833e-03
1.166666666666663511e-03
1.141666666666663228e-03
1.041666666666663833e-03
1.233333333333329774e-03
1.136111111111107706e-03
1.219444444444440969e-03
1.144444444444441206e-03
1.080555555555552704e-03
1.074999999999996965e-03
1.033333333333330334e-03
1.144444444444441206e-03
1.197222222222219098e-03
1.047222222222219138e-03
1.105555555555552552e-03
1.127777777777774423e-03
1.061111111111108160e-03
1.177777777777774555e-03
1.069444444444441226e-03
1.030555555555552789e-03
1.116666666666663596e-03
1.144444444444441206e-03
1.105555555555552336e-03
1.099999999999997031e-03
1.080555555555552704e-03
1.158333333333330011e-03
1.047222222222219355e-03
1.141666666666663228e-03
1.219444444444440969e-03
1.244444444444440818e-03
1.127777777777774640e-03
1.197222222222218881e-03
1.091666666666663531e-03
1.122222222222219118e-03
1.077777777777774943e-03
1.124999999999996879e-03
1.086111111111108226e-03
1.077777777777774943e-03
1.144444444444441423e-03
1.061111111111107943e-03
1.130555555555552401e-03
1.199999999999996642e-03
1.172222222222218816e-03
1.174999999999996794e-03
1.099999999999997031e-03
1.099999999999997031e-03
1.149999999999996728e-03
1.191666666666663143e-03
1.044444444444441377e-03
1.072222222222219204e-03
1.069444444444441443e-03
1.249999999999996340e-03
1.091666666666663748e-03
1.161111111111107772e-03
1.138888888888885467e-03
1.049999999999997116e-03
1.147222222222218750e-03
1.124999999999996879e-03
1.099999999999997031e-03
1.097222222222219270e-03
1.127777777777774640e-03
1.099999999999997031e-03
9.916666666666639190e-04
1.088888888888885770e-03
1.224999999999996274e-03
1.024999999999997267e-03
1.224999999999996491e-03
1.052777777777774877e-03
1.124999999999996879e-03
1.105555555555552552e-03
1.199999999999996642e-03
1.119444444444441357e-03
1.077777777777774943e-03
1.102777777777774575e-03
1.016666666666664201e-03
1.163888888888885316e-03
1.199999999999996642e-03
1.033333333333330767e-03
1.147222222222218967e-03
1.113888888888885835e-03
1.124999999999997096e-03
1.111111111111108074e-03
1.116666666666663596e-03
1.063888888888885921e-03
1.216666666666663208e-03
1.094444444444441509e-03
1.138888888888885684e-03
1.149999999999996728e-03
1.113888888888885619e-03
1.224999999999996491e-03
1.188888888888885598e-03
1.022222222222219290e-03
1.149999999999996728e-03
1.108333333333330097e-03
1.097222222222219270e-03
1.099999999999996814e-03
1.152777777777774489e-03
1.186111111111107837e-03
1.074999999999996748e-03
1.097222222222219270e-03
1.124999999999996879e-03
1.061111111111108160e-03
1.202777777777774403e-03
1.074999999999996965e-03
1.066666666666663682e-03
1.013888888888886007e-03
1.186111111111107837e-03
1.180555555555552315e-03
1.108333333333330097e-03
1.055555555555552638e-03
1.116666666666663813e-03
1.180555555555552315e-03
1.019444444444441529e-03
1.180555555555552532e-03
1.130555555555552618e-03
1.130555555555552401e-03
1.127777777777774640e-03
1.211111111111107686e-03
1.155555555555552250e-03
1.116666666666663596e-03
1.149999999999996511e-03
1.177777777777774555e-03
1.108333333333330313e-03
9.972222222222194409e-04
1.191666666666663359e-03
1.047222222222219355e-03
1.019444444444441746e-03
1.091666666666663748e-03
1.049999999999997116e-03
1.099999999999997031e-03
1.116666666666663596e-03
1.099999999999997031e-03
1.152777777777774706e-03
1.136111111111108140e-03
1.141666666666663445e-03
1.136111111111107923e-03
1.147222222222219184e-03
1.144444444444441206e-03
1.094444444444441292e-03
1.116666666666663596e-03
1.097222222222219270e-03
1.169444444444441272e-03
1.119444444444441357e-03
1.016666666666663985e-03
1.205555555555552164e-03
1.161111111111107772e-03
9.777777777777751141e-04
1.072222222222218987e-03
1.113888888888885619e-03
1.136111111111107923e-03
1.094444444444441725e-03
1.080555555555552704e-03
1.099999999999997031e-03
1.077777777777774943e-03
1.205555555555551947e-03
1.155555555555552467e-03
1.113888888888885619e-03
1.202777777777774403e-03
1.097222222222219486e-03
1.119444444444441357e-03
1.136111111111107923e-03
1.108333333333330313e-03
1.174999999999996577e-03
1.169444444444441272e-03
1.158333333333329794e-03
1.094444444444441509e-03
1.136111111111107923e-03
1.133333333333330162e-03
1.077777777777774943e-03
1.166666666666663511e-03
1.161111111111107555e-03
1.041666666666663833e-03
1.077777777777774943e-03
1.083333333333330248e-03
1.213888888888885447e-03
1.272222222222218427e-03
1.022222222222219506e-03
1.058333333333330399e-03
1.149999999999996728e-03
9.416666666666641131e-04
1.086111111111108226e-03
1.133333333333330162e-03
1.211111111111107686e-03
1.133333333333329945e-03
1.063888888888885921e-03
1.147222222222218750e-03
1.158333333333330011e-03
1.180555555555552315e-03
1.058333333333330399e-03
1.058333333333330182e-03
1.063888888888885704e-03
1.247222222222218579e-03
1.116666666666663596e-03
1.152777777777774489e-03
1.113888888888885619e-03
1.177777777777774555e-03
1.202777777777774403e-03
1.080555555555552704e-03
1.213888888888885447e-03
1.149999999999996728e-03
1.180555555555552315e-03
1.041666666666663833e-03
1.169444444444441272e-03
1.105555555555552552e-03
1.080555555555552487e-03
1.069444444444441443e-03
1.149999999999996728e-03
1.205555555555552164e-03
1.133333333333330162e-03
1.088888888888885770e-03
1.052777777777775094e-03
1.158333333333330011e-03
1.241666666666663274e-03
1.122222222222219118e-03
1.127777777777774640e-03
1.044444444444441594e-03
1.063888888888886138e-03
1.172222222222218816e-03
1.036111111111108311e-03
1.127777777777774640e-03
1.058333333333330182e-03
1.166666666666663511e-03
1.177777777777774555e-03
1.152777777777774272e-03
1.161111111111107772e-03
1.091666666666663748e-03
1.213888888888885447e-03
1.086111111111108226e-03
1.052777777777774660e-03
1.108333333333330097e-03
1.172222222222219033e-03
1.119444444444441357e-03
1.111111111111107858e-03
9.972222222222196578e-04
1.097222222222219270e-03
1.113888888888885835e-03
1.113888888888885835e-03
1.188888888888885598e-03
1.063888888888885921e-03
1.188888888888885815e-03
1.161111111111107772e-03
1.202777777777774403e-03
1.091666666666663748e-03
1.147222222222219184e-03
1.113888888888885835e-03
1.149999999999996728e-03
1.086111111111108226e-03
1.177777777777774555e-03
1.197222222222218881e-03
1.069444444444441443e-03
1.238888888888885296e-03
1.116666666666663379e-03
1.061111111111107943e-03
1.163888888888885750e-03
1.072222222222219204e-03
1.058333333333330399e-03
1.144444444444441423e-03
1.161111111111107772e-03
1.033333333333330334e-03
1.116666666666663379e-03
1.155555555555552033e-03
1.080555555555552704e-03
1.102777777777774791e-03
1.155555555555552250e-03
1.194444444444440903e-03
1.080555555555552704e-03
1.172222222222219033e-03
1.202777777777774186e-03
1.169444444444441272e-03
1.033333333333330550e-03
1.069444444444441226e-03
1.097222222222219270e-03
1.108333333333330313e-03
1.088888888888886203e-03
1.163888888888885750e-03
1.197222222222218881e-03
1.072222222222218987e-03
1.119444444444441140e-03
1.177777777777774555e-03
9.833333333333306361e-04
1.213888888888885447e-03
1.122222222222219118e-03
1.002777777777774963e-03
1.216666666666663208e-03
1.094444444444441509e-03
1.105555555555552336e-03
1.124999999999996662e-03
1.174999999999996794e-03
1.119444444444441357e-03
1.149999999999996728e-03
1.061111111111108160e-03
1.119444444444441357e-03
1.066666666666663682e-03
1.083333333333330248e-03
1.144444444444440989e-03
1.041666666666663833e-03
1.144444444444441206e-03
1.097222222222219270e-03
1.147222222222218967e-03
1.205555555555552164e-03
1.097222222222219270e-03
1.141666666666663445e-03
1.174999999999996577e-03
1.219444444444440969e-03
1.208333333333330142e-03
1.002777777777775180e-03
1.191666666666663143e-03
1.086111111111108226e-03
1.049999999999996899e-03
1.097222222222219270e-03
1.199999999999996642e-03
1.305555555555551776e-03
1.111111111111107858e-03
1.083333333333330465e-03
1.091666666666663748e-03
1.147222222222218967e-03
1.161111111111107555e-03
1.108333333333330313e-03
1.186111111111107837e-03
1.183333333333330076e-03
1.124999999999996879e-03
1.130555555555552401e-03
1.180555555555552315e-03
1.188888888888885598e-03
1.088888888888885987e-03
1.113888888888885835e-03
1.158333333333330228e-03
1.252777777777774534e-03
1.247222222222218579e-03
1.149999999999996945e-03
1.124999999999996879e-03
1.169444444444441272e-03
1.022222222222219506e-03
1.166666666666663294e-03
1.152777777777774489e-03
1.091666666666663748e-03
1.152777777777774489e-03
1.061111111111107943e-03
1.163888888888885966e-03
1.152777777777774489e-03
1.122222222222218901e-03
1.130555555555552401e-03
1.138888888888885684e-03
1.086111111111108226e-03
1.138888888888885684e-03
1.138888888888885684e-03
1.111111111111107858e-03
1.016666666666663768e-03
1.030555555555552789e-03
1.169444444444441272e-03
1.013888888888886224e-03
1.233333333333329774e-03
1.174999999999996794e-03
1.174999999999996794e-03
1.116666666666663596e-03
1.099999999999996814e-03
1.077777777777774943e-03
1.130555555555552401e-03
1.066666666666663682e-03
1.177777777777774555e-03
1.088888888888885987e-03
1.141666666666663445e-03
1.086111111111108226e-03
1.083333333333330465e-03
1.188888888888885598e-03
1.038888888888886072e-03
1.211111111111107686e-03
1.208333333333329925e-03
1.083333333333330465e-03
1.086111111111108009e-03
1.091666666666663748e-03
1.186111111111108054e-03
1.074999999999996965e-03
1.180555555555552532e-03
1.041666666666664050e-03
1.236111111111107535e-03
1.077777777777774943e-03
1.155555555555552250e-03
1.158333333333329794e-03
1.222222222222218730e-03
1.094444444444441509e-03
1.224999999999996491e-03
1.155555555555552250e-03
1.063888888888886138e-03
1.113888888888886052e-03
1.116666666666663379e-03
1.180555555555552315e-03
1.080555555555552704e-03
1.097222222222219270e-03
1.169444444444441272e-03
1.183333333333329860e-03
1.124999999999996879e-03
1.091666666666663531e-03
1.102777777777774575e-03
1.219444444444440969e-03
1.102777777777774575e-03
1.122222222222218901e-03
1.041666666666663833e-03
1.247222222222218579e-03
1.155555555555552250e-03
1.099999999999997031e-03
1.194444444444441120e-03
1.055555555555552855e-03
1.152777777777774489e-03
1.158333333333330011e-03
1.113888888888886052e-03
1.116666666666663379e-03
1.138888888888885684e-03
1.033333333333330550e-03
1.094444444444441292e-03
1.069444444444441226e-03
1.044444444444441594e-03
1.122222222222219118e-03
1.033333333333330550e-03
1.166666666666663511e-03
1.172222222222219033e-03
1.077777777777774943e-03
1.158333333333330011e-03
1.161111111111107989e-03
1.041666666666663833e-03
1.144444444444441206e-03
1.105555555555552769e-03
1.152777777777774489e-03
1.088888888888885987e-03
1.102777777777774575e-03
1.163888888888885316e-03
1.119444444444441357e-03
1.169444444444441055e-03
1.158333333333330011e-03
1.149999999999996728e-03
1.108333333333330097e-03
1.044444444444441377e-03
1.155555555555552250e-03
1.177777777777774338e-03
1.163888888888885750e-03
1.044444444444441377e-03
1.016666666666663768e-03
1.005555555555552941e-03
1.119444444444441357e-03
1.174999999999996794e-03
1.099999999999996814e-03
1.230555555555551796e-03
1.083333333333330465e-03
1.172222222222219033e-03
1.141666666666663228e-03
1.055555555555552421e-03
1.111111111111108291e-03
1.230555555555552013e-03
1.127777777777774640e-03
1.138888888888885467e-03
1.172222222222219033e-03
1.136111111111107923e-03
1.174999999999996577e-03
1.102777777777774791e-03
1.169444444444441055e-03
1.158333333333330011e-03
1.074999999999996965e-03
1.122222222222219118e-03
1.141666666666663445e-03
1.144444444444441206e-03
1.122222222222218901e-03
1.083333333333330465e-03
1.116666666666663596e-03
1.124999999999996879e-03
1.099999999999997247e-03
1.080555555555552487e-03
1.086111111111108009e-03
1.191666666666663359e-03
1.013888888888886224e-03
1.055555555555552638e-03
1.194444444444440903e-03
1.019444444444441746e-03
1.130555555555552401e-03
1.149999999999996728e-03
1.130555555555552401e-03
1.072222222222219204e-03
1.199999999999996642e-03
1.077777777777774509e-03
1.158333333333330011e-03
1.144444444444441206e-03
1.030555555555552789e-03
1.072222222222219204e-03
1.108333333333330313e-03
1.141666666666663445e-03
1.130555555555552401e-03
1.197222222222218881e-03
1.022222222222219290e-03
1.191666666666663576e-03
1.074999999999996748e-03
1.213888888888885447e-03
1.177777777777774555e-03
1.094444444444441509e-03
1.227777777777774252e-03
1.127777777777774423e-03
1.072222222222219204e-03
1.063888888888885921e-03
9.555555555555528095e-04
1.122222222222219118e-03
1.147222222222218967e-03
1.097222222222219270e-03
1.119444444444441357e-03
1.038888888888886072e-03
1.105555555555552552e-03
1.099999999999997031e-03
1.124999999999996879e-03
1.080555555555552704e-03
1.111111111111108074e-03
1.058333333333330399e-03
1.116666666666663379e-03
1.161111111111107772e-03
1.177777777777774555e-03
1.119444444444441357e-03
1.108333333333330313e-03
1.136111111111107923e-03
1.052777777777774660e-03
1.119444444444441357e-03
1.069444444444441443e-03
1.149999999999996945e-03
1.074999999999996965e-03
1.113888888888885835e-03
1.058333333333330399e-03
9.833333333333306361e-04
1.094444444444441509e-03
1.011111111111108463e-03
1.024999999999997051e-03
1.141666666666663445e-03
1.094444444444441292e-03
1.149999999999996728e-03
1.102777777777774791e-03
1.099999999999997031e-03
1.105555555555552552e-03
1.188888888888885382e-03
1.147222222222218967e-03
1.072222222222219204e-03
1.072222222222219204e-03
1.138888888888885467e-03
1.049999999999997116e-03
1.055555555555552421e-03
1.174999999999996794e-03
1.099999999999997031e-03
1.194444444444441120e-03
1.088888888888885770e-03
1.019444444444441746e-03
1.136111111111107923e-03
1.199999999999996642e-03
1.108333333333330313e-03
1.186111111111107837e-03
1.141666666666663445e-03
1.174999999999996794e-03
1.144444444444441206e-03
1.188888888888885598e-03
1.177777777777774555e-03
1.219444444444440969e-03
1.049999999999997116e-03
1.155555555555552250e-03
1.074999999999996965e-03
1.088888888888885987e-03
1.072222222222219204e-03
1.227777777777774252e-03
1.352777777777773929e-03
1.627777777777772916e-03
1.722222222222217006e-03
1.891666666666660859e-03
1.927777777777771751e-03
1.949999999999994273e-03
2.224999999999993476e-03
2.374999999999992568e-03
2.324999999999992871e-03
2.549999999999992377e-03
2.561111111111103421e-03
2.577777777777769987e-03
2.719444444444436230e-03
2.766666666666658166e-03
2.616666666666658640e-03
2.558333333333325660e-03
2.752777777777769361e-03
2.758333333333324883e-03
2.777777777777769210e-03
2.683333333333325337e-03
2.769444444444435927e-03
2.763888888888880405e-03
2.924999999999990975e-03
2.830555555555546669e-03
2.783333333333324732e-03
2.836111111111102191e-03
2.905555555555546648e-03
2.794444444444435776e-03
2.886111111111102322e-03
2.577777777777769987e-03
2.858333333333324712e-03
2.908333333333324409e-03
3.144444444444434959e-03
2.830555555555546669e-03
2.738888888888880557e-03
2.819444444444435625e-03
2.811111111111102342e-03
2.736111111111102796e-03
2.708333333333325186e-03
2.913888888888880365e-03
2.797222222222213537e-03
2.672222222222213860e-03
2.797222222222213537e-03
2.747222222222214273e-03
2.822222222222213386e-03
2.730555555555547274e-03
2.747222222222213839e-03
2.655555555555547727e-03
2.802777777777769059e-03
2.694444444444436381e-03
2.619444444444436401e-03
2.619444444444436401e-03
2.594444444444436552e-03
2.716666666666658469e-03
2.738888888888880990e-03
2.655555555555547294e-03
2.666666666666657904e-03
2.574999999999992226e-03
2.586111111111103270e-03
2.680555555555547576e-03
2.630555555555547445e-03
2.611111111111103118e-03
2.486111111111103441e-03
2.702777777777769664e-03
2.716666666666658469e-03
2.669444444444436532e-03
2.411111111111103895e-03
2.541666666666659094e-03
2.558333333333325660e-03
2.619444444444436401e-03
2.616666666666658640e-03
2.638888888888880728e-03
2.477777777777770158e-03
2.513888888888881484e-03
2.580555555555547748e-03
2.558333333333325660e-03
2.411111111111104328e-03
2.708333333333325620e-03
2.641666666666658489e-03
2.397222222222215090e-03
2.441666666666659265e-03
2.399999999999993285e-03
2.661111111111102816e-03
2.558333333333326094e-03
2.391666666666659568e-03
2.327777777777770632e-03
2.549999999999992377e-03
2.511111111111103723e-03
2.416666666666659417e-03
2.486111111111103441e-03
2.433333333333325983e-03
2.536111111111103572e-03
2.605555555555547596e-03
2.466666666666659114e-03
2.563888888888881182e-03
2.247222222222215564e-03
2.516666666666659245e-03
2.566666666666658943e-03
2.427777777777770461e-03
2.522222222222214767e-03
2.536111111111103572e-03
2.233333333333326325e-03
2.486111111111103441e-03
2.474999999999992397e-03
2.363888888888881958e-03
2.313888888888881827e-03
2.488888888888881202e-03
2.474999999999992397e-03
2.524999999999992095e-03
2.480555555555547919e-03
2.388888888888881807e-03
2.361111111111104197e-03
2.505555555555548201e-03
2.383333333333326285e-03
2.347222222222215392e-03
2.349999999999992720e-03
2.430555555555548222e-03
2.369444444444437480e-03
2.411111111111103895e-03
2.288888888888881978e-03
2.338888888888882110e-03
2.249999999999992891e-03
2.283333333333326890e-03
2.374999999999993002e-03
2.361111111111104197e-03
2.461111111111103592e-03
2.302777777777770783e-03
2.386111111111104046e-03
2.461111111111103592e-03
2.333333333333326588e-03
2.252777777777770652e-03
2.391666666666659568e-03
2.302777777777770783e-03
2.297222222222215261e-03
2.380555555555548524e-03
2.383333333333326285e-03
2.349999999999993153e-03
2.413888888888882089e-03
2.377777777777770329e-03
2.480555555555547919e-03
2.299999999999993456e-03
2.347222222222215392e-03
2.227777777777771237e-03
2.336111111111104349e-03
2.302777777777770783e-03
2.372222222222215241e-03
2.316666666666659588e-03
2.436111111111103743e-03
2.502777777777770007e-03
2.213888888888881998e-03
2.388888888888881807e-03
2.327777777777770198e-03
2.277777777777770934e-03
2.302777777777770783e-03
2.172222222222216018e-03
2.311111111111104066e-03
2.186111111111104822e-03
2.336111111111104349e-03
2.213888888888881998e-03
2.263888888888882130e-03
2.272222222222215413e-03
2.413888888888881656e-03
2.358333333333326436e-03
2.316666666666659588e-03
2.316666666666659588e-03
2.363888888888881958e-03
2.161111111111104106e-03
2.322222222222215110e-03
2.413888888888881656e-03
2.247222222222215564e-03
2.324999999999992871e-03
2.244444444444437369e-03
2.352777777777770914e-03
2.272222222222215413e-03
2.127777777777770975e-03
2.441666666666659265e-03
2.261111111111104369e-03
2.352777777777770914e-03
2.183333333333327061e-03
2.280555555555548695e-03
2.216666666666659759e-03
2.263888888888882130e-03
2.222222222222215715e-03
2.255555555555548847e-03
2.258333333333326608e-03
2.336111111111104349e-03
2.205555555555549149e-03
2.336111111111104349e-03
2.216666666666660193e-03
2.286111111111104217e-03
2.319444444444437349e-03
2.266666666666659891e-03
2.186111111111104822e-03
2.338888888888882110e-03
2.186111111111104822e-03
2.205555555555549149e-03
2.169444444444438257e-03
2.152777777777771257e-03
2.313888888888881827e-03
2.077777777777771711e-03
2.291666666666659739e-03
2.061111111111104711e-03
2.230555555555548998e-03
2.274999999999993174e-03
2.183333333333327061e-03
2.241666666666660042e-03
2.213888888888882432e-03
2.055555555555549623e-03
2.244444444444437803e-03
2.136111111111104691e-03
2.141666666666660213e-03
2.194444444444438105e-03
2.174999999999994212e-03
2.208333333333326910e-03
2.161111111111104974e-03
2.213888888888882432e-03
2.266666666666659891e-03
2.102777777777771560e-03
2.277777777777770934e-03
2.299999999999993022e-03
2.111111111111104409e-03
2.383333333333326285e-03
2.013888888888883209e-03
2.116666666666659931e-03
2.149999999999993496e-03
2.097222222222216038e-03
2.183333333333326628e-03
2.113888888888882604e-03
2.116666666666660365e-03
2.030555555555549341e-03
2.133333333333326497e-03
2.108333333333326648e-03
2.030555555555549341e-03
2.097222222222215604e-03
2.208333333333326910e-03
2.161111111111104974e-03
2.177777777777771540e-03
2.194444444444438105e-03
2.144444444444437974e-03
2.130555555555549169e-03
2.022222222222216492e-03
2.027777777777772013e-03
2.138888888888882452e-03
2.049999999999994101e-03
2.133333333333326930e-03
2.227777777777771237e-03
2.297222222222215261e-03
2.080555555555549472e-03
2.094444444444438277e-03
2.186111111111104822e-03
2.166666666666660496e-03
2.013888888888883209e-03
2.080555555555549472e-03
2.008333333333327687e-03
2.177777777777771540e-03
2.069444444444438428e-03
2.036111111111105296e-03
2.222222222222215715e-03
1.936111111111105034e-03
2.116666666666660365e-03
2.102777777777771560e-03
2.011111111111105448e-03
2.072222222222216189e-03
2.227777777777771237e-03
2.063888888888882906e-03
2.088888888888882755e-03
2.058333333333326950e-03
2.061111111111105145e-03
1.955555555555549361e-03
2.033333333333327535e-03
2.027777777777772013e-03
2.127777777777771408e-03
1.980555555555549210e-03
2.030555555555549774e-03
2.063888888888882906e-03
2.052777777777771429e-03
2.027777777777772013e-03
1.963888888888883077e-03
2.069444444444437994e-03
2.047222222222216340e-03
2.138888888888882452e-03
2.052777777777771862e-03
2.080555555555549472e-03
2.061111111111105145e-03
2.052777777777771862e-03
2.152777777777771257e-03
2.174999999999993779e-03
2.124999999999993647e-03
2.149999999999993496e-03
1.977777777777771449e-03
2.058333333333326950e-03
1.961111111111104883e-03
2.027777777777772013e-03
2.061111111111105145e-03
2.030555555555549774e-03
1.994444444444438448e-03
1.941666666666660556e-03
1.847222222222216683e-03
2.047222222222215907e-03
2.033333333333327535e-03
1.999999999999993970e-03
2.002777777777772165e-03
1.958333333333327556e-03
2.077777777777771711e-03
1.955555555555549795e-03
1.969444444444438599e-03
2.027777777777772013e-03
2.027777777777772013e-03
1.969444444444438599e-03
1.905555555555549880e-03
1.988888888888882926e-03
1.983333333333327404e-03
1.977777777777771882e-03
2.116666666666659931e-03
1.930555555555549946e-03
1.922222222222216446e-03
2.063888888888882906e-03
2.030555555555549774e-03
2.005555555555549926e-03
1.986111111111105165e-03
2.036111111111105296e-03
1.908333333333327641e-03
2.036111111111105296e-03
2.008333333333327253e-03
2.113888888888882604e-03
1.894444444444438836e-03
2.147222222222215735e-03
2.013888888888882775e-03
1.991666666666660687e-03
1.930555555555549729e-03
1.997222222222216209e-03
1.861111111111105488e-03
2.127777777777770975e-03
1.997222222222216209e-03
1.833333333333327878e-03
1.947222222222216512e-03
1.874999999999994293e-03
1.947222222222216295e-03
1.930555555555549729e-03
1.911111111111105402e-03
1.891666666666660859e-03
1.944444444444438751e-03
1.811111111111105790e-03
1.883333333333328009e-03
2.013888888888883209e-03
2.022222222222216492e-03
1.813888888888883335e-03
1.902777777777771902e-03
1.888888888888883098e-03
1.880555555555549815e-03
1.880555555555550032e-03
1.955555555555549795e-03
1.911111111111105402e-03
1.852777777777772205e-03
1.799999999999994530e-03
1.988888888888882926e-03
1.855555555555550400e-03
1.752777777777772376e-03
1.886111111111105337e-03
1.841666666666660944e-03
1.897222222222216597e-03
1.847222222222216683e-03
1.833333333333327661e-03
1.858333333333328161e-03
1.994444444444438448e-03
1.852777777777771988e-03
1.924999999999994207e-03
1.894444444444438836e-03
1.780555555555550203e-03
1.799999999999994747e-03
1.952777777777772034e-03
1.872222222222216749e-03
1.916666666666660924e-03
1.888888888888883314e-03
1.919444444444438685e-03
1.827777777777772139e-03
1.874999999999994293e-03
1.980555555555549210e-03
1.924999999999994207e-03
1.908333333333327424e-03
1.844444444444438705e-03
1.916666666666660924e-03
1.888888888888883314e-03
1.911111111111105185e-03
1.833333333333327878e-03
1.974999999999994121e-03
1.883333333333327793e-03
1.777777777777772659e-03
1.869444444444438988e-03
1.819444444444438857e-03
1.899999999999994141e-03
1.894444444444438836e-03
1.838888888888883400e-03
1.783333333333328181e-03
1.847222222222216683e-03
1.772222222222216920e-03
1.777777777777772659e-03
1.852777777777771988e-03
1.922222222222216446e-03
1.836111111111105639e-03
1.916666666666660924e-03
1.908333333333327641e-03
1.838888888888883400e-03
1.741666666666661333e-03
1.897222222222216597e-03
1.819444444444439073e-03
1.755555555555550354e-03
1.772222222222217137e-03
1.813888888888883335e-03
1.711111111111106179e-03
1.888888888888883314e-03
1.963888888888883077e-03
1.783333333333328181e-03
1.872222222222216749e-03
1.816666666666661096e-03
1.788888888888883703e-03
1.636111111111106416e-03
1.694444444444439396e-03
1.808333333333327813e-03
1.919444444444438468e-03
1.799999999999994747e-03
1.886111111111105553e-03
1.733333333333328483e-03
1.899999999999994575e-03
1.819444444444438857e-03
1.724999999999994984e-03
1.786111111111105942e-03
1.797222222222216986e-03
1.738888888888883572e-03
1.755555555555549921e-03
1.838888888888883617e-03
1.786111111111105942e-03
1.897222222222216597e-03
1.749999999999994832e-03
1.861111111111105705e-03
1.827777777777772356e-03
1.744444444444439093e-03
1.708333333333328418e-03
1.813888888888883551e-03
1.791666666666661464e-03
1.844444444444438922e-03
1.783333333333328181e-03
1.913888888888882946e-03
1.761111111111105876e-03
1.797222222222216986e-03
1.808333333333328029e-03
1.858333333333327944e-03
1.766666666666661615e-03
1.641666666666661721e-03
1.802777777777772291e-03
1.683333333333328786e-03
1.772222222222217137e-03
1.774999999999995115e-03
1.788888888888883703e-03
1.661111111111106048e-03
1.847222222222216466e-03
1.794444444444439008e-03
1.772222222222217137e-03
1.733333333333328266e-03
1.788888888888883486e-03
1.772222222222216920e-03
1.661111111111106048e-03
1.852777777777772205e-03
1.847222222222216466e-03
1.863888888888883249e-03
1.752777777777772376e-03
1.780555555555550420e-03
1.736111111111105811e-03
1.838888888888883400e-03
1.730555555555550289e-03
1.805555555555550269e-03
1.797222222222216986e-03
1.711111111111106179e-03
1.741666666666661333e-03
1.711111111111105962e-03
1.769444444444439376e-03
1.733333333333328266e-03
1.730555555555550505e-03
1.605555555555551045e-03
1.649999999999995220e-03
1.722222222222217006e-03
1.627777777777773133e-03
1.794444444444439008e-03
1.788888888888883703e-03
1.708333333333328201e-03
1.713888888888883940e-03
1.697222222222217157e-03
1.686111111111106330e-03
1.772222222222217137e-03
1.788888888888883486e-03
1.791666666666661464e-03
1.544444444444439870e-03
1.738888888888883788e-03
1.788888888888883703e-03
1.755555555555550354e-03
1.841666666666661161e-03
1.719444444444439245e-03
1.822222222222216617e-03
1.716666666666661484e-03
