5.583333333333320150e-04
6.972222222222202804e-04
6.583333333333316268e-04
7.166666666666648240e-04
6.694444444444427791e-04
8.805555555555530465e-04
8.361111111111089794e-04
8.944444444444420682e-04
9.194444444444418085e-04
9.249999999999973304e-04
9.555555555555529179e-04
9.833333333333306361e-04
1.002777777777775180e-03
9.833333333333306361e-04
9.972222222222196578e-04
1.072222222222219204e-03
1.097222222222219270e-03
1.113888888888885835e-03
1.197222222222218881e-03
1.061111111111107943e-03
1.091666666666663748e-03
1.097222222222219053e-03
1.119444444444441357e-03
1.208333333333329708e-03
1.111111111111108074e-03
1.069444444444441443e-03
1.213888888888885664e-03
1.155555555555552467e-03
1.044444444444441377e-03
1.088888888888885987e-03
1.061111111111107943e-03
1.211111111111107469e-03
1.174999999999997010e-03
1.224999999999996491e-03
1.099999999999997031e-03
1.180555555555552315e-03
1.036111111111108095e-03
1.124999999999996879e-03
9.999999999999972019e-04
1.138888888888885901e-03
1.152777777777774272e-03
1.080555555555552704e-03
1.094444444444441509e-03
1.102777777777774791e-03
1.097222222222219270e-03
1.111111111111108074e-03
1.174999999999997010e-03
1.063888888888885921e-03
1.130555555555552401e-03
1.122222222222219118e-03
1.149999999999996728e-03
1.119444444444441357e-03
1.183333333333330293e-03
1.097222222222219270e-03
1.072222222222219204e-03
1.194444444444441337e-03
1.174999999999996794e-03
1.044444444444441594e-03
1.133333333333330162e-03
1.213888888888885230e-03
9.749999999999972447e-04
1.063888888888885921e-03
1.119444444444441357e-03
1.097222222222219270e-03
1.194444444444441120e-03
1.069444444444441226e-03
1.105555555555552552e-03
1.083333333333330465e-03
1.116666666666663596e-03
1.205555555555552164e-03
1.233333333333329774e-03
1.061111111111108377e-03
1.074999999999996965e-03
1.091666666666663748e-03
1.149999999999996728e-03
1.194444444444441120e-03
1.102777777777774791e-03
1.074999999999996965e-03
1.169444444444441272e-03
9.916666666666637021e-04
1.141666666666663445e-03
1.172222222222219033e-03
1.183333333333330076e-03
1.016666666666663985e-03
1.136111111111107923e-03
1.149999999999996728e-03
1.138888888888885684e-03
1.033333333333330550e-03
1.124999999999996662e-03
1.169444444444441055e-03
1.008333333333330485e-03
1.166666666666663511e-03
1.005555555555552941e-03
1.041666666666663833e-03
1.049999999999997116e-03
1.230555555555552013e-03
1.077777777777774943e-03
1.094444444444441509e-03
1.130555555555552401e-03
1.144444444444441206e-03
1.169444444444441272e-03
1.077777777777774943e-03
1.291666666666663188e-03
1.169444444444441055e-03
1.072222222222218987e-03
1.116666666666663596e-03
1.141666666666663445e-03
1.238888888888885296e-03
1.102777777777774791e-03
1.099999999999996814e-03
1.088888888888885770e-03
9.777777777777751141e-04
1.158333333333330011e-03
1.116666666666663596e-03
1.102777777777774791e-03
1.094444444444441292e-03
1.180555555555552099e-03
1.208333333333329925e-03
1.027777777777775028e-03
1.074999999999996748e-03
1.061111111111108160e-03
1.111111111111108074e-03
1.169444444444441272e-03
1.194444444444441120e-03
1.130555555555552401e-03
1.111111111111108074e-03
9.944444444444416800e-04
1.047222222222219355e-03
1.149999999999996728e-03
1.072222222222219204e-03
1.097222222222219270e-03
1.224999999999996708e-03
1.124999999999996879e-03
1.227777777777774252e-03
1.230555555555551796e-03
1.074999999999996965e-03
1.116666666666663596e-03
1.055555555555552421e-03
1.124999999999996879e-03
1.008333333333330702e-03
1.205555555555552164e-03
1.169444444444441272e-03
1.022222222222219506e-03
1.205555555555552381e-03
1.108333333333330313e-03
1.088888888888885987e-03
1.111111111111108074e-03
1.116666666666663596e-03
1.044444444444441594e-03
1.033333333333330550e-03
1.091666666666663748e-03
1.155555555555552250e-03
9.999999999999974187e-04
1.124999999999996662e-03
1.172222222222219033e-03
1.127777777777774640e-03
1.072222222222218987e-03
1.186111111111107621e-03
1.091666666666663748e-03
1.161111111111107555e-03
1.036111111111108311e-03
1.163888888888885750e-03
1.152777777777774706e-03
1.174999999999996794e-03
1.108333333333330313e-03
1.188888888888885598e-03
1.147222222222218967e-03
1.011111111111108463e-03
1.197222222222218881e-03
1.194444444444441120e-03
1.183333333333330076e-03
1.177777777777774555e-03
1.155555555555552033e-03
9.888888888888859412e-04
1.016666666666663985e-03
1.202777777777774186e-03
1.191666666666663359e-03
1.094444444444441509e-03
1.149999999999996945e-03
1.061111111111107943e-03
1.122222222222219118e-03
1.066666666666663899e-03
1.091666666666663748e-03
1.061111111111108160e-03
1.180555555555552099e-03
1.122222222222219118e-03
1.130555555555552401e-03
1.180555555555552315e-03
1.122222222222219118e-03
1.061111111111108160e-03
1.080555555555552921e-03
1.188888888888885598e-03
1.072222222222219204e-03
1.099999999999997031e-03
1.219444444444440969e-03
1.074999999999996965e-03
1.172222222222218816e-03
1.197222222222218881e-03
1.180555555555552315e-03
1.136111111111107923e-03
1.055555555555552638e-03
1.116666666666663596e-03
1.124999999999996879e-03
1.149999999999996728e-03
1.122222222222219118e-03
1.083333333333330465e-03
1.124999999999996662e-03
1.169444444444441055e-03
1.138888888888885684e-03
1.105555555555552552e-03
1.294444444444440732e-03
1.094444444444441509e-03
1.083333333333330248e-03
1.216666666666663208e-03
1.069444444444441443e-03
1.091666666666663748e-03
1.049999999999997116e-03
1.097222222222219053e-03
1.169444444444441272e-03
1.166666666666663511e-03
1.158333333333329794e-03
1.099999999999997031e-03
1.294444444444440732e-03
1.155555555555552250e-03
1.177777777777774555e-03
1.072222222222219204e-03
1.099999999999997031e-03
1.036111111111108311e-03
1.080555555555552487e-03
1.219444444444440969e-03
1.080555555555552704e-03
1.136111111111107923e-03
1.224999999999996491e-03
1.063888888888885921e-03
1.088888888888885987e-03
1.027777777777775028e-03
1.058333333333330399e-03
1.105555555555552336e-03
1.113888888888885835e-03
1.122222222222219118e-03
1.074999999999996965e-03
1.138888888888885467e-03
1.230555555555552013e-03
1.141666666666663228e-03
1.174999999999996794e-03
1.052777777777774877e-03
1.163888888888885316e-03
9.999999999999972019e-04
1.069444444444441443e-03
1.219444444444440969e-03
1.052777777777774877e-03
1.191666666666663359e-03
1.102777777777774575e-03
1.174999999999996794e-03
1.133333333333329945e-03
1.197222222222218881e-03
1.094444444444441509e-03
1.152777777777774489e-03
1.055555555555552638e-03
1.099999999999997031e-03
1.133333333333330162e-03
1.172222222222218816e-03
1.216666666666663208e-03
1.188888888888885382e-03
1.091666666666663531e-03
1.144444444444441206e-03
1.063888888888885921e-03
1.116666666666663596e-03
1.088888888888886203e-03
1.113888888888885835e-03
1.091666666666663748e-03
1.194444444444441120e-03
1.127777777777774640e-03
1.122222222222218901e-03
1.166666666666663294e-03
1.102777777777774791e-03
1.122222222222219118e-03
1.102777777777774575e-03
1.094444444444441509e-03
1.069444444444441443e-03
1.197222222222218881e-03
1.199999999999996642e-03
1.102777777777774791e-03
1.199999999999996425e-03
1.005555555555552724e-03
1.163888888888885316e-03
1.105555555555552336e-03
1.072222222222219204e-03
1.249999999999996123e-03
1.094444444444441509e-03
1.086111111111108226e-03
1.052777777777774660e-03
1.116666666666663596e-03
1.169444444444441272e-03
1.141666666666663445e-03
1.194444444444441120e-03
1.058333333333330182e-03
1.108333333333330313e-03
1.163888888888885750e-03
1.097222222222219053e-03
1.124999999999996879e-03
1.236111111111107535e-03
1.163888888888885750e-03
1.049999999999997116e-03
1.061111111111108160e-03
1.069444444444441226e-03
1.055555555555552638e-03
1.213888888888885447e-03
1.077777777777774509e-03
1.086111111111108226e-03
1.086111111111108226e-03
1.119444444444441574e-03
1.080555555555552704e-03
1.147222222222218967e-03
1.113888888888885835e-03
1.074999999999996965e-03
1.097222222222219270e-03
1.063888888888885921e-03
1.199999999999996642e-03
1.180555555555552315e-03
1.183333333333330076e-03
1.222222222222218730e-03
1.041666666666663833e-03
1.161111111111107772e-03
1.063888888888885921e-03
1.133333333333330162e-03
1.013888888888886224e-03
1.219444444444440969e-03
1.049999999999996899e-03
1.191666666666663143e-03
1.102777777777774791e-03
1.152777777777774489e-03
1.113888888888885619e-03
1.055555555555552638e-03
1.094444444444441509e-03
1.186111111111107837e-03
1.077777777777774943e-03
1.138888888888885684e-03
1.074999999999996965e-03
1.086111111111108009e-03
1.102777777777774575e-03
1.141666666666663445e-03
1.188888888888885382e-03
1.102777777777774791e-03
1.024999999999997267e-03
1.202777777777774620e-03
1.152777777777774489e-03
1.111111111111108074e-03
1.083333333333330465e-03
1.211111111111107686e-03
1.099999999999997031e-03
1.116666666666663596e-03
1.199999999999996642e-03
1.141666666666663445e-03
1.008333333333330702e-03
1.183333333333330076e-03
1.088888888888885987e-03
1.161111111111107772e-03
1.133333333333330162e-03
1.174999999999997010e-03
1.122222222222218901e-03
1.161111111111107555e-03
1.205555555555552164e-03
1.058333333333330399e-03
1.111111111111108074e-03
1.127777777777774640e-03
1.213888888888885447e-03
1.188888888888885598e-03
1.149999999999996728e-03
1.161111111111107772e-03
1.144444444444441206e-03
1.119444444444441140e-03
1.130555555555552401e-03
1.205555555555551947e-03
1.069444444444441443e-03
1.097222222222219270e-03
1.119444444444441357e-03
1.094444444444441509e-03
1.111111111111107858e-03
1.047222222222219355e-03
1.133333333333330162e-03
1.102777777777774791e-03
1.077777777777774509e-03
1.069444444444441443e-03
1.063888888888885921e-03
1.136111111111107923e-03
1.136111111111107923e-03
1.094444444444441509e-03
1.133333333333330162e-03
1.044444444444441594e-03
1.116666666666663813e-03
1.119444444444441357e-03
1.099999999999997031e-03
1.188888888888885598e-03
1.138888888888885467e-03
1.058333333333330399e-03
1.041666666666663616e-03
1.202777777777774403e-03
1.099999999999996814e-03
1.133333333333329945e-03
1.161111111111107772e-03
1.055555555555552638e-03
1.086111111111108226e-03
1.049999999999996899e-03
1.124999999999996662e-03
1.088888888888885987e-03
1.063888888888885704e-03
1.080555555555552704e-03
1.169444444444441272e-03
1.155555555555552250e-03
1.105555555555552552e-03
1.130555555555552401e-03
1.077777777777774509e-03
1.194444444444441120e-03
1.063888888888885704e-03
1.130555555555552401e-03
1.069444444444441443e-03
1.083333333333330465e-03
1.122222222222219118e-03
1.069444444444441660e-03
1.116666666666663379e-03
1.199999999999996642e-03
1.113888888888886052e-03
1.163888888888885750e-03
1.138888888888885684e-03
1.199999999999996859e-03
1.163888888888885966e-03
1.052777777777774877e-03
1.069444444444441443e-03
1.252777777777774318e-03
1.127777777777774640e-03
1.152777777777774489e-03
1.169444444444441272e-03
1.077777777777774943e-03
1.077777777777774943e-03
1.069444444444441443e-03
1.138888888888885901e-03
1.108333333333330313e-03
1.069444444444441443e-03
1.166666666666663511e-03
1.149999999999996728e-03
1.116666666666663379e-03
1.091666666666663748e-03
1.130555555555552401e-03
1.199999999999996425e-03
1.088888888888885987e-03
1.224999999999996491e-03
1.105555555555552336e-03
1.177777777777774555e-03
1.091666666666663748e-03
1.074999999999996965e-03
1.058333333333330182e-03
1.133333333333330162e-03
1.152777777777774489e-03
1.141666666666663662e-03
1.141666666666663445e-03
1.097222222222219270e-03
1.124999999999996879e-03
1.091666666666663748e-03
1.094444444444441509e-03
1.180555555555552315e-03
1.166666666666663511e-03
1.161111111111107772e-03
1.191666666666663359e-03
1.069444444444441443e-03
1.061111111111108160e-03
1.136111111111108140e-03
1.174999999999996794e-03
1.119444444444441357e-03
1.144444444444441206e-03
1.194444444444441120e-03
1.088888888888886203e-03
1.180555555555552315e-03
1.099999999999997031e-03
1.044444444444441594e-03
1.080555555555552704e-03
1.099999999999997031e-03
1.113888888888885835e-03
1.083333333333330465e-03
1.105555555555552552e-03
1.111111111111108074e-03
1.186111111111107837e-03
1.174999999999996794e-03
1.211111111111107686e-03
1.152777777777774272e-03
1.091666666666663748e-03
1.044444444444441377e-03
1.083333333333330465e-03
1.105555555555552552e-03
1.177777777777774555e-03
1.177777777777774555e-03
1.158333333333330011e-03
1.102777777777774575e-03
1.133333333333330162e-03
1.097222222222219270e-03
1.122222222222219118e-03
1.080555555555552704e-03
1.180555555555552532e-03
1.105555555555552552e-03
1.211111111111107686e-03
1.061111111111108160e-03
1.144444444444441206e-03
1.072222222222219421e-03
1.186111111111107837e-03
1.116666666666663596e-03
1.188888888888885598e-03
1.152777777777774489e-03
1.122222222222219118e-03
1.105555555555552552e-03
1.086111111111108226e-03
1.105555555555552552e-03
1.080555555555552487e-03
1.158333333333330011e-03
1.088888888888885987e-03
1.091666666666663748e-03
1.066666666666663682e-03
1.130555555555552401e-03
1.016666666666663985e-03
1.102777777777774575e-03
1.205555555555551947e-03
1.086111111111108226e-03
1.136111111111107923e-03
1.113888888888885835e-03
1.127777777777774640e-03
1.147222222222218967e-03
1.188888888888885598e-03
1.005555555555552724e-03
1.158333333333330011e-03
1.063888888888885921e-03
1.124999999999996662e-03
1.041666666666663616e-03
1.147222222222218967e-03
1.147222222222219184e-03
1.158333333333330011e-03
1.077777777777774943e-03
1.041666666666664050e-03
1.158333333333330011e-03
1.202777777777774403e-03
1.061111111111108160e-03
1.194444444444441120e-03
1.211111111111107686e-03
1.163888888888885750e-03
1.061111111111108160e-03
1.077777777777774943e-03
1.136111111111107923e-03
1.199999999999996642e-03
1.088888888888885987e-03
1.047222222222219355e-03
1.136111111111107923e-03
1.086111111111108442e-03
1.147222222222218967e-03
1.144444444444441206e-03
1.197222222222218881e-03
1.138888888888885684e-03
1.199999999999996859e-03
1.216666666666663208e-03
1.155555555555552250e-03
1.063888888888885921e-03
1.172222222222218816e-03
1.177777777777774555e-03
1.083333333333330465e-03
1.111111111111108074e-03
1.122222222222219118e-03
1.149999999999996728e-03
1.130555555555552401e-03
1.174999999999996794e-03
1.169444444444441272e-03
1.047222222222219355e-03
1.105555555555552552e-03
1.113888888888885835e-03
1.088888888888885987e-03
1.172222222222219033e-03
1.094444444444441509e-03
1.074999999999996965e-03
1.152777777777774489e-03
1.141666666666663445e-03
1.116666666666663379e-03
1.086111111111108226e-03
1.124999999999996662e-03
1.027777777777775028e-03
1.163888888888885750e-03
1.130555555555552401e-03
1.105555555555552552e-03
1.080555555555552704e-03
1.094444444444441509e-03
1.008333333333330702e-03
1.069444444444441443e-03
1.086111111111108442e-03
1.116666666666663596e-03
1.169444444444441272e-03
1.072222222222219204e-03
1.061111111111108160e-03
1.127777777777774640e-03
1.147222222222218967e-03
1.069444444444441443e-03
1.016666666666663985e-03
1.211111111111107686e-03
1.119444444444441357e-03
1.219444444444440969e-03
1.105555555555552552e-03
1.088888888888885770e-03
1.099999999999997031e-03
9.722222222222195922e-04
1.113888888888885835e-03
1.208333333333329925e-03
1.188888888888885598e-03
1.227777777777774469e-03
1.097222222222219270e-03
1.099999999999997247e-03
1.127777777777774640e-03
1.119444444444441357e-03
1.183333333333330076e-03
1.105555555555552552e-03
1.030555555555552789e-03
1.166666666666663511e-03
1.155555555555552250e-03
1.252777777777774318e-03
1.149999999999996945e-03
1.174999999999996794e-03
1.186111111111107837e-03
1.055555555555552638e-03
1.247222222222218579e-03
1.197222222222218881e-03
1.127777777777774640e-03
1.147222222222218967e-03
1.083333333333330465e-03
1.097222222222219270e-03
1.124999999999996662e-03
1.094444444444441509e-03
1.077777777777774509e-03
1.152777777777774489e-03
1.113888888888885835e-03
1.222222222222218730e-03
1.155555555555552250e-03
1.086111111111108226e-03
1.172222222222219033e-03
1.122222222222218901e-03
1.002777777777775180e-03
1.111111111111108074e-03
1.199999999999996642e-03
1.044444444444441594e-03
1.094444444444441509e-03
1.088888888888885987e-03
1.077777777777774943e-03
1.158333333333330011e-03
1.136111111111107923e-03
1.044444444444441594e-03
9.916666666666641358e-04
1.197222222222218881e-03
1.199999999999996859e-03
1.130555555555552401e-03
1.147222222222218967e-03
1.202777777777774403e-03
1.127777777777774640e-03
1.088888888888885987e-03
1.177777777777774555e-03
1.213888888888885447e-03
1.099999999999997031e-03
1.113888888888885835e-03
1.177777777777774555e-03
1.088888888888885987e-03
1.186111111111107837e-03
1.127777777777774640e-03
9.999999999999972019e-04
1.138888888888885684e-03
1.213888888888885447e-03
1.069444444444441226e-03
1.205555555555552164e-03
1.130555555555552184e-03
1.061111111111108160e-03
1.063888888888885704e-03
1.188888888888885598e-03
1.199999999999996642e-03
1.063888888888885921e-03
1.197222222222218881e-03
1.197222222222218881e-03
1.141666666666663445e-03
1.169444444444441272e-03
1.197222222222218881e-03
1.186111111111107837e-03
1.047222222222219138e-03
1.213888888888885230e-03
1.163888888888885750e-03
1.108333333333330313e-03
1.183333333333330076e-03
1.172222222222218816e-03
1.149999999999996728e-03
1.144444444444440989e-03
1.244444444444440818e-03
1.158333333333330228e-03
1.113888888888885835e-03
1.063888888888885921e-03
1.194444444444441120e-03
1.138888888888885467e-03
1.124999999999996879e-03
1.122222222222218901e-03
1.008333333333330702e-03
1.077777777777774943e-03
1.202777777777774620e-03
1.255555555555552079e-03
1.024999999999997267e-03
1.052777777777774660e-03
1.044444444444441594e-03
1.119444444444441357e-03
1.091666666666663748e-03
1.066666666666663682e-03
1.219444444444440969e-03
1.261111111111107600e-03
1.233333333333329774e-03
1.130555555555552618e-03
1.199999999999996859e-03
1.077777777777774943e-03
1.180555555555552099e-03
1.138888888888885684e-03
1.149999999999996728e-03
1.272222222222218427e-03
1.061111111111108160e-03
1.086111111111108226e-03
1.127777777777774640e-03
1.005555555555552941e-03
1.136111111111107923e-03
1.141666666666663445e-03
1.122222222222219118e-03
1.224999999999996491e-03
1.199999999999996642e-03
1.116666666666663813e-03
1.077777777777774509e-03
1.094444444444441509e-03
1.138888888888885467e-03
1.077777777777774943e-03
1.036111111111108311e-03
1.122222222222218901e-03
1.077777777777774943e-03
1.072222222222219204e-03
1.141666666666663445e-03
1.138888888888885467e-03
1.052777777777774660e-03
1.163888888888885750e-03
1.141666666666663445e-03
1.127777777777774423e-03
1.055555555555552638e-03
1.102777777777774791e-03
1.083333333333330465e-03
1.236111111111107535e-03
1.119444444444441357e-03
1.088888888888885987e-03
1.105555555555552552e-03
1.174999999999996794e-03
1.047222222222219355e-03
1.077777777777774509e-03
1.174999999999996794e-03
1.063888888888885921e-03
1.124999999999996879e-03
1.116666666666663596e-03
1.105555555555552552e-03
1.124999999999997096e-03
1.055555555555552638e-03
1.113888888888885835e-03
1.094444444444441509e-03
1.183333333333330076e-03
1.136111111111107923e-03
1.155555555555552033e-03
1.199999999999996642e-03
1.147222222222218967e-03
1.122222222222219118e-03
1.147222222222218967e-03
1.049999999999997116e-03
1.127777777777774640e-03
1.188888888888885598e-03
1.097222222222219270e-03
1.122222222222219118e-03
1.183333333333329860e-03
1.152777777777774489e-03
1.163888888888885750e-03
1.136111111111107923e-03
1.091666666666663748e-03
1.183333333333329860e-03
1.138888888888885901e-03
1.058333333333330399e-03
1.072222222222219204e-03
1.149999999999996728e-03
1.163888888888885316e-03
1.127777777777774640e-03
1.155555555555552250e-03
1.091666666666663531e-03
1.163888888888885750e-03
1.169444444444441272e-03
1.211111111111107686e-03
1.116666666666663379e-03
1.183333333333329860e-03
1.080555555555552704e-03
1.208333333333329925e-03
1.130555555555552401e-03
1.119444444444441357e-03
1.127777777777774640e-03
1.313888888888885276e-03
1.144444444444441206e-03
1.236111111111107535e-03
1.161111111111107772e-03
1.119444444444441357e-03
1.055555555555552638e-03
1.041666666666663616e-03
1.052777777777774877e-03
1.011111111111108246e-03
1.124999999999996662e-03
1.044444444444441594e-03
1.138888888888885684e-03
1.058333333333330182e-03
1.188888888888885382e-03
1.116666666666663596e-03
1.083333333333330465e-03
1.211111111111107686e-03
1.099999999999997031e-03
9.972222222222196578e-04
1.147222222222218967e-03
1.163888888888885316e-03
1.138888888888885684e-03
1.036111111111108311e-03
1.116666666666663596e-03
1.127777777777774640e-03
1.133333333333330162e-03
1.094444444444441509e-03
1.233333333333329991e-03
1.086111111111108009e-03
1.183333333333330076e-03
1.166666666666663511e-03
1.163888888888885750e-03
1.158333333333330011e-03
1.136111111111108140e-03
1.113888888888885835e-03
1.116666666666663813e-03
1.083333333333330465e-03
9.944444444444418968e-04
1.208333333333329925e-03
1.108333333333330313e-03
1.124999999999996662e-03
1.024999999999997051e-03
1.155555555555552033e-03
1.133333333333329945e-03
1.083333333333330465e-03
1.088888888888885987e-03
1.097222222222219053e-03
1.155555555555552033e-03
1.222222222222218730e-03
1.136111111111107923e-03
1.066666666666663682e-03
1.149999999999996728e-03
1.136111111111107923e-03
1.080555555555552704e-03
1.088888888888885770e-03
1.163888888888885750e-03
1.174999999999996794e-03
1.094444444444441509e-03
1.113888888888885835e-03
1.069444444444441226e-03
1.197222222222218881e-03
1.141666666666663445e-03
1.127777777777774640e-03
1.069444444444441226e-03
1.061111111111108160e-03
1.144444444444441206e-03
1.011111111111108463e-03
1.083333333333330465e-03
1.199999999999996642e-03
1.069444444444441443e-03
1.169444444444441272e-03
1.161111111111107772e-03
1.130555555555552401e-03
1.063888888888885921e-03
1.194444444444441120e-03
1.141666666666663228e-03
1.166666666666663294e-03
1.113888888888885835e-03
1.108333333333330097e-03
1.019444444444441529e-03
1.183333333333330076e-03
1.116666666666663813e-03
1.102777777777774575e-03
1.180555555555552315e-03
1.105555555555552769e-03
1.163888888888885750e-03
1.069444444444441443e-03
1.144444444444441206e-03
1.097222222222219486e-03
1.105555555555552552e-03
1.149999999999996728e-03
1.058333333333330399e-03
1.099999999999996814e-03
1.183333333333330076e-03
1.152777777777774272e-03
1.080555555555552704e-03
1.124999999999996879e-03
1.177777777777774555e-03
1.099999999999997031e-03
1.105555555555552552e-03
1.152777777777774489e-03
1.055555555555552638e-03
1.063888888888885921e-03
1.074999999999996965e-03
1.166666666666663511e-03
1.188888888888885598e-03
1.241666666666663057e-03
1.211111111111107903e-03
1.111111111111108074e-03
1.241666666666663057e-03
1.044444444444441594e-03
1.194444444444441120e-03
1.113888888888885835e-03
1.127777777777774640e-03
1.083333333333330248e-03
1.119444444444441357e-03
1.111111111111107858e-03
1.074999999999996965e-03
1.122222222222219118e-03
1.061111111111108160e-03
1.083333333333330465e-03
1.136111111111107706e-03
1.141666666666663445e-03
1.152777777777774489e-03
1.224999999999996491e-03
1.058333333333330182e-03
1.313888888888885059e-03
1.119444444444441574e-03
1.080555555555552487e-03
1.094444444444441725e-03
1.088888888888885987e-03
1.183333333333330076e-03
1.099999999999997031e-03
1.155555555555552250e-03
1.261111111111107817e-03
1.099999999999997031e-03
1.119444444444441574e-03
1.116666666666663596e-03
1.099999999999996814e-03
1.122222222222219118e-03
1.111111111111108074e-03
1.030555555555552789e-03
1.174999999999996794e-03
1.108333333333330313e-03
1.122222222222219118e-03
1.174999999999996794e-03
1.083333333333330248e-03
1.138888888888885684e-03
1.155555555555552250e-03
1.177777777777774555e-03
1.166666666666663511e-03
1.169444444444441272e-03
1.094444444444441292e-03
1.211111111111107686e-03
1.027777777777775028e-03
1.163888888888885316e-03
1.211111111111107686e-03
1.149999999999996728e-03
1.105555555555552336e-03
1.127777777777774640e-03
1.174999999999996794e-03
1.099999999999996814e-03
1.091666666666663748e-03
9.944444444444418968e-04
1.133333333333329945e-03
1.138888888888885684e-03
1.111111111111108074e-03
1.202777777777774403e-03
1.119444444444441357e-03
1.122222222222219118e-03
1.194444444444441120e-03
1.133333333333330162e-03
1.074999999999996965e-03
1.099999999999997031e-03
1.061111111111108160e-03
1.177777777777774555e-03
1.102777777777774791e-03
1.027777777777775028e-03
1.058333333333330182e-03
1.155555555555552250e-03
1.105555555555552552e-03
1.183333333333330076e-03
1.038888888888886072e-03
1.208333333333329925e-03
1.205555555555552381e-03
1.091666666666663748e-03
1.108333333333330313e-03
1.102777777777774791e-03
1.222222222222218513e-03
1.147222222222218967e-03
1.133333333333330162e-03
1.086111111111108226e-03
1.083333333333330465e-03
1.113888888888885619e-03
1.049999999999997116e-03
1.161111111111107772e-03
1.069444444444441443e-03
1.119444444444441357e-03
1.119444444444441357e-03
1.055555555555552421e-03
1.138888888888885684e-03
1.124999999999996879e-03
1.041666666666663833e-03
1.197222222222218664e-03
1.022222222222219506e-03
1.302777777777774232e-03
1.344444444444440646e-03
1.624999999999995155e-03
1.652777777777772981e-03
1.913888888888883163e-03
2.124999999999993647e-03
2.280555555555548695e-03
2.516666666666659245e-03
2.744444444444436079e-03
2.669444444444436099e-03
2.980555555555546195e-03
2.980555555555546195e-03
3.230555555555545983e-03
3.280555555555545247e-03
3.144444444444434526e-03
3.197222222222212851e-03
3.241666666666656593e-03
3.177777777777768091e-03
3.447222222222211339e-03
3.552777777777767123e-03
3.547222222222211167e-03
3.538888888888877884e-03
3.524999999999989080e-03
3.527777777777766841e-03
3.327777777777767183e-03
3.602777777777766820e-03
3.524999999999989080e-03
3.591666666666655777e-03
3.605555555555544148e-03
3.622222222222210714e-03
3.897222222222209917e-03
3.816666666666654849e-03
3.822222222222210371e-03
3.647222222222210562e-03
3.644444444444433235e-03
3.641666666666655474e-03
3.686111111111099216e-03
3.619444444444433386e-03
3.699999999999988454e-03
3.824999999999988132e-03
3.694444444444432499e-03
3.816666666666654849e-03
3.697222222222210260e-03
3.702777777777765782e-03
3.686111111111099650e-03
3.741666666666655303e-03
3.538888888888877884e-03
3.772222222222210673e-03
3.755555555555544107e-03
3.758333333333321868e-03
3.677777777777766367e-03
3.838888888888876937e-03
3.763888888888877390e-03
3.827777777777765459e-03
3.669444444444433084e-03
3.797222222222210088e-03
3.674999999999988172e-03
3.724999999999988737e-03
3.730555555555544259e-03
3.794444444444432327e-03
3.797222222222210088e-03
3.824999999999988132e-03
3.555555555555544884e-03
3.699999999999988454e-03
3.697222222222210693e-03
3.674999999999988606e-03
3.472222222222211187e-03
3.591666666666655777e-03
3.644444444444433235e-03
3.613888888888877864e-03
3.786111111111099478e-03
3.683333333333321455e-03
3.797222222222210088e-03
3.611111111111100537e-03
3.572222222222211450e-03
3.549999999999989362e-03
3.683333333333321455e-03
3.636111111111099952e-03
3.663888888888877562e-03
3.605555555555544581e-03
3.674999999999988172e-03
3.533333333333322362e-03
3.733333333333322020e-03
3.569444444444433255e-03
3.691666666666655171e-03
3.499999999999988797e-03
3.799999999999988283e-03
3.538888888888877451e-03
3.474999999999988948e-03
3.530555555555544168e-03
3.661111111111099367e-03
3.636111111111099518e-03
3.561111111111099972e-03
3.574999999999989211e-03
3.724999999999988737e-03
3.505555555555544753e-03
3.494444444444433275e-03
3.566666666666655928e-03
3.174999999999990330e-03
3.374999999999989553e-03
3.644444444444433235e-03
3.449999999999989100e-03
3.527777777777766407e-03
3.680555555555543694e-03
3.511111111111099841e-03
3.574999999999989211e-03
3.402777777777767163e-03
3.408333333333322685e-03
3.436111111111100295e-03
3.441666666666655817e-03
3.438888888888878489e-03
3.477777777777767143e-03
3.438888888888878489e-03
3.374999999999989553e-03
3.558333333333322211e-03
3.533333333333322362e-03
3.463888888888878338e-03
3.527777777777766407e-03
3.447222222222211339e-03
3.302777777777767335e-03
3.274999999999989725e-03
3.363888888888878076e-03
3.236111111111101505e-03
3.324999999999989422e-03
3.591666666666655343e-03
3.458333333333322816e-03
3.491666666666655514e-03
3.413888888888878641e-03
3.302777777777767335e-03
3.549999999999989362e-03
3.388888888888878358e-03
3.483333333333322231e-03
3.255555555555545832e-03
3.133333333333323915e-03
3.172222222222212135e-03
3.219444444444434505e-03
3.124999999999990632e-03
3.333333333333322705e-03
3.372222222222211359e-03
3.208333333333323462e-03
3.211111111111101656e-03
3.322222222222211661e-03
3.194444444444434657e-03
3.244444444444434354e-03
3.249999999999989876e-03
3.177777777777767657e-03
3.136111111111101676e-03
3.349999999999989271e-03
3.377777777777767314e-03
3.294444444444434052e-03
3.222222222222212266e-03
3.236111111111101071e-03
3.083333333333323784e-03
3.111111111111101394e-03
3.088888888888878873e-03
3.161111111111101091e-03
3.158333333333323764e-03
3.369444444444434465e-03
3.286111111111101202e-03
3.155555555555545569e-03
3.197222222222212851e-03
3.124999999999990199e-03
3.208333333333323895e-03
3.111111111111101394e-03
3.027777777777768565e-03
3.072222222222213174e-03
3.022222222222212609e-03
3.149999999999990048e-03
2.983333333333323956e-03
3.252777777777767637e-03
3.083333333333323784e-03
3.072222222222212740e-03
3.208333333333323895e-03
3.222222222222212266e-03
3.024999999999990370e-03
2.938888888888880214e-03
3.094444444444434828e-03
2.983333333333323956e-03
3.097222222222213023e-03
2.983333333333323956e-03
3.016666666666657521e-03
3.105555555555546306e-03
3.072222222222213174e-03
2.983333333333323956e-03
3.058333333333323936e-03
2.999999999999990955e-03
2.997222222222212761e-03
2.902777777777768888e-03
3.022222222222213477e-03
3.013888888888879326e-03
2.922222222222213214e-03
3.038888888888880042e-03
2.866666666666657995e-03
2.872222222222213517e-03
2.980555555555546195e-03
2.888888888888880083e-03
2.997222222222212761e-03
2.927777777777768736e-03
2.874999999999991278e-03
2.827777777777768908e-03
2.994444444444435000e-03
2.847222222222213234e-03
2.855555555555547385e-03
2.786111111111102493e-03
3.036111111111101848e-03
2.930555555555546497e-03
2.780555555555546971e-03
2.933333333333324258e-03
3.113888888888879155e-03
2.877777777777769039e-03
2.763888888888880405e-03
2.836111111111102624e-03
2.947222222222213063e-03
2.974999999999991106e-03
2.930555555555546497e-03
2.983333333333324389e-03
2.897222222222213366e-03
2.994444444444435000e-03
2.886111111111102322e-03
2.816666666666657864e-03
2.788888888888880254e-03
2.666666666666658338e-03
2.719444444444436230e-03
2.838888888888879952e-03
2.849999999999990995e-03
2.797222222222213971e-03
2.761111111111102644e-03
2.944444444444435302e-03
2.724999999999991752e-03
2.816666666666657864e-03
2.758333333333324883e-03
2.702777777777769664e-03
2.744444444444436079e-03
2.855555555555546951e-03
3.013888888888879326e-03
2.972222222222213345e-03
2.652777777777769533e-03
2.824999999999991147e-03
2.930555555555546497e-03
2.744444444444436512e-03
2.613888888888880879e-03
2.761111111111102644e-03
2.997222222222212761e-03
2.777777777777769210e-03
2.719444444444436230e-03
2.711111111111102947e-03
2.802777777777769059e-03
2.844444444444435473e-03
2.580555555555547748e-03
2.708333333333325186e-03
2.661111111111102816e-03
2.636111111111102967e-03
2.730555555555547274e-03
2.622222222222214162e-03
2.647222222222214445e-03
2.877777777777769039e-03
2.488888888888881202e-03
2.738888888888880557e-03
2.747222222222214273e-03
2.663888888888880577e-03
2.644444444444436250e-03
2.586111111111103270e-03
2.827777777777768908e-03
2.766666666666658166e-03
2.583333333333325509e-03
2.611111111111103118e-03
2.705555555555547425e-03
2.652777777777769533e-03
2.480555555555547919e-03
2.624999999999991923e-03
2.619444444444436401e-03
2.694444444444436381e-03
2.633333333333325206e-03
2.597222222222214313e-03
2.674999999999991621e-03
2.591666666666658791e-03
2.536111111111103572e-03
2.483333333333325680e-03
2.633333333333325206e-03
2.630555555555547445e-03
2.705555555555547425e-03
2.494444444444436724e-03
2.524999999999992528e-03
2.466666666666659114e-03
2.463888888888881353e-03
2.583333333333325509e-03
2.511111111111103723e-03
2.447222222222214787e-03
2.483333333333325680e-03
2.588888888888881031e-03
2.558333333333325660e-03
2.677777777777769382e-03
2.538888888888881333e-03
2.702777777777770098e-03
2.588888888888881464e-03
2.469444444444436875e-03
2.647222222222214011e-03
2.583333333333325509e-03
2.508333333333325962e-03
2.419444444444437178e-03
2.577777777777769987e-03
2.541666666666659094e-03
2.416666666666659850e-03
2.402777777777770612e-03
2.447222222222214787e-03
2.458333333333325831e-03
2.394444444444437329e-03
2.427777777777770461e-03
2.530555555555548050e-03
2.486111111111103441e-03
2.383333333333326285e-03
2.430555555555548222e-03
2.594444444444436552e-03
2.338888888888882110e-03
2.380555555555548524e-03
2.458333333333325831e-03
2.419444444444437178e-03
2.524999999999992528e-03
2.505555555555547334e-03
2.463888888888881353e-03
2.516666666666659245e-03
2.424999999999992700e-03
2.433333333333325983e-03
2.377777777777770763e-03
2.369444444444437914e-03
2.405555555555548373e-03
2.552777777777770138e-03
2.441666666666659265e-03
2.358333333333326436e-03
2.313888888888881827e-03
2.636111111111102967e-03
2.477777777777770158e-03
2.511111111111103723e-03
2.377777777777770763e-03
2.572222222222214465e-03
2.491666666666658963e-03
2.283333333333326456e-03
2.355555555555548675e-03
2.408333333333326134e-03
2.408333333333326134e-03
2.241666666666659608e-03
2.438888888888881504e-03
2.416666666666659417e-03
2.202777777777771388e-03
2.449999999999992548e-03
2.352777777777770481e-03
2.480555555555548353e-03
2.386111111111104046e-03
2.366666666666660153e-03
2.336111111111104349e-03
2.411111111111103895e-03
2.408333333333326134e-03
2.374999999999993002e-03
2.374999999999993002e-03
2.297222222222215261e-03
2.272222222222214979e-03
2.430555555555548222e-03
2.241666666666660042e-03
2.411111111111103895e-03
2.449999999999992548e-03
2.330555555555548393e-03
2.377777777777770763e-03
2.188888888888882583e-03
2.316666666666659588e-03
2.258333333333326608e-03
2.213888888888882432e-03
2.372222222222215241e-03
2.333333333333326588e-03
2.147222222222215735e-03
2.161111111111104974e-03
2.274999999999993174e-03
2.194444444444438105e-03
2.341666666666659870e-03
2.344444444444437631e-03
2.266666666666660324e-03
2.374999999999993002e-03
2.261111111111103935e-03
2.277777777777770934e-03
2.358333333333326436e-03
2.158333333333327213e-03
2.299999999999993022e-03
2.227777777777771237e-03
2.324999999999992871e-03
2.352777777777770914e-03
2.208333333333326910e-03
2.322222222222215110e-03
2.258333333333326608e-03
2.211111111111104671e-03
2.224999999999993476e-03
2.255555555555548847e-03
2.169444444444438257e-03
2.069444444444438428e-03
2.255555555555548847e-03
2.394444444444437329e-03
2.130555555555549169e-03
2.258333333333326608e-03
2.319444444444437349e-03
2.297222222222215261e-03
2.219444444444437520e-03
2.199999999999993627e-03
2.155555555555549018e-03
2.155555555555549018e-03
2.136111111111104258e-03
2.261111111111104369e-03
2.211111111111104671e-03
2.436111111111103743e-03
2.327777777777770632e-03
2.197222222222215866e-03
2.222222222222215715e-03
2.269444444444437652e-03
2.208333333333326477e-03
2.227777777777771237e-03
2.180555555555548867e-03
2.211111111111104671e-03
2.222222222222215715e-03
2.124999999999993647e-03
2.219444444444437520e-03
2.072222222222216189e-03
2.247222222222215564e-03
2.088888888888882755e-03
2.338888888888882110e-03
2.205555555555549149e-03
2.127777777777771408e-03
2.413888888888882089e-03
2.086111111111104994e-03
2.261111111111104369e-03
2.166666666666660496e-03
2.138888888888882452e-03
2.133333333333326497e-03
2.211111111111104238e-03
2.052777777777771862e-03
2.008333333333327687e-03
2.097222222222216038e-03
2.205555555555549149e-03
2.161111111111104974e-03
2.099999999999993799e-03
2.197222222222215866e-03
2.147222222222215302e-03
1.988888888888882926e-03
2.066666666666660667e-03
2.063888888888882906e-03
2.202777777777771388e-03
2.266666666666659891e-03
2.041666666666660818e-03
2.122222222222215453e-03
2.072222222222216189e-03
2.166666666666660496e-03
1.994444444444438448e-03
1.938888888888882795e-03
1.988888888888882926e-03
2.027777777777772013e-03
2.197222222222215866e-03
2.202777777777771388e-03
2.049999999999994101e-03
2.024999999999994253e-03
2.138888888888882452e-03
2.011111111111105448e-03
2.099999999999993799e-03
2.036111111111104863e-03
2.030555555555549341e-03
2.002777777777772165e-03
2.024999999999994253e-03
1.861111111111105705e-03
2.102777777777771560e-03
2.036111111111104863e-03
2.108333333333327082e-03
1.977777777777771449e-03
1.891666666666661075e-03
2.102777777777771560e-03
1.991666666666661121e-03
2.094444444444438277e-03
2.099999999999993799e-03
2.030555555555549774e-03
2.047222222222216340e-03
2.033333333333327102e-03
2.022222222222216492e-03
2.094444444444437843e-03
1.955555555555549795e-03
1.869444444444438988e-03
1.963888888888883077e-03
2.036111111111104863e-03
1.988888888888883360e-03
2.016666666666660536e-03
1.924999999999994207e-03
1.994444444444438448e-03
1.999999999999993970e-03
1.899999999999994358e-03
2.052777777777771862e-03
2.058333333333326950e-03
2.008333333333327687e-03
1.905555555555549663e-03
2.077777777777771277e-03
1.944444444444438751e-03
1.952777777777772034e-03
2.041666666666660818e-03
2.077777777777771711e-03
1.980555555555549643e-03
1.911111111111105185e-03
2.002777777777772165e-03
1.852777777777772205e-03
