5.213235294117630949e-04
5.772058823529393166e-04
5.985294117647040274e-04
5.900735294117627873e-04
6.485294117647038333e-04
6.264705882352921383e-04
6.341911764705861774e-04
6.323529411764685542e-04
6.455882352941155712e-04
6.463235294117626638e-04
6.654411764705860967e-04
6.507352941176450028e-04
6.650735294117625504e-04
6.786764705882331137e-04
6.731617647058801357e-04
7.007352941176448087e-04
6.882352941176448843e-04
7.073529411764683172e-04
7.025735294117625403e-04
6.735294117647037905e-04
6.926470588235272233e-04
6.981617647058802013e-04
6.904411764705860538e-04
7.205882352941153342e-04
7.062499999999976782e-04
6.977941176470565466e-04
7.117647058823507646e-04
6.941176470588213002e-04
7.242647058823505806e-04
7.132352941176448415e-04
7.165441176470565415e-04
7.327205882352917123e-04
7.400735294117623134e-04
7.121323529411742025e-04
7.452205882352918535e-04
7.323529411764682744e-04
7.158088235294094489e-04
7.371323529411740513e-04
7.169117647058799794e-04
7.404411764705859681e-04
7.253676470588213280e-04
7.257352941176447659e-04
7.496323529411739756e-04
7.566176470588211389e-04
7.496323529411741925e-04
7.393382352941153292e-04
7.448529411764681987e-04
7.584558823529386536e-04
7.242647058823506890e-04
7.393382352941153292e-04
7.257352941176447659e-04
7.580882352941152157e-04
7.356617647058799744e-04
7.742647058823503865e-04
7.474264705882329145e-04
7.584558823529386536e-04
7.231617647058801585e-04
7.441176470588211061e-04
7.507352941176446146e-04
7.264705882352917501e-04
7.378676470588212523e-04
7.286764705882330280e-04
7.330882352941153670e-04
7.316176470588211817e-04
7.352941176470564281e-04
7.555147058823506083e-04
7.492647058823506461e-04
7.441176470588212145e-04
7.316176470588211817e-04
7.522058823529386914e-04
7.665441176470563474e-04
7.283088235294093733e-04
7.268382352941154048e-04
7.327205882352918207e-04
7.691176470588211717e-04
7.669117647058800022e-04
7.904411764705857740e-04
7.330882352941153670e-04
7.503676470588211767e-04
7.430147058823505755e-04
7.522058823529386914e-04
7.558823529411741547e-04
7.599264705882329473e-04
7.496323529411739756e-04
7.224264705882329574e-04
7.470588235294093682e-04
7.573529411764682315e-04
7.624999999999976632e-04
7.378676470588212523e-04
7.488970588235269914e-04
7.536764705882328767e-04
7.643382352941152863e-04
7.404411764705858597e-04
7.643382352941151779e-04
7.334558823529389133e-04
7.213235294117623184e-04
7.261029411764683122e-04
7.933823529411740362e-04
7.389705882352916744e-04
7.595588235294094010e-04
7.658088235294092548e-04
7.496323529411741925e-04
7.444852941176446524e-04
7.536764705882328767e-04
7.650735294117622706e-04
7.617647058823504621e-04
7.205882352941153342e-04
7.488970588235269914e-04
7.408088235294094060e-04
7.577205882352916694e-04
7.529411764705858925e-04
7.599264705882328389e-04
7.415441176470563903e-04
7.599264705882329473e-04
7.316176470588211817e-04
7.823529411764680802e-04
7.518382352941151451e-04
7.584558823529386536e-04
7.702205882352915938e-04
7.341911764705860060e-04
7.463235294117622756e-04
7.180147058823506184e-04
7.716911764705856706e-04
7.455882352941152914e-04
7.830882352941151729e-04
7.488970588235270998e-04
7.382352941176446902e-04
7.636029411764681937e-04
7.382352941176447986e-04
7.613970588235270242e-04
7.636029411764680853e-04
7.547794117647034073e-04
7.349264705882329902e-04
7.683823529411740790e-04
7.617647058823504621e-04
7.540441176470563146e-04
7.257352941176446574e-04
7.477941176470564609e-04
7.374999999999975976e-04
7.617647058823504621e-04
7.492647058823506461e-04
7.507352941176446146e-04
7.470588235294094766e-04
7.128676470588211867e-04
7.533088235294094388e-04
7.349264705882329902e-04
7.794117647058799265e-04
7.452205882352918535e-04
7.477941176470564609e-04
7.518382352941153620e-04
7.496323529411739756e-04
7.566176470588211389e-04
7.408088235294094060e-04
7.595588235294092926e-04
7.470588235294094766e-04
7.492647058823506461e-04
7.419117647058799366e-04
7.338235294117624596e-04
7.595588235294094010e-04
7.632352941176446474e-04
7.606617647058799316e-04
7.687499999999976253e-04
7.555147058823506083e-04
7.297794117647035585e-04
7.555147058823504999e-04
7.492647058823505377e-04
7.624999999999976632e-04
7.360294117647035207e-04
7.327205882352917123e-04
7.672794117647033316e-04
7.452205882352918535e-04
7.470588235294094766e-04
7.356617647058799744e-04
7.886029411764680424e-04
7.709558823529387948e-04
7.562499999999975926e-04
7.231617647058800500e-04
7.606617647058798231e-04
7.433823529411740134e-04
7.643382352941151779e-04
7.477941176470564609e-04
7.694852941176446096e-04
7.566176470588210305e-04
7.470588235294093682e-04
7.676470588235268780e-04
7.382352941176446902e-04
7.444852941176446524e-04
7.544117647058798609e-04
7.198529411764683500e-04
7.452205882352917450e-04
7.687499999999975169e-04
7.893382352941151351e-04
7.246323529411741269e-04
7.474264705882329145e-04
7.205882352941154426e-04
7.488970588235269914e-04
7.566176470588210305e-04
7.599264705882329473e-04
7.672794117647034401e-04
7.547794117647035157e-04
7.584558823529386536e-04
7.437499999999976682e-04
7.856617647058797803e-04
7.713235294117623412e-04
7.540441176470563146e-04
7.132352941176447331e-04
7.294117647058800122e-04
7.503676470588210683e-04
7.562499999999974841e-04
7.757352941176446802e-04
7.463235294117622756e-04
7.374999999999977060e-04
7.272058823529389511e-04
7.397058823529387671e-04
7.400735294117624218e-04
7.433823529411741219e-04
7.658088235294092548e-04
7.433823529411740134e-04
7.632352941176445390e-04
7.474264705882330230e-04
7.753676470588210254e-04
7.220588235294094111e-04
7.555147058823504999e-04
7.632352941176446474e-04
7.595588235294092926e-04
7.415441176470563903e-04
7.470588235294094766e-04
7.841911764705858118e-04
7.658088235294093632e-04
7.805147058823504571e-04
7.551470588235270620e-04
7.654411764705857085e-04
7.349264705882328818e-04
7.588235294117622000e-04
7.400735294117624218e-04
7.647058823529388327e-04
7.411764705882328439e-04
7.349264705882329902e-04
7.459558823529387293e-04
7.437499999999975598e-04
7.783088235294091791e-04
7.485294117647034451e-04
7.852941176470562340e-04
7.577205882352917778e-04
7.573529411764682315e-04
6.996323529411741697e-04
7.547794117647034073e-04
7.680147058823504243e-04
7.227941176470566121e-04
7.514705882352917072e-04
7.205882352941153342e-04
7.110294117647036720e-04
7.426470588235270292e-04
7.691176470588211717e-04
7.290441176470564659e-04
7.606617647058799316e-04
7.599264705882329473e-04
7.551470588235270620e-04
7.272058823529389511e-04
7.511029411764682693e-04
7.566176470588210305e-04
7.268382352941152964e-04
7.536764705882328767e-04
7.636029411764680853e-04
7.408088235294095145e-04
7.507352941176447230e-04
7.411764705882328439e-04
7.294117647058800122e-04
7.551470588235270620e-04
7.669117647058800022e-04
7.198529411764682416e-04
7.672794117647034401e-04
7.499999999999976304e-04
7.316176470588212901e-04
7.198529411764682416e-04
7.503676470588211767e-04
7.647058823529388327e-04
7.426470588235270292e-04
7.624999999999976632e-04
7.400735294117624218e-04
7.661764705882328011e-04
7.448529411764681987e-04
7.705882352941152485e-04
7.768382352941151023e-04
7.753676470588210254e-04
7.411764705882329524e-04
7.547794117647035157e-04
7.511029411764681609e-04
7.562499999999975926e-04
7.374999999999977060e-04
7.650735294117621621e-04
7.672794117647034401e-04
7.691176470588210632e-04
7.580882352941153242e-04
7.411764705882328439e-04
7.415441176470563903e-04
7.683823529411739706e-04
7.683823529411740790e-04
7.389705882352916744e-04
7.639705882352916316e-04
7.227941176470565037e-04
7.665441176470563474e-04
7.404411764705858597e-04
7.338235294117623512e-04
7.558823529411741547e-04
7.573529411764682315e-04
7.419117647058800450e-04
7.735294117647034022e-04
7.654411764705858169e-04
7.573529411764681231e-04
7.573529411764682315e-04
7.290441176470565743e-04
7.411764705882329524e-04
7.441176470588212145e-04
7.386029411764682365e-04
7.643382352941152863e-04
7.507352941176447230e-04
7.466911764705859303e-04
7.279411764705858269e-04
7.415441176470563903e-04
7.856617647058798887e-04
7.503676470588211767e-04
7.547794117647035157e-04
7.448529411764681987e-04
7.735294117647034022e-04
7.378676470588212523e-04
7.529411764705857841e-04
7.727941176470563096e-04
7.591911764705857463e-04
7.529411764705858925e-04
7.514705882352917072e-04
7.249999999999976732e-04
7.220588235294095195e-04
7.595588235294094010e-04
7.400735294117623134e-04
7.352941176470564281e-04
7.352941176470565365e-04
7.525735294117623462e-04
7.761029411764680096e-04
7.643382352941151779e-04
7.650735294117622706e-04
7.584558823529387621e-04
7.319852941176448365e-04
7.613970588235269158e-04
7.499999999999975219e-04
7.812499999999974413e-04
7.580882352941152157e-04
7.319852941176447280e-04
7.705882352941152485e-04
7.386029411764683450e-04
7.636029411764680853e-04
7.511029411764681609e-04
7.650735294117621621e-04
7.665441176470563474e-04
7.444852941176446524e-04
7.658088235294092548e-04
7.488970588235270998e-04
7.511029411764681609e-04
7.518382352941151451e-04
7.352941176470564281e-04
7.540441176470565315e-04
7.558823529411740462e-04
7.463235294117622756e-04
7.639705882352916316e-04
7.669117647058798937e-04
7.283088235294093733e-04
7.488970588235269914e-04
7.426470588235270292e-04
7.165441176470566500e-04
7.808823529411738950e-04
7.444852941176446524e-04
7.404411764705859681e-04
7.764705882352915560e-04
7.536764705882329851e-04
7.235294117647035964e-04
7.522058823529387999e-04
7.621323529411741168e-04
7.408088235294094060e-04
7.518382352941151451e-04
7.367647058823505049e-04
7.397058823529387671e-04
7.503676470588210683e-04
7.636029411764681937e-04
7.374999999999975976e-04
7.397058823529387671e-04
7.481617647058800072e-04
7.419117647058799366e-04
7.481617647058800072e-04
7.639705882352917400e-04
7.301470588235269964e-04
7.687499999999976253e-04
7.272058823529388427e-04
7.477941176470563524e-04
7.503676470588210683e-04
7.606617647058799316e-04
7.220588235294094111e-04
7.349264705882328818e-04
7.654411764705858169e-04
7.470588235294093682e-04
7.577205882352916694e-04
7.249999999999976732e-04
7.566176470588210305e-04
7.691176470588211717e-04
7.834558823529386108e-04
7.345588235294093354e-04
7.533088235294094388e-04
7.246323529411741269e-04
7.268382352941154048e-04
7.452205882352918535e-04
7.632352941176445390e-04
7.455882352941152914e-04
7.959558823529385352e-04
7.816176470588209876e-04
7.573529411764681231e-04
7.577205882352916694e-04
7.400735294117623134e-04
7.720588235294093254e-04
7.492647058823505377e-04
7.606617647058798231e-04
7.749999999999974791e-04
7.466911764705858219e-04
7.224264705882329574e-04
7.687499999999975169e-04
7.503676470588210683e-04
7.694852941176445011e-04
7.599264705882328389e-04
7.312499999999976354e-04
7.393382352941152208e-04
7.944852941176445667e-04
7.536764705882328767e-04
7.698529411764680475e-04
7.602941176470563852e-04
7.330882352941152586e-04
7.352941176470564281e-04
7.463235294117622756e-04
7.441176470588212145e-04
7.474264705882330230e-04
7.382352941176446902e-04
7.408088235294094060e-04
7.636029411764680853e-04
7.511029411764682693e-04
7.889705882352916972e-04
7.341911764705860060e-04
7.481617647058800072e-04
7.485294117647035535e-04
7.275735294117624975e-04
7.764705882352915560e-04
7.187499999999977110e-04
7.419117647058799366e-04
7.812499999999975497e-04
7.367647058823506134e-04
7.485294117647034451e-04
7.716911764705857791e-04
7.856617647058798887e-04
7.602941176470563852e-04
7.496323529411741925e-04
7.323529411764681659e-04
7.669117647058798937e-04
7.466911764705858219e-04
7.562499999999974841e-04
7.595588235294094010e-04
7.562499999999974841e-04
7.452205882352917450e-04
7.411764705882329524e-04
7.382352941176447986e-04
7.352941176470565365e-04
7.834558823529387192e-04
7.283088235294094817e-04
7.341911764705860060e-04
7.511029411764682693e-04
7.316176470588211817e-04
7.275735294117624975e-04
7.194852941176446953e-04
7.823529411764681887e-04
7.511029411764681609e-04
7.283088235294093733e-04
7.231617647058800500e-04
7.738970588235269486e-04
7.702205882352915938e-04
7.540441176470563146e-04
7.444852941176446524e-04
7.624999999999976632e-04
7.647058823529387242e-04
7.647058823529388327e-04
7.761029411764681181e-04
7.283088235294094817e-04
7.466911764705858219e-04
7.415441176470563903e-04
7.731617647058798559e-04
7.691176470588211717e-04
7.727941176470564180e-04
7.698529411764681559e-04
7.466911764705858219e-04
7.713235294117622327e-04
7.408088235294094060e-04
7.374999999999977060e-04
7.378676470588211439e-04
7.345588235294093354e-04
7.463235294117623840e-04
7.448529411764681987e-04
7.680147058823504243e-04
7.485294117647035535e-04
7.588235294117622000e-04
7.488970588235270998e-04
7.238970588235271427e-04
7.389705882352916744e-04
7.433823529411741219e-04
7.279411764705859354e-04
7.058823529411741319e-04
7.433823529411741219e-04
7.448529411764683071e-04
7.547794117647035157e-04
7.599264705882329473e-04
7.786764705882328339e-04
7.749999999999975875e-04
7.441176470588211061e-04
7.551470588235270620e-04
7.746323529411740412e-04
7.371323529411741597e-04
7.514705882352918156e-04
7.400735294117624218e-04
7.466911764705858219e-04
7.522058823529386914e-04
7.511029411764681609e-04
7.860294117647033266e-04
7.470588235294093682e-04
7.617647058823504621e-04
7.422794117647034829e-04
7.308823529411740891e-04
7.514705882352917072e-04
7.393382352941153292e-04
7.400735294117624218e-04
7.430147058823506840e-04
7.731617647058799643e-04
7.547794117647034073e-04
7.518382352941153620e-04
7.481617647058800072e-04
7.386029411764683450e-04
7.477941176470564609e-04
7.419117647058799366e-04
7.485294117647034451e-04
7.400735294117623134e-04
7.286764705882330280e-04
7.624999999999975547e-04
7.624999999999975547e-04
7.558823529411741547e-04
7.492647058823506461e-04
7.591911764705857463e-04
7.805147058823504571e-04
7.863970588235268729e-04
7.205882352941153342e-04
7.261029411764683122e-04
7.327205882352918207e-04
7.220588235294094111e-04
7.272058823529389511e-04
7.316176470588212901e-04
7.511029411764682693e-04
7.624999999999975547e-04
7.970588235294092825e-04
7.481617647058800072e-04
7.808823529411738950e-04
7.198529411764682416e-04
7.624999999999976632e-04
7.573529411764682315e-04
7.669117647058798937e-04
7.768382352941152107e-04
7.330882352941153670e-04
7.757352941176445717e-04
7.540441176470565315e-04
7.463235294117623840e-04
7.194852941176446953e-04
7.474264705882330230e-04
7.308823529411741975e-04
7.536764705882328767e-04
7.283088235294093733e-04
7.702205882352917022e-04
7.319852941176448365e-04
7.415441176470563903e-04
7.562499999999974841e-04
7.551470588235270620e-04
7.433823529411740134e-04
7.474264705882329145e-04
7.437499999999975598e-04
7.334558823529389133e-04
7.180147058823506184e-04
7.356617647058800828e-04
7.466911764705858219e-04
7.540441176470565315e-04
7.540441176470563146e-04
7.731617647058799643e-04
7.378676470588212523e-04
7.606617647058799316e-04
7.613970588235270242e-04
7.764705882352915560e-04
7.492647058823505377e-04
7.363970588235270670e-04
7.264705882352917501e-04
7.444852941176447608e-04
7.341911764705858975e-04
7.437499999999975598e-04
7.529411764705858925e-04
7.702205882352915938e-04
7.378676470588211439e-04
7.437499999999976682e-04
7.687499999999976253e-04
7.830882352941150645e-04
7.345588235294093354e-04
7.522058823529386914e-04
7.672794117647033316e-04
7.433823529411741219e-04
7.819852941176446423e-04
7.474264705882329145e-04
7.606617647058798231e-04
7.632352941176446474e-04
7.522058823529386914e-04
7.529411764705858925e-04
7.117647058823506562e-04
7.415441176470563903e-04
7.341911764705860060e-04
7.658088235294092548e-04
7.551470588235270620e-04
7.643382352941151779e-04
7.606617647058799316e-04
7.382352941176446902e-04
7.419117647058800450e-04
7.588235294117623084e-04
7.827205882352915181e-04
7.529411764705858925e-04
7.231617647058801585e-04
7.606617647058799316e-04
7.683823529411740790e-04
7.470588235294093682e-04
7.312499999999977438e-04
7.488970588235270998e-04
7.536764705882328767e-04
7.474264705882329145e-04
7.386029411764682365e-04
7.805147058823503486e-04
7.433823529411741219e-04
7.437499999999975598e-04
7.595588235294094010e-04
7.514705882352918156e-04
7.525735294117622378e-04
7.713235294117622327e-04
7.650735294117622706e-04
7.363970588235271755e-04
7.246323529411741269e-04
7.661764705882328011e-04
7.691176470588210632e-04
7.613970588235269158e-04
7.650735294117622706e-04
7.650735294117622706e-04
7.470588235294094766e-04
7.676470588235268780e-04
7.735294117647034022e-04
7.408088235294094060e-04
7.738970588235269486e-04
7.514705882352917072e-04
7.286764705882329196e-04
7.529411764705858925e-04
7.463235294117623840e-04
7.352941176470565365e-04
7.514705882352917072e-04
7.555147058823504999e-04
7.279411764705859354e-04
7.404411764705858597e-04
7.470588235294093682e-04
7.698529411764680475e-04
6.922794117647036770e-04
7.496323529411741925e-04
7.786764705882328339e-04
7.441176470588212145e-04
7.580882352941153242e-04
7.117647058823507646e-04
7.382352941176446902e-04
7.459558823529388377e-04
7.507352941176447230e-04
7.338235294117624596e-04
7.463235294117623840e-04
7.426470588235270292e-04
7.702205882352915938e-04
7.327205882352918207e-04
7.386029411764683450e-04
7.499999999999975219e-04
7.268382352941154048e-04
7.676470588235269864e-04
7.610294117647033695e-04
7.437499999999976682e-04
7.319852941176448365e-04
7.389705882352916744e-04
7.279411764705858269e-04
7.727941176470563096e-04
7.433823529411741219e-04
7.386029411764683450e-04
7.882352941176446045e-04
7.382352941176446902e-04
7.544117647058799694e-04
7.514705882352917072e-04
7.371323529411740513e-04
7.812499999999975497e-04
7.555147058823506083e-04
7.349264705882329902e-04
7.573529411764682315e-04
7.338235294117623512e-04
7.547794117647034073e-04
7.411764705882328439e-04
7.305147058823506512e-04
7.463235294117622756e-04
7.632352941176446474e-04
7.676470588235268780e-04
7.621323529411740084e-04
7.389705882352917829e-04
7.547794117647035157e-04
8.011029411764679668e-04
7.540441176470563146e-04
7.514705882352918156e-04
7.522058823529386914e-04
7.599264705882329473e-04
7.588235294117622000e-04
8.018382352941151679e-04
7.816176470588209876e-04
7.749999999999975875e-04
7.488970588235270998e-04
7.356617647058800828e-04
7.452205882352918535e-04
7.577205882352916694e-04
7.654411764705857085e-04
7.452205882352918535e-04
7.404411764705858597e-04
7.775735294117623033e-04
7.499999999999976304e-04
7.540441176470563146e-04
7.386029411764682365e-04
7.661764705882328011e-04
7.404411764705859681e-04
7.529411764705858925e-04
7.643382352941152863e-04
7.444852941176447608e-04
7.610294117647033695e-04
7.308823529411740891e-04
7.518382352941151451e-04
7.308823529411741975e-04
7.426470588235271376e-04
7.569852941176445768e-04
7.305147058823506512e-04
7.268382352941152964e-04
7.180147058823507268e-04
7.731617647058798559e-04
7.562499999999974841e-04
7.294117647058800122e-04
7.558823529411741547e-04
7.213235294117624269e-04
7.452205882352918535e-04
7.349264705882328818e-04
7.584558823529386536e-04
7.591911764705857463e-04
7.562499999999975926e-04
7.242647058823505806e-04
7.569852941176445768e-04
7.496323529411739756e-04
7.382352941176446902e-04
7.624999999999976632e-04
7.433823529411740134e-04
7.386029411764682365e-04
7.305147058823505428e-04
7.838235294117622655e-04
7.772058823529386486e-04
7.422794117647035913e-04
7.551470588235269536e-04
7.540441176470563146e-04
7.897058823529385730e-04
7.474264705882329145e-04
7.481617647058798988e-04
7.522058823529387999e-04
7.367647058823506134e-04
7.191176470588212574e-04
7.617647058823505705e-04
7.455882352941152914e-04
7.602941176470563852e-04
7.466911764705859303e-04
7.525735294117623462e-04
7.408088235294095145e-04
7.433823529411741219e-04
7.283088235294093733e-04
7.400735294117623134e-04
7.430147058823506840e-04
7.595588235294092926e-04
7.507352941176447230e-04
7.481617647058798988e-04
7.448529411764683071e-04
7.742647058823504949e-04
7.786764705882328339e-04
7.562499999999974841e-04
7.238970588235270343e-04
7.624999999999975547e-04
7.687499999999975169e-04
7.481617647058798988e-04
7.444852941176447608e-04
7.408088235294094060e-04
7.485294117647034451e-04
7.819852941176445339e-04
7.330882352941152586e-04
7.422794117647034829e-04
7.683823529411739706e-04
7.323529411764681659e-04
7.606617647058798231e-04
7.485294117647034451e-04
7.522058823529386914e-04
7.551470588235269536e-04
7.628676470588211011e-04
7.650735294117621621e-04
7.220588235294095195e-04
7.562499999999974841e-04
7.716911764705857791e-04
7.547794117647035157e-04
7.658088235294093632e-04
7.569852941176445768e-04
7.540441176470565315e-04
7.382352941176447986e-04
7.477941176470564609e-04
7.481617647058800072e-04
7.503676470588211767e-04
7.874999999999974035e-04
7.536764705882329851e-04
7.257352941176446574e-04
7.772058823529387570e-04
7.606617647058798231e-04
7.345588235294093354e-04
7.632352941176445390e-04
7.602941176470564937e-04
7.485294117647035535e-04
7.665441176470564558e-04
7.529411764705858925e-04
7.470588235294094766e-04
7.415441176470563903e-04
7.235294117647035964e-04
7.606617647058799316e-04
7.547794117647035157e-04
7.499999999999976304e-04
7.595588235294092926e-04
7.639705882352917400e-04
7.330882352941153670e-04
7.705882352941152485e-04
7.272058823529389511e-04
7.455882352941151829e-04
7.382352941176446902e-04
7.661764705882329095e-04
7.830882352941150645e-04
7.661764705882328011e-04
7.503676470588211767e-04
7.713235294117622327e-04
7.492647058823505377e-04
7.477941176470563524e-04
7.415441176470563903e-04
7.702205882352915938e-04
7.426470588235270292e-04
7.408088235294094060e-04
7.294117647058800122e-04
7.419117647058800450e-04
7.183823529411741647e-04
7.477941176470564609e-04
7.768382352941151023e-04
7.636029411764680853e-04
7.529411764705857841e-04
7.430147058823506840e-04
7.297794117647035585e-04
7.584558823529386536e-04
7.742647058823504949e-04
7.485294117647035535e-04
7.143382352941153720e-04
7.374999999999975976e-04
7.514705882352918156e-04
7.562499999999975926e-04
7.415441176470563903e-04
7.507352941176447230e-04
7.488970588235269914e-04
7.731617647058799643e-04
7.389705882352916744e-04
7.544117647058799694e-04
7.544117647058798609e-04
6.966911764705860160e-04
7.360294117647036291e-04
7.485294117647035535e-04
7.518382352941151451e-04
7.805147058823504571e-04
7.437499999999975598e-04
7.518382352941153620e-04
7.290441176470564659e-04
7.617647058823505705e-04
7.551470588235270620e-04
7.393382352941153292e-04
7.400735294117623134e-04
7.183823529411741647e-04
7.316176470588211817e-04
7.455882352941151829e-04
7.518382352941151451e-04
7.411764705882328439e-04
7.617647058823505705e-04
7.547794117647035157e-04
7.621323529411740084e-04
7.426470588235270292e-04
7.323529411764681659e-04
7.584558823529387621e-04
7.283088235294094817e-04
7.319852941176448365e-04
7.551470588235270620e-04
7.544117647058799694e-04
7.338235294117624596e-04
7.669117647058800022e-04
7.709558823529387948e-04
7.503676470588211767e-04
7.066176470588212246e-04
7.610294117647033695e-04
7.661764705882328011e-04
7.588235294117622000e-04
7.599264705882329473e-04
7.463235294117622756e-04
7.551470588235269536e-04
7.238970588235271427e-04
7.286764705882329196e-04
7.580882352941152157e-04
7.455882352941152914e-04
7.566176470588210305e-04
7.397058823529388755e-04
7.602941176470564937e-04
7.551470588235269536e-04
7.297794117647036670e-04
7.452205882352917450e-04
7.882352941176444961e-04
7.161764705882329952e-04
7.430147058823506840e-04
7.555147058823506083e-04
7.459558823529388377e-04
7.691176470588211717e-04
7.999999999999975447e-04
7.716911764705857791e-04
7.459558823529387293e-04
7.628676470588211011e-04
7.628676470588209926e-04
7.459558823529387293e-04
7.676470588235268780e-04
7.636029411764680853e-04
7.746323529411739328e-04
7.772058823529386486e-04
7.735294117647034022e-04
7.687499999999975169e-04
7.613970588235270242e-04
7.694852941176445011e-04
7.459558823529387293e-04
7.441176470588212145e-04
7.639705882352917400e-04
7.514705882352917072e-04
7.422794117647034829e-04
7.584558823529386536e-04
7.411764705882329524e-04
7.573529411764682315e-04
7.540441176470563146e-04
7.349264705882329902e-04
7.544117647058798609e-04
7.610294117647034779e-04
7.441176470588211061e-04
7.305147058823505428e-04
7.496323529411739756e-04
7.452205882352918535e-04
7.378676470588212523e-04
7.220588235294094111e-04
7.106617647058800172e-04
7.503676470588211767e-04
7.602941176470563852e-04
7.433823529411741219e-04
7.257352941176447659e-04
7.430147058823506840e-04
7.672794117647034401e-04
7.672794117647033316e-04
7.231617647058800500e-04
7.698529411764681559e-04
7.522058823529387999e-04
7.477941176470564609e-04
7.349264705882329902e-04
7.459558823529387293e-04
7.558823529411740462e-04
7.639705882352917400e-04
7.459558823529388377e-04
7.389705882352916744e-04
7.378676470588211439e-04
7.499999999999976304e-04
7.783088235294092876e-04
7.341911764705858975e-04
7.386029411764682365e-04
7.363970588235271755e-04
7.529411764705858925e-04
7.761029411764681181e-04
7.599264705882329473e-04
7.433823529411740134e-04
7.522058823529387999e-04
7.470588235294093682e-04
7.341911764705860060e-04
7.661764705882329095e-04
7.341911764705858975e-04
7.419117647058799366e-04
7.919117647058797425e-04
8.147058823529386385e-04
8.999999999999971564e-04
9.536764705882322087e-04
9.841911764705850354e-04
9.845588235294086901e-04
1.109558823529413788e-03
1.109926470588237443e-03
1.175000000000005684e-03
1.194852941176475451e-03
1.243382352941184432e-03
1.336029411764715503e-03
1.357352941176480105e-03
1.369852941176481547e-03
1.406617647058835312e-03
1.506985294117659663e-03
1.525000000000014191e-03
1.580147058823545489e-03
1.616544117647072129e-03
1.644485294117663168e-03
1.658455882352959663e-03
1.735294117647076832e-03
1.756985294117664005e-03
1.820955882352960631e-03
1.852573529411783229e-03
1.885661764705901747e-03
1.906250000000020125e-03
1.906250000000020558e-03
1.991176470588254879e-03
2.000000000000022159e-03
2.028676470588255953e-03
2.028676470588255520e-03
2.019485294117669139e-03
2.046691176470610482e-03
2.142279411764728622e-03
2.158455882352961191e-03
2.137500000000020460e-03
2.188602941176492640e-03
2.160294117647080115e-03
2.176838235294141759e-03
2.168750000000020921e-03
2.190808823529437604e-03
2.262867647058850080e-03
2.279779411764728658e-03
2.232352941176492158e-03
2.276102941176495146e-03
2.259558823529435236e-03
2.258088235294137148e-03
2.337132352941200149e-03
2.329044117647081913e-03
2.280514705882375967e-03
2.295588235294141258e-03
2.277205882352961556e-03
2.344852941176495380e-03
2.348161764705906755e-03
2.346691176470609968e-03
2.338235294117670029e-03
2.359926470588260671e-03
2.388602941176492297e-03
2.327941176470617671e-03
2.326470588235320016e-03
2.360294117647085844e-03
2.370588235294145141e-03
2.435294117647081053e-03
2.364705882352966665e-03
2.404044117647081893e-03
2.393014705882376154e-03
2.415441176470611070e-03
2.459926470588258331e-03
2.414338235294143358e-03
2.380514705882377964e-03
2.432352941176496586e-03
2.419852941176498830e-03
2.446323529411789394e-03
2.431985294117674449e-03
2.455514705882378811e-03
2.422058823529436421e-03
2.438235294117671592e-03
2.442279411764729843e-03
2.433823529411789470e-03
2.508823529411792486e-03
2.516176470588259509e-03
2.474264705882378481e-03
2.454411764705909799e-03
2.418750000000027649e-03
2.393750000000029101e-03
2.490073529411788913e-03
2.502941176470614443e-03
2.515073529411793098e-03
2.457352941176495567e-03
2.444485294117670904e-03
2.451102941176496255e-03
2.438970588235319335e-03
2.462867647058846268e-03
2.429779411764731653e-03
2.454779411764729767e-03
2.444117647058847466e-03
2.469117647058852519e-03
2.513602941176497612e-03
2.452941176470613445e-03
2.421323529411790847e-03
2.141544117647080445e-03
2.047794117647082530e-03
1.833088235294137985e-03
1.670955882352957635e-03
1.593014705882368201e-03
1.460661764705895429e-03
1.368014705882362840e-03
1.284926470588243974e-03
1.240808823529418849e-03
1.141911764705885431e-03
1.098529411764709134e-03
1.053676470588234965e-03
1.012499999999997560e-03
9.974264705882320524e-04
9.669117647058791173e-04
9.058823529411735723e-04
8.613970588235266360e-04
8.544117647058796896e-04
8.334558823529385251e-04
8.352941176470561483e-04
7.790441176470563802e-04
7.499999999999976304e-04
7.595588235294094010e-04
7.345588235294093354e-04
7.330882352941153670e-04
7.397058823529388755e-04
7.187499999999977110e-04
6.867647058823506991e-04
7.040441176470565087e-04
6.775735294117624747e-04
6.764705882352919442e-04
6.492647058823509260e-04
6.573529411764685113e-04
6.393382352941156090e-04
6.613970588235274124e-04
6.356617647058803626e-04
6.356617647058803626e-04
6.448529411764684785e-04
6.338235294117626310e-04
6.227941176470567835e-04
5.937499999999981421e-04
6.246323529411745151e-04
5.933823529411745958e-04
6.363970588235273469e-04
6.128676470588215750e-04
6.246323529411745151e-04
6.062499999999980665e-04
5.948529411764686727e-04
5.886029411764687105e-04
6.022058823529392738e-04
6.132352941176451213e-04
6.033088235294098043e-04
6.113970588235274981e-04
5.999999999999981043e-04
6.073529411764687054e-04
6.003676470588217590e-04
5.841911764705863715e-04
6.110294117647039518e-04
6.007352941176451969e-04
5.893382352941158031e-04
5.768382352941157703e-04
5.863970588235275410e-04
5.665441176470570155e-04
5.797794117647040325e-04
5.790441176470569398e-04
5.819852941176452020e-04
5.819852941176452020e-04
5.650735294117629386e-04
5.709558823529393545e-04
5.852941176470570104e-04
5.999999999999981043e-04
5.720588235294099934e-04
5.871323529411746336e-04
5.874999999999981799e-04
5.867647058823510873e-04
5.790441176470569398e-04
5.702205882352922618e-04
5.720588235294099934e-04
5.591911764705865227e-04
5.716911764705864471e-04
5.790441176470569398e-04
5.716911764705864471e-04
5.915441176470569726e-04
5.797794117647040325e-04
5.871323529411747420e-04
5.746323529411746008e-04
5.683823529411746386e-04
5.867647058823510873e-04
5.683823529411746386e-04
5.797794117647040325e-04
5.650735294117629386e-04
5.727941176470569776e-04
5.874999999999981799e-04
5.966911764705862958e-04
5.860294117647039946e-04
5.658088235294101397e-04
5.720588235294099934e-04
5.654411764705864849e-04
5.691176470588217313e-04
6.036764705882333507e-04
5.617647058823511301e-04
5.705882352941158081e-04
5.904411764705863336e-04
6.014705882352922896e-04
5.683823529411746386e-04
5.794117647058804861e-04
5.852941176470570104e-04
5.761029411764687861e-04
5.661764705882334691e-04
6.176470588235274603e-04
5.665441176470570155e-04
5.808823529411746714e-04
6.102941176470568592e-04
5.705882352941158081e-04
5.349264705882336582e-04
5.794117647058804861e-04
5.900735294117627873e-04
6.003676470588216506e-04
5.683823529411746386e-04
5.819852941176452020e-04
5.867647058823510873e-04
6.128676470588215750e-04
5.959558823529393116e-04
5.757352941176452398e-04
5.955882352941157653e-04
6.091911764705863286e-04
5.959558823529393116e-04
5.746323529411746008e-04
5.926470588235275032e-04
5.886029411764687105e-04
6.029411764705863664e-04
5.911764705882334263e-04
6.080882352941156897e-04
6.014705882352921812e-04
5.819852941176452020e-04
5.669117647058805618e-04
5.808823529411746714e-04
5.856617647058804483e-04
5.985294117647040274e-04
6.095588235294098749e-04
5.805147058823511251e-04
5.992647058823510117e-04
6.132352941176451213e-04
6.036764705882333507e-04
5.768382352941157703e-04
5.838235294117628251e-04
6.091911764705863286e-04
5.922794117647039568e-04
5.966911764705862958e-04
5.948529411764686727e-04
5.930147058823511579e-04
5.937499999999981421e-04
6.264705882352921383e-04
6.294117647058804004e-04
6.191176470588215372e-04
6.080882352941157981e-04
6.029411764705863664e-04
6.003676470588216506e-04
6.066176470588216128e-04
6.242647058823509688e-04
5.742647058823511629e-04
6.161764705882332750e-04
5.900735294117627873e-04
6.040441176470568970e-04
6.025735294117628201e-04
6.051470588235275359e-04
6.033088235294098043e-04
6.102941176470568592e-04
5.867647058823510873e-04
5.827205882352922946e-04
6.124999999999980287e-04
6.080882352941156897e-04
6.033088235294098043e-04
6.018382352941157275e-04
6.227941176470567835e-04
5.970588235294098422e-04
6.058823529411745202e-04
6.150735294117627445e-04
6.191176470588215372e-04
6.246323529411745151e-04
5.999999999999981043e-04
5.992647058823510117e-04
6.187499999999979908e-04
6.272058823529391225e-04
5.999999999999981043e-04
6.227941176470567835e-04
6.033088235294098043e-04
6.393382352941156090e-04
6.073529411764687054e-04
6.180147058823510066e-04
5.996323529411745580e-04
6.036764705882333507e-04
6.202205882352921761e-04
6.360294117647039090e-04
6.095588235294098749e-04
6.312499999999980236e-04
6.018382352941158359e-04
5.908088235294098800e-04
6.088235294117627823e-04
5.985294117647040274e-04
5.860294117647039946e-04
6.308823529411744773e-04
6.183823529411745529e-04
6.058823529411746286e-04
6.176470588235274603e-04
6.132352941176451213e-04
6.058823529411745202e-04
6.080882352941156897e-04
6.213235294117628151e-04
6.121323529411745908e-04
6.044117647058804433e-04
6.099264705882334213e-04
6.205882352941156140e-04
5.992647058823510117e-04
6.183823529411744445e-04
6.352941176470568163e-04
6.124999999999980287e-04
6.158088235294098371e-04
6.268382352941156846e-04
6.242647058823509688e-04
6.389705882352920627e-04
6.257352941176451541e-04
6.297794117647038383e-04
6.191176470588215372e-04
6.286764705882334162e-04
6.591911764705862429e-04
5.886029411764687105e-04
6.389705882352920627e-04
6.400735294117627016e-04
6.338235294117626310e-04
6.047794117647039896e-04
6.128676470588215750e-04
6.183823529411745529e-04
6.316176470588215699e-04
6.124999999999980287e-04
6.327205882352921005e-04
6.356617647058803626e-04
6.371323529411744395e-04
6.227941176470567835e-04
6.102941176470568592e-04
6.463235294117627722e-04
6.253676470588214993e-04
5.981617647058804811e-04
6.327205882352921005e-04
6.176470588235274603e-04
6.330882352941156468e-04
6.283088235294098699e-04
6.393382352941157174e-04
6.485294117647038333e-04
6.088235294117628907e-04
6.062499999999980665e-04
6.316176470588214615e-04
6.187499999999979908e-04
6.194852941176450835e-04
6.334558823529391931e-04
6.411764705882332322e-04
6.419117647058803248e-04
6.352941176470568163e-04
6.183823529411744445e-04
6.448529411764684785e-04
5.874999999999981799e-04
6.573529411764685113e-04
5.893382352941158031e-04
6.283088235294097615e-04
6.121323529411744823e-04
6.371323529411744395e-04
6.705882352941155283e-04
6.397058823529391553e-04
6.345588235294098321e-04
6.474264705882333028e-04
6.393382352941156090e-04
6.080882352941156897e-04
6.264705882352921383e-04
6.169117647058803677e-04
6.499999999999979102e-04
6.374999999999979858e-04
6.533088235294097186e-04
6.470588235294096480e-04
6.382352941176449700e-04
6.452205882352920249e-04
6.209558823529392688e-04
6.169117647058803677e-04
6.411764705882332322e-04
6.014705882352921812e-04
6.389705882352921711e-04
6.433823529411745101e-04
6.422794117647038711e-04
6.529411764705861723e-04
6.242647058823509688e-04
6.338235294117626310e-04
6.238970588235274225e-04
6.602941176470566650e-04
6.522058823529390797e-04
6.360294117647038005e-04
6.628676470588213809e-04
6.272058823529391225e-04
6.301470588235274931e-04
6.492647058823509260e-04
6.573529411764686197e-04
6.525735294117626260e-04
6.573529411764685113e-04
6.316176470588214615e-04
6.356617647058803626e-04
6.238970588235274225e-04
6.080882352941156897e-04
6.533088235294097186e-04
6.536764705882332650e-04
6.106617647058804055e-04
6.330882352941156468e-04
6.448529411764684785e-04
6.562499999999978724e-04
6.551470588235273418e-04
6.606617647058803198e-04
6.404411764705861395e-04
6.003676470588216506e-04
6.441176470588214943e-04
6.577205882352919492e-04
6.580882352941156040e-04
6.408088235294096859e-04
6.562499999999978724e-04
6.209558823529391603e-04
6.551470588235273418e-04
6.488970588235273796e-04
6.264705882352921383e-04
6.455882352941155712e-04
6.371323529411745479e-04
6.430147058823509638e-04
6.356617647058803626e-04
6.433823529411744017e-04
6.393382352941156090e-04
6.356617647058803626e-04
6.544117647058802492e-04
6.397058823529391553e-04
6.400735294117627016e-04
6.466911764705862101e-04
6.253676470588214993e-04
6.669117647058801735e-04
6.588235294117625882e-04
6.356617647058803626e-04
6.518382352941156418e-04
6.459558823529391175e-04
6.511029411764685491e-04
6.474264705882331944e-04
6.393382352941157174e-04
6.790441176470566600e-04
6.382352941176449700e-04
6.676470588235272662e-04
6.477941176470567407e-04
6.639705882352920198e-04
6.724264705882331515e-04
6.643382352941154577e-04
6.268382352941156846e-04
6.639705882352920198e-04
6.312499999999980236e-04
6.466911764705862101e-04
6.404411764705861395e-04
6.742647058823507747e-04
6.511029411764685491e-04
6.779411764705860211e-04
6.488970588235273796e-04
6.507352941176450028e-04
6.341911764705861774e-04
6.595588235294096808e-04
6.643382352941154577e-04
6.606617647058802114e-04
6.805147058823507369e-04
6.573529411764685113e-04
6.496323529411743639e-04
6.121323529411744823e-04
6.437499999999979480e-04
6.606617647058802114e-04
6.419117647058803248e-04
6.713235294117625125e-04
6.529411764705861723e-04
6.474264705882331944e-04
6.683823529411743588e-04
6.761029411764685063e-04
6.411764705882333406e-04
6.455882352941156796e-04
6.636029411764685819e-04
6.727941176470566978e-04
6.507352941176451112e-04
6.459558823529391175e-04
6.621323529411742882e-04
6.496323529411744723e-04
6.419117647058803248e-04
6.316176470588214615e-04
6.319852941176450078e-04
6.801470588235271906e-04
6.738970588235272284e-04
6.371323529411744395e-04
6.433823529411744017e-04
6.503676470588214565e-04
6.621323529411742882e-04
6.558823529411743260e-04
6.687499999999977967e-04
6.591911764705861345e-04
6.216911764705862530e-04
6.367647058823508932e-04
