5.426470588235276973e-04
5.813725490196059581e-04
6.029411764705863664e-04
6.122549019607823311e-04
6.269607843137235334e-04
6.426470588235273090e-04
6.093137254901941774e-04
6.642156862745077174e-04
6.588235294117625882e-04
6.730392156862722870e-04
6.598039215686253784e-04
6.602941176470566650e-04
6.617647058823509587e-04
6.460784313725469663e-04
6.749999999999978673e-04
6.975490196078408490e-04
6.921568627450958282e-04
6.995098039215664294e-04
6.803921568627428881e-04
7.044117647058800551e-04
6.705882352941155283e-04
6.946078431372526953e-04
7.058823529411743488e-04
7.235294117647034879e-04
6.916666666666645416e-04
7.401960784313702706e-04
6.995098039215664294e-04
7.259803921568603550e-04
7.225490196078408062e-04
7.024509803921545831e-04
7.357843137254878232e-04
7.357843137254878232e-04
7.088235294117625025e-04
7.411764705882328439e-04
7.357843137254878232e-04
7.318627450980369877e-04
7.073529411764684256e-04
7.318627450980369877e-04
7.279411764705858269e-04
7.362745098039192183e-04
7.460784313725466865e-04
7.411764705882328439e-04
7.313725490196054842e-04
7.299019607843114073e-04
7.504901960784290255e-04
7.328431372548996695e-04
7.176470588235270721e-04
7.186274509803898623e-04
7.362745098039192183e-04
7.269607843137231452e-04
7.436274509803897110e-04
7.470588235294094766e-04
7.063725490196055270e-04
7.196078431372526524e-04
7.333333333333309561e-04
7.318627450980368793e-04
7.460784313725466865e-04
7.519607843137229939e-04
7.715686274509779303e-04
7.862745098039190242e-04
7.666666666666641962e-04
7.426470588235271376e-04
7.485294117647034451e-04
7.612745098039191754e-04
7.279411764705858269e-04
7.450980392156840047e-04
7.656862745098014060e-04
7.602941176470564937e-04
7.411764705882328439e-04
7.862745098039191326e-04
7.637254901960759340e-04
7.053921568627428453e-04
7.607843137254876719e-04
7.401960784313701622e-04
7.573529411764682315e-04
7.563725490196053329e-04
7.176470588235270721e-04
7.549019607843113645e-04
7.039215686274486600e-04
7.686274509803897766e-04
7.622549019607819656e-04
7.387254901960761937e-04
7.196078431372525440e-04
7.416666666666642390e-04
7.397058823529387671e-04
7.196078431372526524e-04
7.465686274509780816e-04
7.225490196078408062e-04
7.838235294117622655e-04
7.647058823529388327e-04
7.637254901960759340e-04
7.171568627450956770e-04
7.519607843137231023e-04
7.049019607843115586e-04
7.882352941176446045e-04
7.490196078431348402e-04
7.681372549019582730e-04
7.392156862745073720e-04
7.901960784313700765e-04
7.299019607843115157e-04
7.313725490196055926e-04
7.504901960784289170e-04
7.426470588235270292e-04
7.627450980392132523e-04
7.754901960784288742e-04
7.470588235294093682e-04
7.127450980392133380e-04
7.705882352941151401e-04
7.151960784313703134e-04
7.593137254901935950e-04
7.534313725490171792e-04
7.534313725490172876e-04
7.495098039215663437e-04
7.352941176470564281e-04
7.642156862745073291e-04
7.730392156862720071e-04
7.671568627450954829e-04
7.372549019607819000e-04
7.426470588235271376e-04
7.892156862745072863e-04
7.480392156862721584e-04
7.583333333333309133e-04
7.504901960784289170e-04
7.460784313725465780e-04
7.622549019607819656e-04
7.436274509803897110e-04
7.558823529411740462e-04
7.480392156862720500e-04
7.504901960784290255e-04
7.808823529411740034e-04
7.529411764705858925e-04
7.490196078431348402e-04
7.416666666666643475e-04
7.573529411764682315e-04
7.240196078431348830e-04
7.823529411764680802e-04
7.745098039215660840e-04
7.367647058823505049e-04
7.607843137254876719e-04
7.529411764705857841e-04
7.470588235294094766e-04
7.392156862745073720e-04
7.818627450980367936e-04
7.686274509803896681e-04
7.411764705882328439e-04
7.568627450980368364e-04
7.377450980392132951e-04
7.563725490196053329e-04
7.691176470588211717e-04
7.392156862745073720e-04
7.647058823529387242e-04
7.568627450980368364e-04
7.539215686274485743e-04
7.274509803921546487e-04
7.367647058823505049e-04
7.647058823529388327e-04
7.259803921568603550e-04
7.583333333333310217e-04
7.446078431372526096e-04
7.754901960784288742e-04
7.416666666666643475e-04
7.715686274509779303e-04
7.607843137254876719e-04
7.264705882352918585e-04
7.431372549019583159e-04
7.343137254901936379e-04
7.465686274509780816e-04
7.696078431372524583e-04
7.676470588235269864e-04
7.480392156862720500e-04
7.137254901960762366e-04
7.303921568627428024e-04
7.578431372548995182e-04
6.901960784313703563e-04
7.857843137254877375e-04
7.671568627450956997e-04
7.269607843137231452e-04
7.960784313725464923e-04
7.676470588235268780e-04
7.436274509803897110e-04
7.656862745098014060e-04
7.431372549019584243e-04
7.612745098039191754e-04
7.524509803921544974e-04
7.460784313725465780e-04
7.480392156862720500e-04
7.607843137254876719e-04
7.740196078431347973e-04
7.568627450980367280e-04
7.549019607843113645e-04
7.617647058823504621e-04
7.745098039215661924e-04
7.558823529411740462e-04
7.725490196078406121e-04
7.519607843137229939e-04
7.514705882352917072e-04
7.602941176470563852e-04
7.245098039215662781e-04
7.686274509803896681e-04
7.485294117647034451e-04
7.573529411764681231e-04
7.642156862745073291e-04
7.480392156862720500e-04
7.544117647058798609e-04
7.372549019607819000e-04
7.749999999999974791e-04
7.691176470588211717e-04
7.421568627450956341e-04
7.147058823529388099e-04
7.666666666666643046e-04
7.563725490196053329e-04
7.235294117647034879e-04
7.499999999999975219e-04
7.328431372548995610e-04
7.632352941176445390e-04
7.720588235294093254e-04
7.220588235294094111e-04
7.524509803921543890e-04
7.622549019607818572e-04
7.544117647058799694e-04
7.696078431372524583e-04
7.544117647058799694e-04
7.696078431372524583e-04
7.593137254901935950e-04
7.735294117647034022e-04
7.411764705882329524e-04
7.534313725490172876e-04
7.799019607843113216e-04
7.862745098039190242e-04
7.607843137254876719e-04
7.289215686274486171e-04
7.205882352941153342e-04
7.460784313725465780e-04
7.774509803921543461e-04
7.441176470588212145e-04
7.651960784313701193e-04
7.235294117647034879e-04
7.607843137254876719e-04
7.612745098039190670e-04
7.421568627450957426e-04
7.279411764705859354e-04
7.627450980392133607e-04
7.343137254901936379e-04
7.828431372548994753e-04
7.539215686274485743e-04
7.490196078431348402e-04
7.656862745098015144e-04
7.186274509803899707e-04
7.377450980392132951e-04
7.308823529411740891e-04
7.460784313725465780e-04
7.627450980392132523e-04
7.303921568627426940e-04
7.916666666666641533e-04
7.382352941176446902e-04
7.357843137254879316e-04
7.705882352941151401e-04
7.519607843137229939e-04
7.509803921568604206e-04
7.392156862745073720e-04
7.637254901960759340e-04
7.249999999999976732e-04
7.470588235294094766e-04
7.563725490196053329e-04
7.352941176470564281e-04
7.691176470588210632e-04
7.509803921568604206e-04
7.745098039215660840e-04
7.656862745098015144e-04
7.632352941176446474e-04
7.632352941176445390e-04
7.774509803921544546e-04
7.450980392156838963e-04
7.774509803921543461e-04
7.397058823529387671e-04
7.485294117647034451e-04
7.598039215686250986e-04
7.799019607843113216e-04
7.637254901960760425e-04
7.534313725490172876e-04
7.676470588235269864e-04
7.485294117647034451e-04
7.490196078431348402e-04
7.196078431372525440e-04
7.784313725490170279e-04
7.632352941176445390e-04
7.691176470588210632e-04
7.539215686274485743e-04
7.686274509803897766e-04
7.279411764705859354e-04
7.186274509803898623e-04
7.504901960784290255e-04
7.838235294117622655e-04
7.573529411764682315e-04
7.446078431372525012e-04
7.465686274509780816e-04
7.715686274509778219e-04
7.573529411764681231e-04
7.529411764705857841e-04
7.465686274509779731e-04
7.318627450980369877e-04
7.735294117647034022e-04
7.681372549019582730e-04
7.480392156862720500e-04
7.249999999999977816e-04
7.588235294117622000e-04
7.372549019607819000e-04
7.901960784313700765e-04
7.460784313725466865e-04
7.696078431372523499e-04
7.269607843137231452e-04
7.411764705882328439e-04
7.181372549019584672e-04
7.509803921568604206e-04
7.460784313725466865e-04
7.411764705882328439e-04
7.710784313725465352e-04
7.431372549019584243e-04
7.289215686274486171e-04
7.475490196078406549e-04
7.999999999999973278e-04
7.406862745098015573e-04
7.441176470588211061e-04
7.558823529411740462e-04
7.549019607843113645e-04
7.774509803921543461e-04
7.637254901960759340e-04
7.759803921568602693e-04
7.691176470588210632e-04
7.651960784313701193e-04
7.759803921568602693e-04
7.318627450980368793e-04
7.450980392156840047e-04
7.764705882352915560e-04
7.642156862745074376e-04
7.421568627450956341e-04
7.764705882352915560e-04
7.465686274509779731e-04
7.529411764705858925e-04
7.294117647058801206e-04
7.024509803921546915e-04
7.705882352941152485e-04
7.455882352941151829e-04
7.549019607843113645e-04
7.220588235294094111e-04
7.362745098039192183e-04
7.460784313725466865e-04
7.651960784313700109e-04
7.475490196078407633e-04
7.862745098039190242e-04
7.308823529411740891e-04
7.838235294117621571e-04
7.220588235294095195e-04
7.661764705882328011e-04
7.406862745098016657e-04
7.627450980392132523e-04
7.705882352941151401e-04
7.357843137254878232e-04
7.485294117647035535e-04
7.676470588235268780e-04
7.529411764705858925e-04
7.916666666666640449e-04
7.308823529411740891e-04
7.524509803921544974e-04
7.475490196078406549e-04
7.647058823529387242e-04
7.593137254901935950e-04
7.303921568627426940e-04
7.446078431372525012e-04
7.936274509803896253e-04
7.303921568627426940e-04
7.612745098039190670e-04
7.377450980392132951e-04
7.519607843137229939e-04
7.539215686274486827e-04
7.495098039215662353e-04
7.490196078431348402e-04
7.534313725490172876e-04
7.073529411764683172e-04
7.990196078431346461e-04
7.480392156862720500e-04
7.426470588235271376e-04
7.357843137254878232e-04
7.245098039215663865e-04
7.446078431372525012e-04
7.637254901960759340e-04
7.137254901960761282e-04
7.607843137254877803e-04
7.524509803921543890e-04
7.769607843137229511e-04
7.274509803921545403e-04
7.602941176470563852e-04
7.333333333333309561e-04
7.318627450980369877e-04
7.715686274509778219e-04
7.308823529411741975e-04
7.401960784313701622e-04
7.651960784313701193e-04
7.534313725490171792e-04
7.622549019607818572e-04
7.848039215686248389e-04
7.034313725490173733e-04
7.534313725490172876e-04
7.681372549019583815e-04
7.411764705882328439e-04
7.421568627450957426e-04
7.362745098039192183e-04
7.367647058823505049e-04
7.362745098039192183e-04
7.485294117647034451e-04
7.431372549019583159e-04
7.132352941176447331e-04
7.568627450980368364e-04
7.725490196078406121e-04
7.514705882352917072e-04
7.568627450980367280e-04
7.392156862745074804e-04
7.249999999999976732e-04
7.656862745098014060e-04
7.553921568627427596e-04
7.715686274509779303e-04
7.098039215686251843e-04
7.661764705882329095e-04
7.436274509803897110e-04
7.475490196078407633e-04
7.715686274509779303e-04
7.504901960784289170e-04
7.181372549019584672e-04
7.794117647058798181e-04
7.583333333333309133e-04
7.612745098039191754e-04
7.509803921568604206e-04
7.151960784313702050e-04
7.357843137254879316e-04
7.465686274509779731e-04
7.598039215686250986e-04
7.313725490196054842e-04
7.387254901960759769e-04
7.637254901960759340e-04
7.147058823529389184e-04
7.661764705882328011e-04
7.470588235294094766e-04
7.568627450980367280e-04
8.034313725490170935e-04
7.686274509803896681e-04
7.529411764705857841e-04
7.436274509803897110e-04
7.622549019607818572e-04
7.372549019607819000e-04
7.372549019607819000e-04
7.401960784313701622e-04
7.593137254901937035e-04
7.245098039215663865e-04
7.553921568627426511e-04
7.465686274509779731e-04
7.588235294117622000e-04
7.794117647058798181e-04
7.524509803921543890e-04
7.264705882352918585e-04
7.338235294117624596e-04
7.666666666666643046e-04
7.299019607843114073e-04
7.499999999999975219e-04
7.720588235294092170e-04
7.465686274509780816e-04
7.240196078431349914e-04
7.710784313725465352e-04
7.578431372548995182e-04
7.245098039215662781e-04
7.764705882352916644e-04
7.720588235294093254e-04
7.700980392156838534e-04
7.367647058823505049e-04
7.446078431372526096e-04
7.647058823529387242e-04
7.475490196078406549e-04
7.441176470588212145e-04
7.558823529411740462e-04
7.127450980392134464e-04
7.299019607843114073e-04
7.475490196078407633e-04
7.504901960784289170e-04
7.622549019607818572e-04
7.382352941176446902e-04
7.406862745098015573e-04
7.676470588235269864e-04
7.269607843137231452e-04
7.470588235294093682e-04
7.509803921568604206e-04
7.735294117647034022e-04
7.754901960784288742e-04
7.612745098039190670e-04
7.749999999999975875e-04
7.661764705882328011e-04
7.607843137254877803e-04
7.455882352941152914e-04
7.210784313725467293e-04
7.681372549019583815e-04
7.161764705882329952e-04
7.593137254901935950e-04
7.647058823529387242e-04
7.470588235294093682e-04
7.588235294117622000e-04
7.696078431372523499e-04
7.421568627450956341e-04
7.593137254901935950e-04
7.240196078431349914e-04
7.544117647058799694e-04
7.563725490196053329e-04
7.392156862745073720e-04
7.583333333333309133e-04
7.906862745098013632e-04
7.372549019607819000e-04
7.588235294117622000e-04
7.455882352941151829e-04
7.710784313725465352e-04
7.352941176470564281e-04
7.509803921568604206e-04
7.602941176470564937e-04
7.828431372548994753e-04
7.598039215686250986e-04
7.421568627450957426e-04
7.357843137254878232e-04
7.343137254901936379e-04
7.647058823529387242e-04
7.558823529411740462e-04
7.499999999999976304e-04
7.950980392156838106e-04
7.333333333333309561e-04
7.583333333333310217e-04
7.720588235294093254e-04
7.397058823529387671e-04
7.558823529411741547e-04
7.514705882352918156e-04
7.249999999999976732e-04
7.426470588235270292e-04
7.470588235294094766e-04
7.352941176470564281e-04
7.382352941176446902e-04
7.431372549019583159e-04
7.965686274509778874e-04
7.387254901960761937e-04
7.715686274509778219e-04
7.431372549019583159e-04
7.499999999999975219e-04
7.450980392156838963e-04
7.794117647058799265e-04
7.436274509803897110e-04
7.475490196078406549e-04
7.602941176470563852e-04
7.651960784313700109e-04
7.553921568627427596e-04
7.406862745098015573e-04
7.411764705882328439e-04
7.441176470588211061e-04
7.480392156862720500e-04
7.421568627450956341e-04
7.637254901960760425e-04
7.343137254901938547e-04
7.647058823529388327e-04
7.044117647058800551e-04
7.382352941176447986e-04
7.754901960784288742e-04
7.563725490196054413e-04
7.450980392156838963e-04
7.759803921568602693e-04
7.509803921568604206e-04
7.612745098039191754e-04
7.828431372548994753e-04
7.607843137254876719e-04
7.539215686274485743e-04
7.593137254901935950e-04
7.524509803921543890e-04
7.205882352941153342e-04
7.191176470588212574e-04
7.416666666666643475e-04
7.274509803921546487e-04
8.137254901960758484e-04
7.637254901960759340e-04
7.681372549019582730e-04
7.230392156862722013e-04
7.774509803921544546e-04
7.377450980392134035e-04
7.176470588235270721e-04
7.348039215686250330e-04
7.514705882352917072e-04
7.333333333333310645e-04
7.357843137254879316e-04
7.539215686274485743e-04
7.573529411764682315e-04
7.215686274509780160e-04
7.308823529411741975e-04
7.397058823529387671e-04
7.112745098039192611e-04
7.622549019607819656e-04
7.514705882352917072e-04
7.421568627450956341e-04
7.504901960784289170e-04
7.519607843137229939e-04
7.647058823529387242e-04
7.622549019607818572e-04
7.568627450980367280e-04
7.308823529411740891e-04
7.401960784313701622e-04
7.568627450980367280e-04
7.519607843137229939e-04
7.877450980392131010e-04
7.392156862745074804e-04
7.563725490196054413e-04
7.264705882352917501e-04
7.294117647058800122e-04
7.848039215686248389e-04
7.627450980392132523e-04
7.799019607843113216e-04
7.308823529411740891e-04
7.651960784313700109e-04
7.455882352941152914e-04
7.720588235294092170e-04
7.416666666666643475e-04
7.745098039215661924e-04
7.720588235294092170e-04
7.779411764705857412e-04
7.710784313725466436e-04
7.485294117647035535e-04
7.308823529411741975e-04
7.602941176470563852e-04
7.622549019607818572e-04
7.357843137254878232e-04
7.524509803921543890e-04
7.446078431372526096e-04
7.107843137254878660e-04
7.397058823529388755e-04
7.931372549019582302e-04
7.200980392156840475e-04
7.509803921568603121e-04
7.539215686274486827e-04
7.392156862745073720e-04
7.784313725490170279e-04
7.593137254901935950e-04
7.588235294117622000e-04
7.480392156862720500e-04
7.852941176470562340e-04
7.823529411764680802e-04
7.504901960784289170e-04
7.573529411764681231e-04
7.490196078431348402e-04
7.387254901960759769e-04
7.529411764705857841e-04
7.323529411764681659e-04
7.519607843137229939e-04
7.357843137254879316e-04
7.377450980392134035e-04
7.357843137254879316e-04
7.799019607843112132e-04
7.705882352941151401e-04
7.357843137254879316e-04
7.392156862745073720e-04
7.401960784313701622e-04
7.740196078431347973e-04
7.544117647058798609e-04
7.519607843137229939e-04
7.553921568627426511e-04
7.431372549019583159e-04
7.504901960784289170e-04
7.411764705882329524e-04
7.558823529411741547e-04
7.588235294117622000e-04
7.485294117647034451e-04
7.730392156862721156e-04
7.607843137254877803e-04
7.784313725490171363e-04
7.299019607843114073e-04
7.534313725490171792e-04
7.813725490196052901e-04
7.588235294117622000e-04
7.607843137254877803e-04
7.549019607843112560e-04
7.524509803921544974e-04
7.421568627450957426e-04
7.833333333333307620e-04
7.544117647058799694e-04
7.441176470588211061e-04
7.568627450980368364e-04
7.289215686274487255e-04
7.058823529411741319e-04
7.073529411764683172e-04
7.348039215686250330e-04
7.573529411764681231e-04
7.254901960784291767e-04
7.715686274509779303e-04
7.382352941176447986e-04
7.357843137254878232e-04
7.754901960784288742e-04
7.818627450980366851e-04
7.333333333333309561e-04
7.627450980392132523e-04
7.441176470588211061e-04
7.431372549019584243e-04
7.230392156862722013e-04
7.039215686274486600e-04
7.794117647058799265e-04
7.377450980392132951e-04
7.529411764705857841e-04
7.436274509803897110e-04
7.544117647058798609e-04
7.333333333333309561e-04
7.499999999999975219e-04
7.887254901960758912e-04
7.470588235294094766e-04
7.524509803921544974e-04
7.593137254901935950e-04
7.514705882352917072e-04
7.549019607843113645e-04
7.308823529411740891e-04
7.147058823529388099e-04
7.249999999999977816e-04
7.465686274509779731e-04
7.377450980392132951e-04
7.313725490196055926e-04
7.504901960784290255e-04
7.705882352941152485e-04
7.249999999999977816e-04
7.382352941176447986e-04
7.681372549019583815e-04
7.661764705882329095e-04
7.102941176470565793e-04
7.328431372548995610e-04
7.651960784313701193e-04
6.985294117647036392e-04
7.627450980392133607e-04
7.480392156862720500e-04
7.392156862745073720e-04
7.132352941176447331e-04
7.387254901960759769e-04
7.593137254901935950e-04
7.686274509803896681e-04
7.661764705882329095e-04
7.382352941176447986e-04
7.343137254901936379e-04
7.504901960784290255e-04
7.357843137254878232e-04
6.999999999999977161e-04
7.460784313725465780e-04
7.357843137254878232e-04
7.490196078431349486e-04
7.745098039215660840e-04
7.558823529411740462e-04
7.102941176470564709e-04
6.965686274509781672e-04
7.455882352941152914e-04
7.465686274509780816e-04
7.553921568627427596e-04
7.558823529411741547e-04
7.700980392156838534e-04
7.833333333333308704e-04
7.450980392156840047e-04
7.666666666666643046e-04
7.558823529411740462e-04
7.612745098039190670e-04
7.509803921568603121e-04
7.745098039215661924e-04
7.387254901960759769e-04
7.318627450980368793e-04
7.509803921568604206e-04
7.313725490196055926e-04
7.509803921568603121e-04
7.534313725490171792e-04
7.632352941176445390e-04
7.328431372548995610e-04
7.539215686274486827e-04
7.249999999999976732e-04
7.647058823529387242e-04
7.441176470588211061e-04
7.470588235294093682e-04
7.553921568627426511e-04
7.259803921568604634e-04
7.406862745098015573e-04
7.455882352941152914e-04
7.499999999999975219e-04
7.073529411764683172e-04
7.504901960784289170e-04
7.563725490196053329e-04
7.328431372548996695e-04
7.529411764705857841e-04
7.573529411764681231e-04
7.401960784313701622e-04
7.308823529411740891e-04
7.240196078431349914e-04
7.426470588235271376e-04
7.504901960784290255e-04
7.715686274509779303e-04
7.328431372548996695e-04
7.156862745098016001e-04
7.764705882352916644e-04
7.666666666666643046e-04
7.514705882352917072e-04
7.544117647058798609e-04
7.671568627450956997e-04
7.897058823529385730e-04
7.426470588235270292e-04
7.254901960784290683e-04
7.749999999999974791e-04
7.534313725490171792e-04
7.156862745098016001e-04
7.495098039215662353e-04
7.485294117647034451e-04
7.343137254901938547e-04
7.470588235294093682e-04
7.480392156862720500e-04
7.426470588235271376e-04
7.362745098039192183e-04
7.617647058823504621e-04
7.191176470588212574e-04
7.720588235294092170e-04
7.642156862745074376e-04
7.803921568627424999e-04
7.274509803921546487e-04
7.392156862745073720e-04
7.705882352941152485e-04
7.186274509803898623e-04
7.382352941176446902e-04
7.289215686274486171e-04
7.416666666666642390e-04
7.784313725490170279e-04
7.436274509803898194e-04
7.303921568627426940e-04
7.651960784313700109e-04
7.671568627450956997e-04
7.789215686274484230e-04
7.656862745098015144e-04
7.617647058823505705e-04
7.426470588235270292e-04
7.656862745098015144e-04
7.441176470588211061e-04
7.558823529411740462e-04
7.147058823529388099e-04
7.401960784313701622e-04
7.490196078431349486e-04
7.303921568627426940e-04
7.598039215686249901e-04
7.338235294117623512e-04
7.622549019607819656e-04
7.416666666666643475e-04
7.279411764705858269e-04
7.504901960784289170e-04
7.759803921568602693e-04
7.460784313725466865e-04
7.700980392156837450e-04
7.803921568627426083e-04
7.446078431372525012e-04
7.544117647058798609e-04
7.514705882352917072e-04
7.406862745098015573e-04
7.769607843137229511e-04
7.411764705882329524e-04
7.421568627450957426e-04
7.333333333333309561e-04
7.401960784313701622e-04
7.367647058823506134e-04
7.151960784313703134e-04
7.519607843137231023e-04
7.431372549019583159e-04
7.843137254901936606e-04
7.323529411764681659e-04
7.769607843137229511e-04
7.088235294117625025e-04
7.715686274509779303e-04
7.759803921568601609e-04
8.004901960784287229e-04
7.367647058823506134e-04
7.499999999999975219e-04
7.666666666666643046e-04
7.568627450980368364e-04
7.828431372548994753e-04
7.436274509803897110e-04
7.612745098039191754e-04
7.735294117647034022e-04
7.779411764705857412e-04
7.539215686274486827e-04
7.671568627450954829e-04
7.799019607843112132e-04
7.338235294117623512e-04
7.338235294117624596e-04
7.401960784313701622e-04
7.666666666666641962e-04
7.441176470588211061e-04
7.176470588235270721e-04
7.700980392156837450e-04
7.568627450980368364e-04
7.642156862745074376e-04
7.700980392156838534e-04
7.392156862745074804e-04
7.700980392156837450e-04
7.539215686274486827e-04
7.769607843137229511e-04
7.117647058823506562e-04
7.593137254901935950e-04
7.249999999999976732e-04
7.328431372548996695e-04
7.593137254901937035e-04
7.666666666666641962e-04
7.328431372548995610e-04
7.426470588235271376e-04
7.401960784313701622e-04
7.563725490196053329e-04
7.681372549019583815e-04
7.357843137254878232e-04
7.745098039215660840e-04
7.901960784313700765e-04
7.014705882352919013e-04
7.401960784313702706e-04
7.397058823529387671e-04
7.460784313725466865e-04
7.509803921568604206e-04
7.480392156862721584e-04
7.504901960784290255e-04
7.735294117647034022e-04
7.568627450980367280e-04
7.308823529411740891e-04
7.700980392156838534e-04
7.294117647058801206e-04
7.539215686274486827e-04
7.602941176470564937e-04
7.774509803921544546e-04
7.240196078431348830e-04
7.691176470588210632e-04
7.754901960784289826e-04
7.186274509803898623e-04
7.049019607843114502e-04
7.485294117647034451e-04
7.245098039215662781e-04
7.480392156862721584e-04
7.235294117647035964e-04
7.460784313725466865e-04
7.539215686274485743e-04
7.833333333333307620e-04
7.622549019607818572e-04
7.730392156862721156e-04
7.416666666666643475e-04
7.602941176470563852e-04
7.862745098039190242e-04
7.470588235294094766e-04
7.514705882352918156e-04
7.441176470588211061e-04
7.647058823529388327e-04
7.563725490196054413e-04
7.666666666666643046e-04
7.602941176470564937e-04
7.651960784313700109e-04
7.637254901960759340e-04
7.348039215686251414e-04
7.544117647058799694e-04
7.166666666666644987e-04
7.289215686274486171e-04
7.897058823529386814e-04
7.470588235294093682e-04
7.485294117647034451e-04
7.338235294117624596e-04
7.544117647058798609e-04
7.534313725490171792e-04
7.563725490196054413e-04
7.450980392156838963e-04
7.313725490196054842e-04
7.421568627450956341e-04
7.151960784313702050e-04
7.426470588235270292e-04
6.892156862745075661e-04
7.534313725490172876e-04
7.759803921568601609e-04
7.411764705882328439e-04
7.651960784313701193e-04
7.455882352941151829e-04
7.686274509803897766e-04
7.887254901960759996e-04
7.779411764705858497e-04
7.730392156862720071e-04
7.544117647058799694e-04
7.328431372548995610e-04
7.450980392156838963e-04
7.230392156862723097e-04
7.509803921568603121e-04
7.529411764705857841e-04
7.392156862745074804e-04
7.754901960784289826e-04
7.397058823529387671e-04
7.661764705882329095e-04
7.240196078431348830e-04
7.524509803921544974e-04
7.745098039215660840e-04
7.691176470588211717e-04
7.308823529411741975e-04
7.264705882352917501e-04
7.593137254901935950e-04
7.455882352941152914e-04
7.808823529411740034e-04
7.446078431372526096e-04
7.578431372548995182e-04
7.686274509803897766e-04
7.681372549019583815e-04
7.490196078431349486e-04
7.794117647058799265e-04
8.627450980392129725e-04
9.137254901960755685e-04
9.514705882352910392e-04
1.001960784313722349e-03
1.061274509803918336e-03
1.042156862745094795e-03
1.052941176470584836e-03
1.116666666666663163e-03
1.182352941176466853e-03
1.228921568627447001e-03
1.229411764705878396e-03
1.287254901960780198e-03
1.301470588235290006e-03
1.311764705882348652e-03
1.342156862745093630e-03
1.376470588235289769e-03
1.361764705882348566e-03
1.364705882352936720e-03
1.425980392156858071e-03
1.411274509803917086e-03
1.417647058823524788e-03
1.438725490196073693e-03
1.459803921568622815e-03
1.499019607843132471e-03
1.424019607843132708e-03
1.465686274509799122e-03
1.479901960784308929e-03
1.478431372549014744e-03
1.468627450980387276e-03
1.438725490196073693e-03
1.509803921568622512e-03
1.506862745098034358e-03
1.447549019607838371e-03
1.524019607843132319e-03
1.503921568627445988e-03
1.523529411764700924e-03
1.515686274509799253e-03
1.511764705882348092e-03
1.456862745098034444e-03
1.494607843137250132e-03
1.524509803921563714e-03
1.502450980392152019e-03
1.564705882352936160e-03
1.537254901960779336e-03
1.487745098039210817e-03
1.536274509803916546e-03
1.425490196078426676e-03
1.500980392156857834e-03
1.506372549019603180e-03
1.518137254901955795e-03
1.519607843137249980e-03
1.437745098039211120e-03
1.528431372549014875e-03
1.520588235294112770e-03
1.456372549019603049e-03
1.430882352941171805e-03
1.456862745098034444e-03
1.517156862745093005e-03
1.449509803921563951e-03
1.466666666666661912e-03
1.462254901960779573e-03
1.467647058823524702e-03
1.471078431372544251e-03
1.486764705882348027e-03
1.453921568627446290e-03
1.411764705882348264e-03
1.431862745098034812e-03
1.436274509803916934e-03
1.432352941176465990e-03
1.408823529411760110e-03
1.434803921568622749e-03
1.438725490196073693e-03
1.395588235294113093e-03
1.401960784313721013e-03
1.392156862745093544e-03
1.428921568627446442e-03
1.432352941176465990e-03
1.356372549019603437e-03
1.369607843137250454e-03
1.407352941176465925e-03
1.432352941176465990e-03
1.446568627450975798e-03
1.351470588235289703e-03
1.370098039215681849e-03
1.387254901960779810e-03
1.380392156862740713e-03
1.392647058823524939e-03
1.372549019607838608e-03
1.403431372549014981e-03
1.350980392156858308e-03
1.411764705882348264e-03
1.353431372549015283e-03
1.420588235294112942e-03
1.363235294117642752e-03
1.336764705882348718e-03
1.393627450980387730e-03
1.388235294117642600e-03
1.334803921568623137e-03
1.360784313725485776e-03
1.376470588235289769e-03
1.346568627450975969e-03
1.301470588235290006e-03
1.371078431372544639e-03
1.378921568627446527e-03
1.366176470588230905e-03
1.401960784313721013e-03
1.356372549019603437e-03
1.351470588235289703e-03
1.398529411764701464e-03
1.401960784313721013e-03
1.397549019607838673e-03
1.361274509803917171e-03
1.443627450980387427e-03
1.457352941176465839e-03
1.517647058823524400e-03
1.491176470588230366e-03
1.482352941176465688e-03
1.479411764705877534e-03
1.499999999999995044e-03
1.548529411764700773e-03
1.496568627450975495e-03
1.494607843137250132e-03
1.503921568627445988e-03
1.529901960784308627e-03
1.519117647058818585e-03
1.468627450980387276e-03
1.556372549019602661e-03
1.541666666666661675e-03
1.557843137254896846e-03
1.567647058823524314e-03
1.567156862745092919e-03
1.538235294117642126e-03
1.576960784313720387e-03
1.564705882352936160e-03
1.608333333333328155e-03
1.559313725490191031e-03
1.613235294117641673e-03
1.591666666666661373e-03
1.526960784313720473e-03
1.605392156862739785e-03
1.523039215686269529e-03
1.603921568627445816e-03
1.580392156862739936e-03
1.579901960784308541e-03
1.563725490196073370e-03
1.633333333333328004e-03
1.562254901960779185e-03
1.625980392156857511e-03
1.578921568627445751e-03
1.595098039215681138e-03
1.599019607843132082e-03
1.583823529411759485e-03
1.573039215686269443e-03
1.594607843137249743e-03
1.600490196078426051e-03
1.561764705882347790e-03
1.572549019607838048e-03
1.606862745098033970e-03
1.586274509803916677e-03
1.604411764705876995e-03
1.574999999999994807e-03
1.590686274509798799e-03
1.568627450980387104e-03
1.578921568627445751e-03
1.524509803921563714e-03
1.572549019607838048e-03
1.532843137254897214e-03
1.565196078431367339e-03
1.609803921568622124e-03
1.560784313725485000e-03
1.535294117647053756e-03
1.605882352941171180e-03
1.543137254901955644e-03
1.569117647058818499e-03
1.617647058823524012e-03
1.614705882352935858e-03
1.584313725490190880e-03
1.507352941176465753e-03
1.613725490196073068e-03
1.577450980392151782e-03
1.478431372549014744e-03
1.555392156862740087e-03
1.589215686274504614e-03
1.495588235294112705e-03
1.588725490196073219e-03
1.551470588235289143e-03
1.523039215686269529e-03
1.597549019607837897e-03
1.601470588235288841e-03
1.536274509803916546e-03
1.520588235294112770e-03
1.558823529411759636e-03
1.543627450980387039e-03
1.511764705882348092e-03
1.493137254901955946e-03
1.453431372549014895e-03
1.511274509803916697e-03
1.488235294117642212e-03
1.495588235294112705e-03
1.492156862745093156e-03
1.500980392156857834e-03
1.519117647058818585e-03
1.518627450980387190e-03
1.461274509803917000e-03
1.435294117647054144e-03
1.483333333333328478e-03
1.487745098039210817e-03
1.482352941176465688e-03
1.488725490196073607e-03
1.485784313725485454e-03
1.520588235294112770e-03
1.521568627450975344e-03
1.462254901960779573e-03
1.491666666666661761e-03
1.522549019607838134e-03
1.475490196078426590e-03
1.498529411764701075e-03
1.527941176470583263e-03
1.457352941176465839e-03
1.487254901960779422e-03
1.520098039215681375e-03
1.491176470588230366e-03
1.459313725490191636e-03
1.523039215686269529e-03
1.518137254901955795e-03
1.476470588235289380e-03
1.445588235294113007e-03
1.498529411764701075e-03
1.482352941176465688e-03
1.435784313725485539e-03
1.474019607843132405e-03
1.470098039215681461e-03
1.472058823529407041e-03
1.462745098039210968e-03
1.494607843137250132e-03
1.481862745098034293e-03
1.442647058823524637e-03
1.472549019607838437e-03
1.428921568627446442e-03
1.407352941176465925e-03
1.443627450980387427e-03
1.489215686274505002e-03
1.456862745098034444e-03
1.425980392156858071e-03
1.400490196078426827e-03
1.421568627450975732e-03
1.428921568627446442e-03
1.400980392156858222e-03
1.433823529411759959e-03
1.441176470588230668e-03
1.434313725490191354e-03
1.401470588235289617e-03
1.456372549019603049e-03
1.444607843137250217e-03
1.429901960784309015e-03
1.472058823529407041e-03
1.408823529411760110e-03
1.363235294117642752e-03
1.418627450980387578e-03
1.420588235294112942e-03
1.401470588235289617e-03
1.436274509803916934e-03
1.382843137254897471e-03
1.451470588235289315e-03
1.406372549019603352e-03
1.415196078431368030e-03
1.355392156862740647e-03
1.430392156862740410e-03
1.374509803921564188e-03
1.389215686274505391e-03
1.387745098039211205e-03
1.405392156862740561e-03
1.391176470588230754e-03
1.455882352941171654e-03
1.376960784313720947e-03
1.416176470588230603e-03
1.428921568627446442e-03
1.397058823529407278e-03
1.390196078431367964e-03
1.392647058823524939e-03
1.350490196078426913e-03
1.399999999999995432e-03
1.407843137254897320e-03
1.398529411764701464e-03
1.362745098039211357e-03
1.347058823529407364e-03
1.349019607843132944e-03
1.387745098039211205e-03
1.372058823529407430e-03
1.312254901960780047e-03
1.370588235294113244e-03
1.379411764705877922e-03
1.306862745098034918e-03
1.383333333333328866e-03
1.331372549019603588e-03
1.340196078431368266e-03
1.336764705882348718e-03
1.403921568627446376e-03
1.329411764705878008e-03
1.303431372549015369e-03
1.323529411764701701e-03
1.326960784313721249e-03
1.368627450980387664e-03
1.355882352941172042e-03
1.318137254901956571e-03
1.349019607843132944e-03
1.314705882352937023e-03
1.324999999999995669e-03
1.313235294117642837e-03
1.351470588235289703e-03
1.366666666666662300e-03
1.327450980392152645e-03
1.315686274509799596e-03
1.274509803921564577e-03
1.342156862745093630e-03
1.315196078431368418e-03
1.291666666666662537e-03
1.299509803921564425e-03
1.295588235294113481e-03
1.276960784313721335e-03
1.351470588235289703e-03
1.356372549019603437e-03
1.344117647058819210e-03
1.297549019607839062e-03
1.307843137254897708e-03
1.257352941176466616e-03
1.358823529411760413e-03
1.286274509803917408e-03
1.265686274509799899e-03
1.338725490196074081e-03
1.275490196078427367e-03
1.323529411764701701e-03
1.300980392156858611e-03
1.292156862745093933e-03
1.324999999999995669e-03
1.264705882352937108e-03
1.304411764705878159e-03
1.293137254901956723e-03
1.252450980392152882e-03
1.311764705882348652e-03
1.249019607843133333e-03
1.274999999999995972e-03
1.313235294117642837e-03
1.264705882352937108e-03
1.248039215686270543e-03
1.309803921568623289e-03
1.306862745098034918e-03
1.284313725490192045e-03
1.274999999999995972e-03
1.273039215686270391e-03
1.276470588235289940e-03
1.277941176470584125e-03
1.238725490196074469e-03
1.249999999999995906e-03
1.259803921568623374e-03
1.301470588235290006e-03
1.261764705882348955e-03
1.268627450980388052e-03
1.258333333333329406e-03
1.252450980392152882e-03
1.267647058823525262e-03
1.239215686274505865e-03
1.282352941176466464e-03
1.267156862745094084e-03
1.237745098039211679e-03
1.236764705882348889e-03
1.230882352941172582e-03
1.257843137254898011e-03
1.274999999999995972e-03
1.240196078431368655e-03
1.258823529411760584e-03
1.251960784313721486e-03
1.257843137254898011e-03
1.200490196078427604e-03
1.230392156862741187e-03
1.264215686274505713e-03
1.271078431372545028e-03
1.270098039215682238e-03
1.215686274509799984e-03
1.251470588235290091e-03
1.290196078431368352e-03
1.204901960784309943e-03
1.249019607843133333e-03
1.244117647058819599e-03
1.223039215686270694e-03
1.277450980392152730e-03
1.205882352941172733e-03
1.215686274509799984e-03
1.225490196078427452e-03
1.217156862745094170e-03
1.250980392156858696e-03
1.199509803921564813e-03
1.224019607843133267e-03
1.229411764705878396e-03
1.247058823529407752e-03
1.193137254901956894e-03
1.251470588235290091e-03
1.210294117647055072e-03
1.176470588235290328e-03
1.249999999999995906e-03
1.219117647058819750e-03
1.199019607843133418e-03
1.214215686274506016e-03
1.204901960784309943e-03
1.240196078431368655e-03
1.202941176470584362e-03
1.168137254901957045e-03
1.223529411764701872e-03
1.189215686274505950e-03
1.202450980392152967e-03
1.195588235294113870e-03
1.215196078431368589e-03
1.190686274509800135e-03
1.198529411764702023e-03
1.211274509803917645e-03
1.213235294117643226e-03
1.176960784313721723e-03
1.180392156862741272e-03
1.205392156862741338e-03
1.247549019607839147e-03
1.243627450980388204e-03
1.181862745098035457e-03
1.202941176470584362e-03
1.189705882352937345e-03
1.181862745098035457e-03
1.147549019607839536e-03
1.165196078431368892e-03
1.182843137254898248e-03
1.189705882352937345e-03
1.157843137254898399e-03
1.200980392156858999e-03
1.189215686274505950e-03
1.163725490196074706e-03
1.166666666666662860e-03
1.187254901960780587e-03
1.169117647058819836e-03
1.152941176470584665e-03
1.157352941176467004e-03
1.173529411764702175e-03
1.260294117647054769e-03
1.122058823529408292e-03
1.157843137254898399e-03
1.156372549019604214e-03
1.177450980392153118e-03
1.171568627450976594e-03
1.170098039215682626e-03
1.175490196078427538e-03
1.208823529411760887e-03
1.170098039215682626e-03
1.143627450980388592e-03
1.160784313725486553e-03
1.140686274509800221e-03
1.159803921568623762e-03
1.124999999999996446e-03
1.148529411764702326e-03
1.158333333333329577e-03
1.160294117647055158e-03
1.156862745098035609e-03
1.182352941176466853e-03
1.158823529411760972e-03
1.142647058823525802e-03
1.152941176470584665e-03
1.127941176470584599e-03
1.141176470588231616e-03
1.168137254901957045e-03
1.122058823529408292e-03
1.116176470588231768e-03
1.174019607843133570e-03
1.203921568627447152e-03
1.139705882352937648e-03
1.153431372549016060e-03
1.138725490196074858e-03
1.116176470588231768e-03
1.099999999999996597e-03
1.147058823529408141e-03
1.140686274509800221e-03
1.127941176470584599e-03
1.125490196078427841e-03
1.104901960784310331e-03
1.138725490196074858e-03
1.137254901960780456e-03
1.159803921568623762e-03
1.090686274509800524e-03
1.124019607843133655e-03
1.149509803921564899e-03
1.160294117647055158e-03
1.149999999999996294e-03
1.165196078431368892e-03
1.138235294117643463e-03
1.092156862745094709e-03
1.149509803921564899e-03
1.157843137254898399e-03
1.147549019607839536e-03
1.120098039215682711e-03
1.161764705882349343e-03
1.088235294117643548e-03
1.136274509803917882e-03
1.143137254901957197e-03
1.132352941176466938e-03
