5.318627450980375473e-04
5.774509803921550142e-04
5.740196078431354654e-04
6.078431372548999921e-04
6.171568627450960652e-04
6.397058823529391553e-04
6.401960784313705504e-04
6.362745098039194981e-04
6.436274509803900992e-04
6.558823529411743260e-04
6.436274509803900992e-04
6.549019607843117527e-04
6.446078431372527810e-04
6.622549019607821370e-04
6.735294117647036821e-04
6.852941176470566222e-04
7.009803921568605063e-04
6.813725490196056783e-04
6.524509803921547772e-04
6.926470588235272233e-04
6.921568627450958282e-04
6.985294117647037476e-04
6.764705882352919442e-04
6.955882352941154855e-04
6.794117647058802063e-04
6.960784313725467722e-04
6.887254901960761710e-04
7.279411764705858269e-04
6.990196078431350343e-04
7.147058823529388099e-04
6.882352941176449928e-04
7.166666666666643903e-04
6.897058823529389612e-04
7.235294117647034879e-04
7.225490196078408062e-04
7.294117647058800122e-04
7.205882352941153342e-04
6.946078431372526953e-04
7.382352941176447986e-04
6.848039215686252271e-04
7.416666666666643475e-04
7.416666666666642390e-04
7.171568627450957854e-04
7.098039215686251843e-04
7.053921568627428453e-04
7.308823529411740891e-04
7.313725490196054842e-04
7.563725490196053329e-04
7.441176470588211061e-04
7.480392156862720500e-04
7.357843137254879316e-04
7.259803921568603550e-04
6.897058823529390696e-04
7.647058823529387242e-04
7.602941176470564937e-04
7.245098039215662781e-04
7.509803921568604206e-04
7.789215686274484230e-04
7.039215686274486600e-04
7.495098039215663437e-04
7.475490196078407633e-04
7.225490196078408062e-04
7.539215686274486827e-04
7.289215686274487255e-04
7.519607843137231023e-04
7.524509803921544974e-04
7.637254901960759340e-04
7.514705882352918156e-04
7.372549019607819000e-04
7.431372549019583159e-04
7.534313725490172876e-04
7.352941176470564281e-04
7.745098039215660840e-04
7.254901960784290683e-04
7.401960784313701622e-04
7.367647058823506134e-04
7.642156862745074376e-04
7.514705882352917072e-04
7.529411764705858925e-04
7.514705882352917072e-04
7.446078431372525012e-04
7.637254901960760425e-04
7.328431372548996695e-04
7.598039215686249901e-04
7.352941176470565365e-04
7.544117647058798609e-04
7.534313725490171792e-04
7.784313725490171363e-04
7.362745098039192183e-04
7.313725490196055926e-04
7.681372549019582730e-04
7.401960784313702706e-04
7.382352941176447986e-04
7.490196078431348402e-04
7.558823529411740462e-04
7.906862745098014716e-04
7.936274509803895169e-04
7.490196078431349486e-04
7.303921568627426940e-04
7.328431372548995610e-04
8.009803921568602264e-04
7.308823529411741975e-04
7.171568627450956770e-04
7.588235294117623084e-04
7.485294117647034451e-04
7.519607843137229939e-04
7.696078431372524583e-04
7.397058823529387671e-04
7.411764705882328439e-04
7.264705882352917501e-04
7.406862745098016657e-04
7.759803921568601609e-04
7.357843137254878232e-04
7.225490196078409146e-04
7.352941176470565365e-04
7.612745098039190670e-04
7.622549019607818572e-04
7.789215686274485314e-04
7.906862745098014716e-04
7.245098039215662781e-04
7.730392156862721156e-04
7.225490196078409146e-04
7.637254901960759340e-04
7.573529411764681231e-04
7.558823529411740462e-04
7.308823529411741975e-04
7.612745098039190670e-04
7.151960784313702050e-04
7.392156862745073720e-04
7.852941176470562340e-04
7.401960784313701622e-04
7.553921568627427596e-04
7.436274509803897110e-04
7.240196078431348830e-04
7.696078431372523499e-04
7.637254901960759340e-04
7.495098039215662353e-04
7.725490196078407205e-04
7.421568627450957426e-04
7.166666666666644987e-04
7.593137254901935950e-04
7.563725490196053329e-04
7.446078431372526096e-04
7.534313725490171792e-04
7.774509803921544546e-04
7.372549019607820085e-04
7.568627450980367280e-04
7.691176470588210632e-04
7.215686274509780160e-04
7.872549019607818143e-04
7.436274509803897110e-04
7.441176470588211061e-04
7.544117647058799694e-04
7.823529411764680802e-04
7.465686274509779731e-04
7.294117647058800122e-04
7.210784313725467293e-04
7.558823529411740462e-04
7.730392156862720071e-04
7.642156862745073291e-04
7.348039215686250330e-04
7.632352941176445390e-04
7.573529411764681231e-04
7.803921568627426083e-04
7.637254901960759340e-04
7.681372549019582730e-04
7.480392156862720500e-04
7.901960784313699681e-04
7.504901960784289170e-04
7.676470588235269864e-04
7.519607843137231023e-04
7.509803921568604206e-04
7.421568627450956341e-04
7.323529411764681659e-04
7.450980392156840047e-04
7.661764705882329095e-04
7.367647058823505049e-04
7.720588235294092170e-04
7.171568627450956770e-04
7.338235294117623512e-04
7.656862745098015144e-04
7.431372549019584243e-04
7.578431372548996266e-04
7.112745098039193695e-04
7.426470588235270292e-04
7.450980392156840047e-04
7.539215686274486827e-04
7.887254901960759996e-04
7.759803921568601609e-04
7.617647058823505705e-04
7.583333333333310217e-04
7.627450980392132523e-04
7.661764705882329095e-04
7.671568627450956997e-04
7.647058823529388327e-04
7.460784313725465780e-04
7.583333333333310217e-04
7.514705882352917072e-04
7.774509803921543461e-04
7.715686274509779303e-04
7.691176470588210632e-04
7.602941176470564937e-04
7.857843137254876291e-04
7.921568627450955484e-04
7.465686274509779731e-04
7.696078431372523499e-04
7.357843137254878232e-04
7.299019607843114073e-04
7.558823529411741547e-04
7.892156862745071779e-04
7.401960784313702706e-04
7.485294117647034451e-04
7.769607843137230595e-04
7.583333333333309133e-04
7.387254901960761937e-04
7.166666666666643903e-04
7.063725490196056354e-04
7.558823529411741547e-04
7.627450980392133607e-04
7.372549019607819000e-04
8.004901960784288313e-04
7.401960784313701622e-04
7.416666666666642390e-04
7.627450980392132523e-04
7.264705882352917501e-04
7.323529411764681659e-04
7.269607843137232536e-04
7.568627450980368364e-04
7.642156862745073291e-04
7.691176470588210632e-04
7.338235294117623512e-04
7.210784313725467293e-04
7.372549019607820085e-04
7.450980392156838963e-04
7.534313725490171792e-04
7.651960784313701193e-04
7.544117647058798609e-04
7.539215686274485743e-04
7.568627450980367280e-04
7.602941176470563852e-04
7.397058823529388755e-04
7.357843137254878232e-04
7.553921568627426511e-04
7.328431372548996695e-04
7.367647058823505049e-04
7.421568627450956341e-04
7.710784313725465352e-04
7.602941176470563852e-04
7.377450980392132951e-04
7.269607843137231452e-04
7.539215686274485743e-04
7.563725490196053329e-04
7.705882352941152485e-04
7.338235294117623512e-04
7.539215686274485743e-04
7.602941176470563852e-04
7.446078431372525012e-04
7.764705882352916644e-04
7.686274509803897766e-04
7.602941176470563852e-04
7.838235294117621571e-04
7.539215686274485743e-04
7.563725490196054413e-04
7.774509803921544546e-04
7.416666666666642390e-04
7.612745098039190670e-04
7.730392156862721156e-04
7.843137254901935522e-04
7.387254901960761937e-04
7.397058823529387671e-04
7.499999999999976304e-04
7.406862745098016657e-04
7.549019607843113645e-04
7.558823529411740462e-04
7.362745098039193267e-04
7.421568627450956341e-04
7.446078431372525012e-04
7.053921568627428453e-04
7.411764705882328439e-04
7.357843137254878232e-04
7.808823529411740034e-04
7.093137254901937892e-04
7.637254901960759340e-04
7.647058823529387242e-04
7.759803921568601609e-04
7.838235294117622655e-04
7.558823529411741547e-04
7.730392156862720071e-04
7.441176470588211061e-04
7.112745098039192611e-04
7.882352941176444961e-04
7.519607843137231023e-04
7.696078431372523499e-04
7.470588235294093682e-04
7.602941176470563852e-04
7.421568627450956341e-04
7.504901960784290255e-04
7.686274509803896681e-04
7.651960784313700109e-04
7.446078431372525012e-04
7.524509803921544974e-04
7.191176470588211489e-04
7.769607843137229511e-04
7.455882352941151829e-04
7.705882352941151401e-04
7.715686274509778219e-04
7.534313725490171792e-04
7.421568627450956341e-04
7.529411764705857841e-04
7.524509803921543890e-04
7.509803921568603121e-04
7.656862745098015144e-04
7.259803921568603550e-04
7.411764705882329524e-04
7.210784313725467293e-04
7.568627450980367280e-04
7.514705882352917072e-04
7.441176470588211061e-04
7.411764705882328439e-04
7.578431372548995182e-04
7.622549019607818572e-04
7.642156862745074376e-04
7.647058823529388327e-04
7.568627450980368364e-04
7.794117647058799265e-04
7.602941176470563852e-04
7.681372549019582730e-04
7.539215686274486827e-04
7.245098039215662781e-04
7.568627450980367280e-04
7.529411764705858925e-04
7.691176470588211717e-04
7.563725490196053329e-04
7.534313725490172876e-04
7.808823529411738950e-04
7.686274509803896681e-04
7.441176470588211061e-04
7.397058823529387671e-04
7.416666666666642390e-04
7.352941176470564281e-04
7.676470588235268780e-04
7.539215686274485743e-04
7.416666666666643475e-04
7.411764705882328439e-04
7.495098039215663437e-04
7.617647058823505705e-04
7.691176470588210632e-04
7.524509803921544974e-04
7.730392156862721156e-04
7.431372549019584243e-04
7.632352941176445390e-04
7.303921568627428024e-04
7.970588235294092825e-04
7.485294117647034451e-04
7.593137254901937035e-04
7.769607843137230595e-04
7.681372549019583815e-04
7.230392156862722013e-04
7.637254901960759340e-04
7.647058823529388327e-04
7.602941176470563852e-04
7.715686274509778219e-04
7.421568627450957426e-04
7.671568627450954829e-04
7.637254901960759340e-04
7.769607843137230595e-04
7.882352941176446045e-04
7.230392156862722013e-04
7.210784313725467293e-04
7.671568627450956997e-04
7.333333333333309561e-04
7.504901960784290255e-04
7.269607843137232536e-04
7.499999999999975219e-04
7.656862745098014060e-04
7.563725490196054413e-04
7.661764705882328011e-04
7.529411764705857841e-04
7.637254901960759340e-04
7.632352941176445390e-04
7.779411764705858497e-04
7.553921568627426511e-04
7.901960784313699681e-04
7.387254901960761937e-04
7.666666666666643046e-04
7.602941176470564937e-04
7.397058823529387671e-04
7.318627450980368793e-04
7.264705882352917501e-04
7.348039215686250330e-04
7.372549019607820085e-04
7.240196078431348830e-04
7.392156862745073720e-04
7.691176470588211717e-04
7.049019607843115586e-04
7.436274509803897110e-04
7.392156862745074804e-04
7.406862745098015573e-04
7.735294117647034022e-04
7.431372549019584243e-04
7.524509803921544974e-04
7.357843137254878232e-04
7.450980392156838963e-04
7.544117647058798609e-04
7.607843137254876719e-04
7.499999999999975219e-04
7.387254901960759769e-04
7.838235294117621571e-04
7.436274509803897110e-04
7.583333333333309133e-04
7.475490196078406549e-04
7.264705882352918585e-04
7.480392156862720500e-04
7.205882352941154426e-04
7.661764705882328011e-04
7.818627450980366851e-04
7.789215686274485314e-04
7.426470588235271376e-04
7.441176470588211061e-04
7.607843137254877803e-04
7.254901960784290683e-04
7.387254901960761937e-04
7.563725490196053329e-04
7.411764705882329524e-04
7.504901960784289170e-04
7.411764705882328439e-04
7.627450980392132523e-04
7.225490196078409146e-04
7.397058823529388755e-04
7.274509803921545403e-04
7.465686274509779731e-04
7.509803921568603121e-04
7.563725490196054413e-04
7.397058823529388755e-04
7.627450980392133607e-04
7.558823529411740462e-04
7.602941176470564937e-04
7.730392156862721156e-04
7.137254901960761282e-04
7.294117647058801206e-04
7.107843137254879744e-04
7.676470588235268780e-04
7.259803921568603550e-04
7.455882352941151829e-04
7.225490196078409146e-04
7.774509803921543461e-04
7.171568627450956770e-04
7.632352941176445390e-04
7.730392156862721156e-04
7.411764705882328439e-04
7.411764705882329524e-04
7.529411764705857841e-04
7.593137254901935950e-04
7.794117647058799265e-04
7.534313725490172876e-04
7.691176470588210632e-04
7.632352941176446474e-04
7.210784313725468377e-04
7.259803921568604634e-04
7.436274509803897110e-04
7.181372549019585756e-04
7.705882352941152485e-04
7.102941176470564709e-04
7.583333333333309133e-04
7.475490196078406549e-04
7.622549019607819656e-04
7.602941176470563852e-04
7.308823529411740891e-04
7.544117647058798609e-04
7.465686274509780816e-04
7.715686274509779303e-04
7.813725490196053985e-04
7.382352941176447986e-04
7.318627450980368793e-04
7.352941176470564281e-04
7.382352941176447986e-04
7.490196078431349486e-04
7.573529411764681231e-04
7.544117647058799694e-04
7.284313725490172220e-04
7.480392156862720500e-04
7.666666666666641962e-04
7.245098039215663865e-04
7.142156862745076317e-04
7.686274509803896681e-04
7.833333333333307620e-04
7.357843137254879316e-04
8.044117647058797753e-04
7.426470588235271376e-04
7.720588235294092170e-04
7.514705882352917072e-04
7.534313725490171792e-04
7.681372549019583815e-04
7.774509803921543461e-04
7.725490196078407205e-04
7.578431372548995182e-04
7.784313725490170279e-04
7.328431372548995610e-04
7.367647058823505049e-04
7.431372549019583159e-04
7.495098039215662353e-04
7.264705882352917501e-04
7.465686274509779731e-04
7.352941176470564281e-04
7.553921568627426511e-04
7.578431372548996266e-04
7.666666666666643046e-04
7.299019607843114073e-04
7.735294117647035107e-04
7.254901960784290683e-04
7.450980392156840047e-04
7.480392156862721584e-04
7.588235294117623084e-04
7.774509803921544546e-04
7.480392156862720500e-04
7.495098039215662353e-04
7.411764705882328439e-04
7.838235294117622655e-04
7.171568627450956770e-04
7.357843137254878232e-04
7.485294117647034451e-04
7.338235294117623512e-04
7.352941176470565365e-04
7.676470588235269864e-04
7.465686274509779731e-04
7.632352941176446474e-04
7.455882352941151829e-04
7.573529411764681231e-04
7.764705882352916644e-04
7.475490196078406549e-04
7.367647058823506134e-04
7.749999999999974791e-04
7.397058823529387671e-04
7.352941176470565365e-04
7.460784313725466865e-04
7.308823529411741975e-04
7.862745098039190242e-04
7.671568627450956997e-04
7.446078431372526096e-04
7.441176470588212145e-04
7.759803921568602693e-04
7.593137254901935950e-04
7.406862745098015573e-04
7.656862745098014060e-04
7.362745098039192183e-04
7.735294117647034022e-04
7.357843137254879316e-04
7.406862745098015573e-04
7.499999999999975219e-04
7.235294117647034879e-04
7.313725490196055926e-04
7.583333333333310217e-04
7.254901960784291767e-04
7.774509803921544546e-04
7.352941176470564281e-04
7.460784313725465780e-04
7.705882352941151401e-04
7.558823529411740462e-04
7.470588235294094766e-04
7.274509803921545403e-04
7.553921568627426511e-04
7.088235294117623941e-04
7.745098039215661924e-04
7.240196078431348830e-04
6.975490196078408490e-04
7.774509803921543461e-04
7.720588235294092170e-04
7.617647058823505705e-04
7.514705882352917072e-04
7.573529411764681231e-04
7.642156862745073291e-04
7.514705882352918156e-04
7.475490196078406549e-04
7.416666666666642390e-04
7.769607843137229511e-04
7.549019607843112560e-04
7.691176470588211717e-04
7.490196078431348402e-04
7.612745098039190670e-04
7.803921568627424999e-04
7.715686274509779303e-04
7.382352941176446902e-04
7.539215686274486827e-04
7.622549019607818572e-04
7.225490196078408062e-04
7.357843137254879316e-04
7.098039215686251843e-04
7.539215686274485743e-04
7.705882352941151401e-04
7.710784313725465352e-04
7.720588235294093254e-04
7.259803921568603550e-04
7.637254901960759340e-04
7.558823529411740462e-04
7.284313725490173305e-04
7.147058823529388099e-04
7.799019607843112132e-04
7.117647058823507646e-04
7.338235294117623512e-04
7.583333333333310217e-04
7.490196078431348402e-04
7.598039215686250986e-04
7.558823529411740462e-04
7.392156862745073720e-04
7.617647058823505705e-04
7.519607843137231023e-04
7.171568627450956770e-04
7.377450980392132951e-04
7.230392156862722013e-04
7.245098039215662781e-04
7.578431372548995182e-04
7.759803921568602693e-04
7.637254901960760425e-04
7.553921568627427596e-04
7.441176470588211061e-04
7.333333333333310645e-04
7.480392156862721584e-04
7.848039215686248389e-04
7.333333333333309561e-04
7.666666666666641962e-04
7.490196078431349486e-04
7.499999999999975219e-04
7.642156862745074376e-04
7.083333333333309990e-04
7.460784313725466865e-04
7.671568627450956997e-04
7.774509803921544546e-04
7.284313725490173305e-04
7.215686274509781244e-04
7.406862745098015573e-04
7.490196078431348402e-04
7.745098039215661924e-04
7.705882352941152485e-04
7.735294117647034022e-04
7.730392156862721156e-04
7.598039215686250986e-04
7.475490196078406549e-04
7.485294117647034451e-04
7.803921568627426083e-04
7.436274509803897110e-04
7.151960784313702050e-04
7.730392156862721156e-04
7.485294117647034451e-04
7.617647058823504621e-04
7.833333333333307620e-04
7.539215686274485743e-04
7.421568627450957426e-04
7.401960784313702706e-04
7.691176470588211717e-04
7.946078431372523071e-04
7.421568627450957426e-04
7.446078431372525012e-04
7.519607843137229939e-04
7.303921568627426940e-04
7.995098039215660412e-04
7.441176470588212145e-04
7.803921568627424999e-04
7.612745098039190670e-04
7.436274509803898194e-04
7.936274509803895169e-04
7.274509803921546487e-04
7.426470588235271376e-04
7.264705882352917501e-04
7.573529411764681231e-04
7.593137254901935950e-04
7.568627450980368364e-04
7.769607843137229511e-04
7.549019607843113645e-04
7.637254901960760425e-04
7.245098039215662781e-04
7.416666666666643475e-04
7.441176470588212145e-04
7.495098039215663437e-04
7.323529411764681659e-04
7.906862745098014716e-04
7.318627450980369877e-04
7.328431372548995610e-04
7.367647058823506134e-04
7.700980392156837450e-04
7.735294117647035107e-04
7.578431372548996266e-04
7.357843137254878232e-04
7.583333333333310217e-04
7.588235294117622000e-04
7.480392156862720500e-04
7.240196078431348830e-04
7.362745098039192183e-04
7.235294117647034879e-04
7.622549019607818572e-04
7.602941176470564937e-04
7.333333333333309561e-04
6.985294117647037476e-04
7.299019607843114073e-04
7.284313725490172220e-04
7.568627450980368364e-04
7.740196078431346889e-04
7.882352941176446045e-04
7.397058823529388755e-04
7.397058823529387671e-04
7.549019607843113645e-04
7.519607843137231023e-04
7.465686274509779731e-04
7.495098039215662353e-04
7.676470588235269864e-04
7.416666666666643475e-04
7.328431372548996695e-04
7.754901960784288742e-04
7.382352941176446902e-04
7.813725490196053985e-04
7.416666666666642390e-04
7.343137254901936379e-04
7.352941176470565365e-04
7.411764705882329524e-04
7.607843137254877803e-04
7.470588235294093682e-04
7.254901960784291767e-04
6.999999999999977161e-04
7.421568627450957426e-04
7.450980392156838963e-04
7.593137254901935950e-04
7.769607843137230595e-04
7.617647058823504621e-04
7.696078431372523499e-04
7.465686274509780816e-04
7.196078431372525440e-04
7.696078431372524583e-04
7.632352941176445390e-04
7.446078431372526096e-04
7.539215686274486827e-04
7.436274509803897110e-04
7.196078431372526524e-04
7.612745098039191754e-04
7.568627450980367280e-04
7.446078431372525012e-04
7.254901960784290683e-04
6.990196078431350343e-04
7.299019607843115157e-04
7.333333333333310645e-04
7.705882352941151401e-04
7.651960784313701193e-04
7.691176470588210632e-04
7.730392156862720071e-04
7.602941176470563852e-04
7.191176470588211489e-04
7.612745098039191754e-04
7.539215686274485743e-04
7.151960784313703134e-04
7.642156862745073291e-04
7.397058823529387671e-04
7.671568627450954829e-04
7.705882352941151401e-04
7.514705882352917072e-04
7.568627450980367280e-04
7.622549019607818572e-04
7.392156862745073720e-04
7.176470588235271805e-04
7.387254901960759769e-04
7.617647058823504621e-04
7.661764705882329095e-04
7.426470588235271376e-04
7.661764705882328011e-04
7.460784313725465780e-04
7.720588235294093254e-04
7.749999999999974791e-04
7.382352941176446902e-04
7.431372549019584243e-04
7.558823529411740462e-04
7.352941176470565365e-04
7.308823529411740891e-04
7.475490196078406549e-04
7.323529411764681659e-04
7.926470588235269435e-04
7.627450980392133607e-04
7.745098039215660840e-04
7.406862745098016657e-04
7.617647058823504621e-04
7.754901960784289826e-04
7.053921568627428453e-04
7.740196078431347973e-04
7.210784313725467293e-04
7.745098039215661924e-04
7.475490196078406549e-04
7.450980392156840047e-04
7.696078431372523499e-04
7.681372549019582730e-04
7.352941176470564281e-04
7.328431372548995610e-04
7.068627450980369221e-04
7.245098039215662781e-04
7.406862745098015573e-04
7.593137254901937035e-04
7.950980392156838106e-04
7.406862745098015573e-04
7.926470588235268351e-04
7.382352941176446902e-04
7.710784313725466436e-04
7.392156862745073720e-04
7.269607843137232536e-04
7.279411764705859354e-04
7.602941176470564937e-04
7.730392156862720071e-04
7.490196078431349486e-04
7.073529411764684256e-04
7.632352941176445390e-04
7.475490196078406549e-04
7.519607843137231023e-04
7.779411764705857412e-04
7.740196078431346889e-04
7.588235294117623084e-04
7.450980392156840047e-04
7.338235294117623512e-04
7.475490196078407633e-04
7.254901960784291767e-04
7.372549019607820085e-04
7.441176470588211061e-04
7.598039215686250986e-04
7.436274509803898194e-04
7.465686274509779731e-04
7.352941176470565365e-04
7.499999999999976304e-04
7.789215686274484230e-04
7.583333333333309133e-04
7.436274509803898194e-04
7.343137254901938547e-04
7.519607843137229939e-04
7.436274509803898194e-04
7.308823529411741975e-04
7.524509803921543890e-04
7.333333333333309561e-04
7.387254901960759769e-04
7.338235294117623512e-04
7.852941176470562340e-04
7.411764705882328439e-04
7.333333333333309561e-04
7.284313725490172220e-04
7.622549019607818572e-04
7.578431372548996266e-04
7.534313725490171792e-04
7.598039215686250986e-04
7.524509803921543890e-04
7.691176470588210632e-04
7.818627450980367936e-04
7.519607843137229939e-04
7.377450980392132951e-04
7.671568627450956997e-04
7.544117647058798609e-04
7.499999999999975219e-04
7.318627450980368793e-04
7.617647058823504621e-04
7.499999999999975219e-04
7.696078431372523499e-04
7.544117647058798609e-04
7.465686274509780816e-04
7.475490196078406549e-04
7.284313725490172220e-04
7.480392156862720500e-04
7.161764705882329952e-04
7.666666666666641962e-04
7.137254901960761282e-04
7.499999999999975219e-04
7.602941176470563852e-04
7.661764705882329095e-04
7.813725490196052901e-04
7.480392156862721584e-04
7.490196078431349486e-04
7.544117647058799694e-04
6.999999999999977161e-04
7.671568627450954829e-04
7.563725490196053329e-04
7.696078431372523499e-04
7.401960784313701622e-04
7.544117647058798609e-04
7.382352941176446902e-04
7.112745098039192611e-04
7.740196078431346889e-04
7.696078431372524583e-04
7.259803921568603550e-04
7.607843137254877803e-04
7.573529411764681231e-04
7.612745098039190670e-04
7.749999999999975875e-04
7.406862745098015573e-04
7.294117647058800122e-04
7.392156862745073720e-04
7.235294117647034879e-04
7.446078431372526096e-04
7.602941176470564937e-04
7.926470588235268351e-04
7.730392156862721156e-04
7.691176470588210632e-04
7.612745098039190670e-04
7.774509803921543461e-04
7.749999999999975875e-04
7.598039215686250986e-04
7.514705882352917072e-04
7.720588235294093254e-04
7.455882352941151829e-04
7.661764705882328011e-04
7.558823529411740462e-04
7.838235294117622655e-04
7.426470588235271376e-04
7.573529411764681231e-04
7.735294117647034022e-04
7.411764705882329524e-04
7.892156862745071779e-04
7.563725490196053329e-04
7.460784313725465780e-04
7.647058823529388327e-04
7.519607843137229939e-04
7.465686274509779731e-04
7.539215686274485743e-04
7.416666666666642390e-04
7.416666666666643475e-04
7.362745098039192183e-04
7.455882352941151829e-04
7.612745098039191754e-04
7.602941176470564937e-04
7.387254901960761937e-04
7.504901960784289170e-04
7.813725490196053985e-04
7.558823529411740462e-04
7.504901960784289170e-04
7.495098039215663437e-04
7.078431372548998207e-04
7.931372549019582302e-04
7.588235294117623084e-04
7.269607843137231452e-04
7.519607843137229939e-04
7.681372549019582730e-04
7.578431372548995182e-04
7.455882352941152914e-04
7.259803921568603550e-04
7.416666666666643475e-04
7.725490196078407205e-04
7.465686274509779731e-04
7.264705882352918585e-04
7.544117647058798609e-04
7.499999999999975219e-04
7.715686274509779303e-04
7.397058823529387671e-04
7.200980392156839391e-04
7.720588235294093254e-04
7.254901960784290683e-04
7.098039215686251843e-04
7.328431372548995610e-04
7.651960784313700109e-04
7.764705882352916644e-04
7.436274509803897110e-04
7.161764705882329952e-04
7.338235294117623512e-04
7.504901960784289170e-04
7.455882352941151829e-04
7.137254901960762366e-04
7.323529411764682744e-04
7.416666666666642390e-04
7.857843137254876291e-04
7.416666666666642390e-04
7.549019607843112560e-04
7.759803921568602693e-04
7.196078431372526524e-04
7.588235294117623084e-04
7.524509803921544974e-04
7.642156862745074376e-04
7.715686274509778219e-04
7.534313725490171792e-04
7.485294117647035535e-04
7.696078431372524583e-04
7.661764705882329095e-04
7.436274509803898194e-04
7.833333333333308704e-04
7.583333333333310217e-04
7.421568627450957426e-04
7.632352941176446474e-04
7.661764705882329095e-04
7.401960784313701622e-04
7.480392156862721584e-04
7.284313725490172220e-04
7.544117647058798609e-04
7.514705882352918156e-04
7.911764705882327582e-04
7.328431372548995610e-04
7.696078431372524583e-04
7.338235294117623512e-04
7.387254901960761937e-04
7.985294117647032510e-04
7.441176470588212145e-04
7.558823529411740462e-04
7.661764705882328011e-04
7.573529411764682315e-04
7.200980392156839391e-04
7.700980392156838534e-04
7.735294117647034022e-04
7.705882352941152485e-04
7.769607843137229511e-04
7.249999999999976732e-04
7.176470588235270721e-04
7.568627450980367280e-04
7.416666666666642390e-04
7.431372549019583159e-04
7.691176470588211717e-04
7.970588235294092825e-04
8.426470588235267494e-04
9.220588235294087430e-04
9.661764705882322415e-04
1.020098039215683100e-03
1.108823529411761275e-03
1.139215686274506253e-03
1.169607843137251231e-03
1.246568627450976357e-03
1.318137254901956571e-03
1.315196078431368418e-03
1.397058823529407278e-03
1.438725490196073693e-03
1.449999999999995346e-03
1.512254901960779488e-03
1.546568627450975409e-03
1.565686274509798734e-03
1.592647058823524163e-03
1.654901960784308304e-03
1.693137254901955170e-03
1.681862745098033950e-03
1.624019607843132148e-03
1.699509803921563089e-03
1.730392156862739462e-03
1.759803921568621867e-03
1.711274509803915921e-03
1.791176470588229418e-03
1.697549019607837509e-03
1.785784313725484506e-03
1.771568627450974482e-03
1.711764705882347316e-03
1.749509803921562787e-03
1.811764705882346928e-03
1.810784313725484138e-03
1.825980392156856952e-03
1.834803921568621413e-03
1.815196078431366477e-03
1.826960784313719525e-03
1.868137254901954545e-03
1.839705882352935364e-03
1.884313725490189932e-03
1.853431372549013559e-03
1.806372549019601799e-03
1.924019607843130983e-03
1.829411764705876501e-03
1.836764705882346993e-03
1.884313725490189932e-03
1.863725490196072206e-03
1.802450980392150855e-03
1.870098039215680125e-03
1.761274509803915835e-03
1.791666666666661030e-03
1.841666666666660727e-03
1.824019607843131371e-03
1.781372549019601950e-03
1.838235294117640962e-03
1.805882352941170620e-03
1.861274509803915664e-03
1.770098039215680513e-03
1.802941176470582250e-03
1.819117647058817420e-03
1.804901960784307830e-03
1.790686274509798240e-03
1.799019607843131306e-03
1.775490196078425426e-03
1.767156862745092143e-03
1.745588235294111843e-03
1.789705882352935233e-03
1.688725490196072831e-03
1.730392156862739462e-03
1.736274509803915770e-03
1.744607843137249053e-03
1.741176470588229504e-03
1.776470588235288216e-03
1.762254901960778409e-03
1.712745098039210106e-03
1.731372549019602036e-03
1.761764705882347230e-03
1.665196078431367167e-03
1.735294117647053196e-03
1.749999999999994182e-03
1.764705882352935384e-03
1.737745098039210172e-03
1.752941176470582552e-03
1.714705882352935470e-03
1.745588235294111843e-03
1.740196078431366714e-03
1.698039215686269121e-03
1.647058823529406416e-03
1.738235294117641350e-03
1.736764705882347165e-03
1.661764705882347619e-03
1.669117647058818111e-03
1.701960784313719848e-03
1.685294117647053499e-03
1.683333333333327702e-03
1.637254901960779165e-03
1.633823529411759399e-03
1.637745098039210343e-03
1.649019607843131780e-03
1.663725490196072982e-03
1.673529411764700667e-03
1.636764705882347553e-03
1.646568627450975021e-03
1.622549019607837746e-03
1.685784313725484894e-03
1.638725490196073133e-03
1.682843137254896523e-03
1.699999999999994484e-03
1.742647058823523689e-03
1.719117647058817809e-03
1.714215686274504075e-03
1.708823529411759379e-03
1.744117647058817874e-03
1.753921568627445126e-03
1.780392156862739376e-03
1.820588235294111823e-03
1.795098039215680362e-03
1.828921568627444889e-03
1.828431372549013494e-03
1.816666666666660662e-03
1.798039215686268516e-03
1.873039215686268279e-03
1.860784313725484052e-03
1.859313725490190083e-03
1.871568627450974093e-03
1.830392156862739074e-03
1.909313725490189781e-03
1.862254901960778454e-03
1.860294117647052874e-03
1.821568627450974396e-03
1.900980392156856715e-03
1.937254901960777783e-03
1.850490196078425405e-03
1.899509803921562313e-03
1.814215686274504120e-03
1.877941176470582013e-03
1.834313725490190235e-03
1.880882352941170167e-03
1.873039215686268496e-03
1.899019607843130918e-03
1.886274509803915296e-03
1.871568627450974310e-03
1.903921568627444652e-03
1.915196078431366305e-03
1.913235294117640725e-03
1.938725490196071969e-03
1.905882352941170449e-03
1.887745098039209698e-03
1.867647058823523150e-03
1.872058823529405489e-03
1.895098039215680191e-03
1.900980392156856498e-03
1.897058823529405554e-03
1.800490196078425491e-03
1.817156862745092057e-03
1.912745098039209547e-03
1.875980392156856649e-03
1.928921568627444717e-03
1.917156862745091886e-03
1.937745098039209178e-03
1.862745098039209632e-03
1.889215686274503449e-03
1.895098039215680191e-03
1.872549019607836884e-03
1.843627450980386308e-03
1.884313725490190149e-03
1.877941176470582013e-03
1.879901960784307593e-03
1.881862745098032957e-03
1.865686274509797786e-03
1.846078431372543066e-03
1.917156862745091669e-03
1.854901960784307744e-03
1.873039215686268496e-03
1.841176470588229332e-03
1.871078431372542915e-03
1.818627450980386242e-03
1.848529411764699825e-03
1.876470588235288044e-03
1.825490196078425340e-03
1.833333333333327228e-03
1.826470588235288347e-03
1.900980392156856715e-03
1.816666666666660662e-03
1.842647058823523518e-03
1.839705882352935147e-03
1.844117647058817703e-03
1.847549019607837252e-03
1.835784313725484203e-03
1.851470588235288196e-03
1.820098039215680211e-03
1.816666666666660662e-03
1.805882352941170403e-03
1.821568627450974613e-03
1.805882352941170403e-03
1.753431372549013731e-03
1.800980392156856886e-03
1.779901960784307765e-03
1.800490196078425491e-03
1.812254901960778323e-03
1.764705882352935601e-03
1.772549019607837272e-03
1.810784313725484354e-03
1.734803921568621801e-03
1.814215686274503903e-03
1.800490196078425491e-03
1.830392156862739074e-03
1.792156862745092425e-03
1.804901960784308047e-03
1.788235294117641264e-03
1.800980392156857103e-03
1.740686274509798325e-03
1.800980392156856886e-03
1.734313725490190406e-03
1.738235294117641350e-03
1.774999999999994464e-03
1.805882352941170403e-03
1.734313725490190406e-03
1.774019607843131674e-03
1.696568627450974719e-03
1.695588235294112145e-03
1.743137254901955301e-03
1.716666666666661050e-03
1.685784313725484677e-03
1.747058823529406028e-03
1.738235294117641350e-03
1.746078431372543238e-03
1.682352941176465128e-03
1.745098039215680664e-03
1.751470588235288367e-03
1.715196078431367082e-03
1.699019607843131694e-03
1.661764705882347402e-03
1.725980392156857123e-03
1.713725490196072680e-03
1.706862745098033582e-03
1.749019607843131392e-03
1.713725490196072680e-03
1.702941176470582638e-03
1.691666666666661201e-03
1.752941176470582552e-03
1.686274509803916072e-03
1.670098039215680685e-03
1.659313725490190643e-03
1.636764705882347553e-03
1.691666666666661201e-03
1.712254901960778711e-03
1.676470588235288821e-03
1.700490196078425879e-03
1.658823529411759465e-03
1.673529411764700667e-03
1.655882352941171094e-03
1.630882352941171029e-03
1.682843137254896523e-03
1.682843137254896523e-03
1.665196078431367167e-03
1.624509803921563326e-03
1.624509803921563326e-03
1.717156862745092445e-03
1.696568627450974719e-03
1.642156862745092682e-03
1.662745098039210192e-03
1.610784313725484914e-03
1.623529411764700536e-03
1.658333333333327853e-03
1.627941176470582875e-03
1.590686274509799016e-03
1.623529411764700536e-03
1.608823529411759334e-03
1.623529411764700536e-03
1.632843137254896609e-03
1.618137254901955407e-03
1.629411764705877060e-03
1.632352941176465214e-03
1.601960784313720236e-03
1.618627450980386802e-03
1.613725490196073068e-03
1.587254901960779034e-03
1.611764705882347704e-03
1.606862745098033970e-03
1.602941176470583026e-03
1.582352941176465516e-03
1.587254901960779034e-03
1.609313725490190946e-03
1.607843137254896760e-03
1.593137254901955558e-03
1.603431372549014421e-03
1.587254901960779034e-03
1.579901960784308541e-03
1.522549019607838134e-03
1.534313725490190966e-03
1.612745098039210494e-03
1.569117647058818499e-03
1.509313725490191117e-03
1.583333333333328090e-03
1.542647058823524465e-03
1.579411764705877146e-03
1.604411764705876995e-03
1.564705882352936160e-03
1.538235294117642126e-03
1.545098039215681224e-03
1.530392156862740022e-03
1.608333333333328372e-03
1.559313725490191031e-03
1.550490196078426353e-03
1.571078431372543863e-03
1.554411764705877297e-03
1.534313725490190966e-03
1.515196078431367641e-03
1.595098039215681138e-03
1.484313725490191268e-03
1.519607843137249980e-03
1.494117647058818736e-03
1.508823529411759722e-03
1.534313725490190966e-03
1.541176470588230280e-03
1.524509803921563714e-03
1.535784313725485151e-03
1.502450980392152019e-03
1.554411764705877514e-03
1.541666666666661675e-03
1.456862745098034444e-03
1.544607843137249829e-03
1.464215686274505154e-03
1.549999999999994958e-03
1.472549019607838437e-03
1.538235294117642126e-03
1.538235294117642126e-03
1.469607843137250066e-03
1.510294117647053907e-03
1.450490196078426742e-03
1.458333333333328629e-03
1.504411764705877383e-03
1.458333333333328629e-03
1.482352941176465688e-03
1.524999999999995109e-03
1.464705882352936332e-03
1.512254901960779488e-03
1.446568627450975798e-03
1.454901960784309081e-03
1.446078431372544403e-03
1.458333333333328629e-03
1.483823529411759873e-03
1.522549019607838134e-03
1.475980392156857985e-03
1.484313725490191268e-03
1.486764705882348027e-03
1.430882352941171805e-03
1.475980392156857985e-03
1.423529411764701312e-03
1.437745098039211120e-03
1.464705882352936332e-03
1.447058823529406976e-03
1.448529411764701161e-03
1.475490196078426590e-03
1.407352941176465925e-03
1.429901960784309015e-03
1.430392156862740410e-03
1.427941176470583651e-03
1.429901960784309015e-03
1.444117647058818822e-03
1.449509803921563951e-03
1.405882352941171956e-03
1.376960784313720947e-03
1.392156862745093544e-03
1.410294117647054295e-03
1.429901960784309015e-03
1.415196078431368030e-03
1.425490196078426676e-03
1.451470588235289315e-03
1.370098039215681849e-03
1.396568627450975883e-03
1.403921568627446376e-03
1.420588235294112942e-03
1.380882352941172108e-03
1.433823529411759959e-03
1.417647058823524788e-03
1.367647058823525091e-03
1.370588235294113244e-03
1.384803921568623052e-03
1.385294117647054447e-03
1.436274509803916934e-03
1.347058823529407364e-03
1.387254901960779810e-03
1.361764705882348566e-03
1.363235294117642752e-03
1.401960784313721013e-03
1.359803921568622986e-03
1.338235294117642686e-03
1.378921568627446527e-03
1.381862745098034681e-03
1.353431372549015283e-03
1.401470588235289617e-03
1.392156862745093544e-03
1.412745098039211054e-03
1.359313725490191591e-03
1.377450980392152342e-03
1.372058823529407430e-03
1.397058823529407278e-03
1.342647058823525025e-03
1.352941176470583888e-03
1.355392156862740647e-03
1.360784313725485776e-03
1.378431372549015132e-03
1.375490196078426978e-03
1.296568627450976272e-03
1.360294117647054381e-03
1.386274509803917020e-03
1.356372549019603437e-03
1.335784313725485927e-03
1.356372549019603437e-03
1.352450980392152493e-03
1.325980392156858459e-03
1.299019607843133030e-03
1.354901960784309252e-03
1.383823529411760261e-03
1.363235294117642752e-03
1.299999999999995820e-03
1.324019607843133096e-03
1.325490196078427064e-03
1.357352941176466227e-03
1.297549019607839062e-03
1.320098039215681935e-03
1.341666666666662452e-03
1.320098039215681935e-03
1.348039215686270154e-03
1.345098039215682001e-03
1.333333333333328952e-03
1.332352941176466379e-03
1.333333333333328952e-03
1.326470588235289854e-03
1.306862745098034918e-03
1.334803921568623137e-03
1.286764705882348803e-03
1.343137254901956420e-03
1.319607843137250757e-03
1.321568627450976120e-03
1.325490196078427064e-03
1.347549019607838759e-03
1.300490196078427215e-03
1.333333333333328952e-03
1.330392156862740798e-03
1.301470588235290006e-03
1.288725490196074384e-03
1.310294117647054684e-03
1.293627450980387901e-03
1.358333333333329018e-03
1.288235294117642989e-03
1.287745098039211594e-03
1.309313725490191893e-03
1.293137254901956723e-03
1.299019607843133030e-03
1.286764705882348803e-03
1.281372549019603674e-03
1.272058823529407601e-03
1.329901960784309403e-03
1.292156862745093933e-03
1.256862745098035221e-03
1.284803921568623223e-03
1.261274509803917560e-03
1.278921568627446916e-03
1.269117647058819447e-03
1.236274509803917711e-03
1.268627450980388052e-03
1.310784313725486079e-03
1.224509803921564662e-03
1.253921568627447067e-03
1.230392156862741187e-03
1.232352941176466550e-03
1.275490196078427367e-03
1.248039215686270543e-03
1.247549019607839147e-03
1.287745098039211594e-03
1.211764705882349040e-03
1.271078431372545028e-03
1.248529411764701938e-03
1.300490196078427215e-03
1.249509803921564728e-03
1.262254901960780350e-03
1.228921568627447001e-03
1.298039215686270240e-03
1.261274509803917560e-03
1.261274509803917560e-03
1.248039215686270543e-03
1.293627450980387901e-03
1.235784313725486316e-03
1.221078431372545113e-03
1.257352941176466616e-03
1.291176470588231142e-03
1.202941176470584362e-03
1.227941176470584211e-03
1.213235294117643226e-03
1.203921568627447152e-03
1.208333333333329491e-03
1.243627450980388204e-03
1.288235294117642989e-03
1.238235294117643074e-03
1.239215686274505865e-03
1.215686274509799984e-03
