4.861111111111100671e-04
6.194444444444427563e-04
6.527777777777761048e-04
6.277777777777762561e-04
6.999999999999981497e-04
7.083333333333314327e-04
7.444444444444424337e-04
7.444444444444424337e-04
8.527777777777755452e-04
7.388888888888869117e-04
8.055555555555533919e-04
7.916666666666644786e-04
7.861111111111090651e-04
8.305555555555532406e-04
8.777777777777752855e-04
8.527777777777755452e-04
8.444444444444421539e-04
8.805555555555532633e-04
9.416666666666641131e-04
8.805555555555530465e-04
8.777777777777751771e-04
8.833333333333308075e-04
9.166666666666642644e-04
8.916666666666640904e-04
8.388888888888866319e-04
8.777777777777751771e-04
9.305555555555530692e-04
8.611111111111087197e-04
9.694444444444416144e-04
8.499999999999977842e-04
9.055555555555531121e-04
9.694444444444418312e-04
8.583333333333310671e-04
8.972222222222198292e-04
8.888888888888866547e-04
9.083333333333307646e-04
8.666666666666642416e-04
9.249999999999973304e-04
9.138888888888862866e-04
8.999999999999975901e-04
9.111111111111086340e-04
8.638888888888866975e-04
9.083333333333307646e-04
9.749999999999972447e-04
9.444444444444418741e-04
9.277777777777754167e-04
8.916666666666643072e-04
9.333333333333308302e-04
8.333333333333310016e-04
9.166666666666640475e-04
9.305555555555528524e-04
9.472222222222196350e-04
9.222222222222195695e-04
9.222222222222197863e-04
9.527777777777751570e-04
9.361111111111085912e-04
9.472222222222196350e-04
9.527777777777749401e-04
8.055555555555533919e-04
8.749999999999975245e-04
8.638888888888865891e-04
1.019444444444441746e-03
9.305555555555530692e-04
8.777777777777752855e-04
1.013888888888886007e-03
9.722222222222194838e-04
9.805555555555526583e-04
9.194444444444420253e-04
1.061111111111108160e-03
8.805555555555530465e-04
8.972222222222198292e-04
9.888888888888861580e-04
9.888888888888859412e-04
8.916666666666643072e-04
9.611111111111083315e-04
8.638888888888864807e-04
9.527777777777750486e-04
9.111111111111086340e-04
8.361111111111088710e-04
8.805555555555531549e-04
9.916666666666637021e-04
9.249999999999973304e-04
8.527777777777754368e-04
8.666666666666642416e-04
9.361111111111086996e-04
9.416666666666638963e-04
8.944444444444420682e-04
9.055555555555531121e-04
9.749999999999972447e-04
9.555555555555528095e-04
9.222222222222195695e-04
8.833333333333310243e-04
9.138888888888862866e-04
8.666666666666642416e-04
9.249999999999974389e-04
8.888888888888864378e-04
9.666666666666640702e-04
9.222222222222195695e-04
8.999999999999974817e-04
9.083333333333307646e-04
8.861111111111088937e-04
9.166666666666641559e-04
9.166666666666640475e-04
9.138888888888863950e-04
9.638888888888862009e-04
8.916666666666643072e-04
8.777777777777752855e-04
1.049999999999996899e-03
8.694444444444420026e-04
8.444444444444422623e-04
9.444444444444419825e-04
9.916666666666641358e-04
8.555555555555531978e-04
8.944444444444423934e-04
9.166666666666640475e-04
8.694444444444420026e-04
8.916666666666643072e-04
9.138888888888862866e-04
9.972222222222196578e-04
9.166666666666641559e-04
9.805555555555526583e-04
9.444444444444418741e-04
9.361111111111088080e-04
8.749999999999975245e-04
9.166666666666643728e-04
8.555555555555531978e-04
8.083333333333311528e-04
8.666666666666643501e-04
8.916666666666643072e-04
9.555555555555529179e-04
9.194444444444418085e-04
8.444444444444422623e-04
9.194444444444419169e-04
8.305555555555532406e-04
9.277777777777754167e-04
9.194444444444420253e-04
9.111111111111085256e-04
8.694444444444422194e-04
8.972222222222198292e-04
8.194444444444421967e-04
9.361111111111085912e-04
9.138888888888862866e-04
9.333333333333307218e-04
8.972222222222197207e-04
9.416666666666640047e-04
8.722222222222198720e-04
9.222222222222195695e-04
9.861111111111081802e-04
1.011111111111108463e-03
9.638888888888860924e-04
8.722222222222198720e-04
9.666666666666638534e-04
8.333333333333311100e-04
9.333333333333309386e-04
9.583333333333306789e-04
1.016666666666663985e-03
9.888888888888859412e-04
9.499999999999973960e-04
9.972222222222194409e-04
8.388888888888865235e-04
9.944444444444416800e-04
8.805555555555531549e-04
9.888888888888859412e-04
9.749999999999973532e-04
8.694444444444418942e-04
9.388888888888864605e-04
9.138888888888863950e-04
9.388888888888864605e-04
8.611111111111087197e-04
9.027777777777752427e-04
9.694444444444418312e-04
9.722222222222197006e-04
8.222222222222199577e-04
8.694444444444420026e-04
9.722222222222197006e-04
1.019444444444441746e-03
1.024999999999997051e-03
1.013888888888886007e-03
9.527777777777749401e-04
8.833333333333308075e-04
9.083333333333308730e-04
8.444444444444422623e-04
9.138888888888863950e-04
8.777777777777753939e-04
8.416666666666645013e-04
9.861111111111086139e-04
1.061111111111107943e-03
8.666666666666644585e-04
9.527777777777750486e-04
8.888888888888865462e-04
8.499999999999977842e-04
9.499999999999971792e-04
1.002777777777775180e-03
9.638888888888862009e-04
9.611111111111083315e-04
8.972222222222199376e-04
9.638888888888862009e-04
8.999999999999973733e-04
8.499999999999977842e-04
9.999999999999972019e-04
9.416666666666641131e-04
9.194444444444418085e-04
8.277777777777756965e-04
9.083333333333309815e-04
8.638888888888864807e-04
9.166666666666641559e-04
8.055555555555536087e-04
8.833333333333308075e-04
9.388888888888863521e-04
8.638888888888864807e-04
9.833333333333306361e-04
9.388888888888862437e-04
9.666666666666638534e-04
9.222222222222196779e-04
8.861111111111087853e-04
9.499999999999973960e-04
9.444444444444418741e-04
8.944444444444420682e-04
1.019444444444441529e-03
9.083333333333308730e-04
9.805555555555528751e-04
9.249999999999973304e-04
9.166666666666640475e-04
9.638888888888862009e-04
9.555555555555528095e-04
9.499999999999976128e-04
9.916666666666639190e-04
8.388888888888866319e-04
9.083333333333308730e-04
9.916666666666637021e-04
9.722222222222197006e-04
8.638888888888865891e-04
9.138888888888865034e-04
9.222222222222196779e-04
9.666666666666638534e-04
9.333333333333308302e-04
1.024999999999997267e-03
9.277777777777754167e-04
9.111111111111085256e-04
9.666666666666638534e-04
9.888888888888859412e-04
9.249999999999973304e-04
9.277777777777749830e-04
9.249999999999973304e-04
8.749999999999975245e-04
9.388888888888862437e-04
9.611111111111084399e-04
8.499999999999977842e-04
9.611111111111082230e-04
8.722222222222198720e-04
9.194444444444418085e-04
8.972222222222198292e-04
9.472222222222195266e-04
8.333333333333310016e-04
9.666666666666639618e-04
8.388888888888866319e-04
1.047222222222219355e-03
9.222222222222196779e-04
8.722222222222198720e-04
9.444444444444417656e-04
9.027777777777753511e-04
9.611111111111083315e-04
9.638888888888862009e-04
9.361111111111086996e-04
1.038888888888886072e-03
8.333333333333311100e-04
9.444444444444417656e-04
9.444444444444418741e-04
8.638888888888865891e-04
9.444444444444419825e-04
9.249999999999974389e-04
8.138888888888865664e-04
9.166666666666640475e-04
9.666666666666639618e-04
8.722222222222197636e-04
9.888888888888861580e-04
8.749999999999977414e-04
8.833333333333308075e-04
9.305555555555530692e-04
1.027777777777775028e-03
9.333333333333308302e-04
8.722222222222197636e-04
9.499999999999973960e-04
1.013888888888886224e-03
9.083333333333307646e-04
8.749999999999976330e-04
1.049999999999997116e-03
8.499999999999976758e-04
9.611111111111084399e-04
8.277777777777755881e-04
1.030555555555552789e-03
8.777777777777755024e-04
8.583333333333309587e-04
8.444444444444421539e-04
9.916666666666641358e-04
1.005555555555552941e-03
8.361111111111088710e-04
9.055555555555530036e-04
8.527777777777754368e-04
9.527777777777751570e-04
8.666666666666641332e-04
9.694444444444418312e-04
8.999999999999976985e-04
9.444444444444417656e-04
9.333333333333307218e-04
9.749999999999971363e-04
9.249999999999974389e-04
9.111111111111085256e-04
9.166666666666641559e-04
8.499999999999977842e-04
9.361111111111085912e-04
8.944444444444419598e-04
9.499999999999975044e-04
9.499999999999972876e-04
9.694444444444418312e-04
8.305555555555532406e-04
8.833333333333311327e-04
9.638888888888863093e-04
9.194444444444418085e-04
9.249999999999974389e-04
8.555555555555533062e-04
8.999999999999973733e-04
8.444444444444422623e-04
9.027777777777753511e-04
9.111111111111086340e-04
9.638888888888860924e-04
8.805555555555531549e-04
8.888888888888865462e-04
8.472222222222200233e-04
9.277777777777753082e-04
1.019444444444441746e-03
9.583333333333305705e-04
8.861111111111087853e-04
9.249999999999976557e-04
9.944444444444416800e-04
8.583333333333309587e-04
8.861111111111086769e-04
9.305555555555532861e-04
9.277777777777751998e-04
8.222222222222199577e-04
7.888888888888868261e-04
8.833333333333310243e-04
9.166666666666640475e-04
9.361111111111085912e-04
8.527777777777755452e-04
9.416666666666642215e-04
9.444444444444417656e-04
9.499999999999973960e-04
8.444444444444421539e-04
8.972222222222199376e-04
9.499999999999972876e-04
8.916666666666643072e-04
8.222222222222201745e-04
1.027777777777774812e-03
9.527777777777751570e-04
9.111111111111086340e-04
8.166666666666645442e-04
9.305555555555529608e-04
8.888888888888864378e-04
1.024999999999997267e-03
8.944444444444419598e-04
9.388888888888862437e-04
1.036111111111108311e-03
9.083333333333308730e-04
8.944444444444420682e-04
9.555555555555527011e-04
9.111111111111085256e-04
9.777777777777751141e-04
8.749999999999975245e-04
9.277777777777753082e-04
8.638888888888864807e-04
9.388888888888862437e-04
9.388888888888862437e-04
9.499999999999972876e-04
9.333333333333309386e-04
9.527777777777751570e-04
9.249999999999974389e-04
9.944444444444416800e-04
9.694444444444418312e-04
9.194444444444419169e-04
8.472222222222199148e-04
9.138888888888863950e-04
9.472222222222195266e-04
9.555555555555528095e-04
9.027777777777751343e-04
8.833333333333308075e-04
7.999999999999978699e-04
9.888888888888863749e-04
1.047222222222219138e-03
9.749999999999974616e-04
8.722222222222198720e-04
8.416666666666643929e-04
1.027777777777774812e-03
9.777777777777748973e-04
9.166666666666641559e-04
9.666666666666638534e-04
8.305555555555532406e-04
9.472222222222195266e-04
8.916666666666643072e-04
8.777777777777753939e-04
1.002777777777775180e-03
9.499999999999971792e-04
9.249999999999974389e-04
8.833333333333310243e-04
8.416666666666645013e-04
8.694444444444421110e-04
8.916666666666641988e-04
1.041666666666663616e-03
9.694444444444419396e-04
9.999999999999969851e-04
9.027777777777752427e-04
8.861111111111086769e-04
9.277777777777753082e-04
9.749999999999972447e-04
1.044444444444441377e-03
9.527777777777751570e-04
9.638888888888862009e-04
9.333333333333307218e-04
8.611111111111088281e-04
9.166666666666641559e-04
1.027777777777775028e-03
9.666666666666639618e-04
9.055555555555530036e-04
9.055555555555530036e-04
1.049999999999997116e-03
9.416666666666641131e-04
9.833333333333306361e-04
9.527777777777751570e-04
9.277777777777753082e-04
1.013888888888886224e-03
9.638888888888862009e-04
9.444444444444418741e-04
8.805555555555530465e-04
8.999999999999975901e-04
8.166666666666645442e-04
1.019444444444441746e-03
9.805555555555528751e-04
8.694444444444421110e-04
8.861111111111086769e-04
8.972222222222197207e-04
8.111111111111090222e-04
9.305555555555531776e-04
9.638888888888862009e-04
8.638888888888864807e-04
9.166666666666640475e-04
8.777777777777753939e-04
8.999999999999974817e-04
8.499999999999977842e-04
1.002777777777775180e-03
9.611111111111083315e-04
8.999999999999975901e-04
9.138888888888863950e-04
9.055555555555531121e-04
1.019444444444441746e-03
8.972222222222197207e-04
8.833333333333308075e-04
8.555555555555534146e-04
8.388888888888865235e-04
8.416666666666642845e-04
9.555555555555529179e-04
1.008333333333330485e-03
8.944444444444420682e-04
9.944444444444416800e-04
8.472222222222200233e-04
8.749999999999976330e-04
9.527777777777750486e-04
9.361111111111085912e-04
9.666666666666639618e-04
9.861111111111083970e-04
9.388888888888863521e-04
9.111111111111087424e-04
9.583333333333306789e-04
8.722222222222198720e-04
9.888888888888861580e-04
9.333333333333308302e-04
9.555555555555527011e-04
9.444444444444418741e-04
9.527777777777752654e-04
9.277777777777753082e-04
8.999999999999974817e-04
9.555555555555529179e-04
9.472222222222196350e-04
9.138888888888865034e-04
9.027777777777752427e-04
9.277777777777751998e-04
9.861111111111083970e-04
9.249999999999974389e-04
9.388888888888862437e-04
9.055555555555530036e-04
8.722222222222199804e-04
8.527777777777755452e-04
8.416666666666646097e-04
9.388888888888862437e-04
9.638888888888862009e-04
1.016666666666663985e-03
9.138888888888863950e-04
8.944444444444419598e-04
8.694444444444420026e-04
8.888888888888864378e-04
9.499999999999972876e-04
9.777777777777753310e-04
8.749999999999976330e-04
9.722222222222195922e-04
1.041666666666663616e-03
9.583333333333305705e-04
8.777777777777753939e-04
9.749999999999973532e-04
8.694444444444420026e-04
1.008333333333330485e-03
8.805555555555534802e-04
8.916666666666643072e-04
9.444444444444419825e-04
9.277777777777753082e-04
1.016666666666663985e-03
9.888888888888861580e-04
9.527777777777750486e-04
8.749999999999976330e-04
8.583333333333309587e-04
8.861111111111086769e-04
9.638888888888863093e-04
9.194444444444418085e-04
9.083333333333307646e-04
1.016666666666663768e-03
9.166666666666640475e-04
9.583333333333305705e-04
9.166666666666640475e-04
9.277777777777753082e-04
9.583333333333307873e-04
9.472222222222196350e-04
1.005555555555552724e-03
9.638888888888862009e-04
9.499999999999972876e-04
9.749999999999973532e-04
8.722222222222197636e-04
9.027777777777755679e-04
9.472222222222194182e-04
9.999999999999974187e-04
9.305555555555529608e-04
9.277777777777751998e-04
9.055555555555531121e-04
9.222222222222195695e-04
9.777777777777751141e-04
9.027777777777753511e-04
9.416666666666640047e-04
9.749999999999973532e-04
9.305555555555530692e-04
8.499999999999976758e-04
9.277777777777754167e-04
1.061111111111108160e-03
9.194444444444420253e-04
8.527777777777755452e-04
9.138888888888862866e-04
9.555555555555529179e-04
9.249999999999973304e-04
9.527777777777751570e-04
9.305555555555530692e-04
9.749999999999973532e-04
9.194444444444419169e-04
8.583333333333309587e-04
8.916666666666643072e-04
1.002777777777775180e-03
8.749999999999976330e-04
9.777777777777748973e-04
8.666666666666642416e-04
9.249999999999976557e-04
9.444444444444417656e-04
9.388888888888863521e-04
9.416666666666640047e-04
8.972222222222198292e-04
8.166666666666645442e-04
8.944444444444419598e-04
9.972222222222194409e-04
9.361111111111084827e-04
8.499999999999976758e-04
8.999999999999975901e-04
8.805555555555530465e-04
8.666666666666643501e-04
9.333333333333309386e-04
9.027777777777754595e-04
9.666666666666638534e-04
9.861111111111081802e-04
8.749999999999974161e-04
9.833333333333304192e-04
8.499999999999977842e-04
8.833333333333310243e-04
9.111111111111086340e-04
8.027777777777757393e-04
9.138888888888865034e-04
9.555555555555529179e-04
9.499999999999972876e-04
9.833333333333304192e-04
9.444444444444418741e-04
8.638888888888864807e-04
8.833333333333306990e-04
9.361111111111084827e-04
9.083333333333307646e-04
1.005555555555552724e-03
8.777777777777752855e-04
9.999999999999972019e-04
9.611111111111084399e-04
8.666666666666643501e-04
9.555555555555529179e-04
9.666666666666639618e-04
9.138888888888862866e-04
9.472222222222196350e-04
9.472222222222195266e-04
8.888888888888865462e-04
9.611111111111082230e-04
9.333333333333308302e-04
8.388888888888866319e-04
9.527777777777750486e-04
9.527777777777750486e-04
9.916666666666637021e-04
8.694444444444421110e-04
9.138888888888863950e-04
9.277777777777751998e-04
9.972222222222194409e-04
9.305555555555529608e-04
1.002777777777774963e-03
8.694444444444420026e-04
8.861111111111087853e-04
1.016666666666663985e-03
9.444444444444418741e-04
9.138888888888863950e-04
8.416666666666643929e-04
1.005555555555552941e-03
9.111111111111085256e-04
9.166666666666641559e-04
9.777777777777751141e-04
9.277777777777753082e-04
9.361111111111085912e-04
8.833333333333308075e-04
8.777777777777752855e-04
8.944444444444420682e-04
9.388888888888862437e-04
9.499999999999973960e-04
9.805555555555528751e-04
9.111111111111086340e-04
8.527777777777754368e-04
9.666666666666639618e-04
9.027777777777755679e-04
9.194444444444418085e-04
9.305555555555531776e-04
9.277777777777749830e-04
9.166666666666642644e-04
9.333333333333308302e-04
9.361111111111085912e-04
9.805555555555528751e-04
9.694444444444418312e-04
8.611111111111088281e-04
8.583333333333309587e-04
9.388888888888863521e-04
8.833333333333308075e-04
8.972222222222198292e-04
9.722222222222194838e-04
9.055555555555531121e-04
9.611111111111084399e-04
8.472222222222198064e-04
9.722222222222195922e-04
9.777777777777748973e-04
1.041666666666663833e-03
9.222222222222196779e-04
9.861111111111083970e-04
9.027777777777752427e-04
7.583333333333314554e-04
7.972222222222198921e-04
9.972222222222196578e-04
8.833333333333308075e-04
9.611111111111085483e-04
9.749999999999972447e-04
8.944444444444419598e-04
9.249999999999974389e-04
9.166666666666640475e-04
9.527777777777751570e-04
9.666666666666639618e-04
9.694444444444419396e-04
8.361111111111087625e-04
9.666666666666641787e-04
9.083333333333307646e-04
9.527777777777752654e-04
9.555555555555528095e-04
1.069444444444441443e-03
8.611111111111088281e-04
9.444444444444419825e-04
9.166666666666642644e-04
8.916666666666644156e-04
9.694444444444418312e-04
1.027777777777775028e-03
9.694444444444418312e-04
9.305555555555530692e-04
9.388888888888862437e-04
9.166666666666641559e-04
9.916666666666639190e-04
9.888888888888861580e-04
9.555555555555528095e-04
8.888888888888864378e-04
8.666666666666644585e-04
8.722222222222198720e-04
9.166666666666641559e-04
1.019444444444441529e-03
1.005555555555552724e-03
9.527777777777751570e-04
9.888888888888863749e-04
9.055555555555530036e-04
9.361111111111085912e-04
9.499999999999972876e-04
9.611111111111084399e-04
8.722222222222197636e-04
8.777777777777752855e-04
8.944444444444420682e-04
1.002777777777775180e-03
9.166666666666643728e-04
9.499999999999975044e-04
9.638888888888862009e-04
9.111111111111087424e-04
9.611111111111084399e-04
9.888888888888861580e-04
8.666666666666643501e-04
1.030555555555552573e-03
8.944444444444419598e-04
9.333333333333308302e-04
9.027777777777752427e-04
8.666666666666643501e-04
9.138888888888862866e-04
9.722222222222195922e-04
8.249999999999978271e-04
9.333333333333307218e-04
1.019444444444441529e-03
9.527777777777750486e-04
8.583333333333309587e-04
9.416666666666640047e-04
9.583333333333306789e-04
8.833333333333308075e-04
9.722222222222194838e-04
9.305555555555530692e-04
8.666666666666642416e-04
9.416666666666641131e-04
9.694444444444418312e-04
9.111111111111086340e-04
8.666666666666643501e-04
9.861111111111083970e-04
8.305555555555533490e-04
8.861111111111087853e-04
9.444444444444418741e-04
9.527777777777751570e-04
9.638888888888864177e-04
9.277777777777753082e-04
9.222222222222195695e-04
9.111111111111087424e-04
8.361111111111087625e-04
8.722222222222198720e-04
8.583333333333310671e-04
9.416666666666641131e-04
9.249999999999973304e-04
9.249999999999973304e-04
9.555555555555529179e-04
9.111111111111084172e-04
9.305555555555529608e-04
9.222222222222195695e-04
8.666666666666644585e-04
9.555555555555530264e-04
1.011111111111108246e-03
9.722222222222194838e-04
9.416666666666641131e-04
9.027777777777752427e-04
8.777777777777752855e-04
9.888888888888861580e-04
9.138888888888862866e-04
8.805555555555531549e-04
1.011111111111108463e-03
8.972222222222197207e-04
1.036111111111108095e-03
8.555555555555534146e-04
8.777777777777753939e-04
9.611111111111083315e-04
8.055555555555533919e-04
1.008333333333330485e-03
9.444444444444417656e-04
9.444444444444417656e-04
1.008333333333330485e-03
8.972222222222198292e-04
9.472222222222195266e-04
8.888888888888865462e-04
9.194444444444419169e-04
9.249999999999973304e-04
1.019444444444441746e-03
8.694444444444420026e-04
9.583333333333305705e-04
8.805555555555530465e-04
8.361111111111088710e-04
8.694444444444421110e-04
8.722222222222197636e-04
8.777777777777753939e-04
9.499999999999972876e-04
9.611111111111084399e-04
8.805555555555531549e-04
9.666666666666639618e-04
1.008333333333330485e-03
8.444444444444422623e-04
9.333333333333307218e-04
9.361111111111084827e-04
9.944444444444416800e-04
9.777777777777751141e-04
9.972222222222194409e-04
9.388888888888862437e-04
9.361111111111085912e-04
9.916666666666641358e-04
8.888888888888865462e-04
9.527777777777752654e-04
9.694444444444418312e-04
9.583333333333305705e-04
9.611111111111084399e-04
9.333333333333307218e-04
1.002777777777775180e-03
9.833333333333306361e-04
9.138888888888863950e-04
9.833333333333304192e-04
9.388888888888863521e-04
9.083333333333308730e-04
8.638888888888864807e-04
9.166666666666641559e-04
9.722222222222194838e-04
9.333333333333307218e-04
8.499999999999976758e-04
8.694444444444420026e-04
8.749999999999977414e-04
9.611111111111084399e-04
8.444444444444422623e-04
9.472222222222196350e-04
9.027777777777752427e-04
9.833333333333306361e-04
8.999999999999975901e-04
8.083333333333312613e-04
8.611111111111087197e-04
8.555555555555531978e-04
9.805555555555528751e-04
8.722222222222198720e-04
9.555555555555529179e-04
8.611111111111087197e-04
9.305555555555532861e-04
9.194444444444419169e-04
1.011111111111108463e-03
8.916666666666641988e-04
9.777777777777751141e-04
9.611111111111084399e-04
8.861111111111087853e-04
9.499999999999973960e-04
9.444444444444419825e-04
8.805555555555534802e-04
8.999999999999975901e-04
1.008333333333330702e-03
9.138888888888862866e-04
8.444444444444422623e-04
9.888888888888859412e-04
9.055555555555531121e-04
9.583333333333307873e-04
9.805555555555528751e-04
1.019444444444441746e-03
8.999999999999975901e-04
9.055555555555531121e-04
9.694444444444418312e-04
9.277777777777753082e-04
8.833333333333311327e-04
8.805555555555530465e-04
9.138888888888862866e-04
9.277777777777749830e-04
9.805555555555528751e-04
8.333333333333312184e-04
9.305555555555529608e-04
8.472222222222199148e-04
9.111111111111086340e-04
8.527777777777755452e-04
9.361111111111084827e-04
9.472222222222196350e-04
9.416666666666640047e-04
8.999999999999975901e-04
9.388888888888862437e-04
8.999999999999975901e-04
9.722222222222195922e-04
9.472222222222196350e-04
9.333333333333308302e-04
8.638888888888866975e-04
9.555555555555530264e-04
9.111111111111087424e-04
9.305555555555530692e-04
8.527777777777755452e-04
8.888888888888865462e-04
9.583333333333306789e-04
8.805555555555531549e-04
9.138888888888865034e-04
8.527777777777754368e-04
9.027777777777752427e-04
9.333333333333308302e-04
8.805555555555530465e-04
9.111111111111085256e-04
1.047222222222219355e-03
9.499999999999973960e-04
1.005555555555552941e-03
8.249999999999977187e-04
9.388888888888862437e-04
9.138888888888862866e-04
9.499999999999973960e-04
9.111111111111085256e-04
8.722222222222198720e-04
9.611111111111086567e-04
9.388888888888862437e-04
9.027777777777752427e-04
9.666666666666641787e-04
9.833333333333304192e-04
8.888888888888864378e-04
8.916666666666644156e-04
8.888888888888867631e-04
8.888888888888865462e-04
8.944444444444421766e-04
9.277777777777753082e-04
1.061111111111108160e-03
9.777777777777751141e-04
9.222222222222196779e-04
8.527777777777756536e-04
8.444444444444423707e-04
1.022222222222219290e-03
9.583333333333306789e-04
8.888888888888865462e-04
1.036111111111108311e-03
9.083333333333308730e-04
9.472222222222195266e-04
9.611111111111083315e-04
9.027777777777752427e-04
9.611111111111083315e-04
9.083333333333309815e-04
9.138888888888863950e-04
9.166666666666640475e-04
9.527777777777750486e-04
9.361111111111085912e-04
9.777777777777751141e-04
8.999999999999975901e-04
9.666666666666639618e-04
8.833333333333310243e-04
8.722222222222197636e-04
9.055555555555530036e-04
9.444444444444417656e-04
8.611111111111087197e-04
9.249999999999974389e-04
9.555555555555529179e-04
9.555555555555529179e-04
9.777777777777748973e-04
8.694444444444421110e-04
9.166666666666641559e-04
1.013888888888886224e-03
1.036111111111108311e-03
8.861111111111087853e-04
9.194444444444418085e-04
9.027777777777752427e-04
9.249999999999974389e-04
9.305555555555529608e-04
9.638888888888862009e-04
8.555555555555533062e-04
9.527777777777750486e-04
9.722222222222194838e-04
9.666666666666639618e-04
9.083333333333308730e-04
9.555555555555529179e-04
8.611111111111088281e-04
9.666666666666640702e-04
8.999999999999975901e-04
9.444444444444419825e-04
8.999999999999974817e-04
9.777777777777751141e-04
1.016666666666663768e-03
8.972222222222197207e-04
9.083333333333308730e-04
9.555555555555528095e-04
9.444444444444418741e-04
9.305555555555530692e-04
9.166666666666640475e-04
9.749999999999972447e-04
9.583333333333306789e-04
9.083333333333309815e-04
9.388888888888862437e-04
9.583333333333305705e-04
9.416666666666640047e-04
9.388888888888862437e-04
7.249999999999982153e-04
8.611111111111089365e-04
1.008333333333330702e-03
8.333333333333310016e-04
9.416666666666641131e-04
1.086111111111108226e-03
9.472222222222195266e-04
9.611111111111084399e-04
8.999999999999975901e-04
9.055555555555532205e-04
8.499999999999977842e-04
8.249999999999978271e-04
8.361111111111088710e-04
9.749999999999973532e-04
8.999999999999975901e-04
9.027777777777753511e-04
1.008333333333330485e-03
8.777777777777752855e-04
1.086111111111108226e-03
1.208333333333329925e-03
1.358333333333329451e-03
1.472222222222218085e-03
1.619444444444439633e-03
1.663888888888883809e-03
1.819444444444439073e-03
1.952777777777771817e-03
2.047222222222216340e-03
2.127777777777770975e-03
2.244444444444437803e-03
2.166666666666660496e-03
2.347222222222215392e-03
2.447222222222215221e-03
2.508333333333325962e-03
2.455555555555548070e-03
2.436111111111103743e-03
2.344444444444437631e-03
2.358333333333326436e-03
2.480555555555547919e-03
2.488888888888881202e-03
2.361111111111104197e-03
2.599999999999992074e-03
2.436111111111103743e-03
2.538888888888881333e-03
2.569444444444436704e-03
2.594444444444436986e-03
2.505555555555548201e-03
2.538888888888881333e-03
2.461111111111103592e-03
2.544444444444436855e-03
2.572222222222214465e-03
2.583333333333325509e-03
2.672222222222213860e-03
2.661111111111102816e-03
2.627777777777769684e-03
2.786111111111102493e-03
2.747222222222213839e-03
2.680555555555547576e-03
2.494444444444436724e-03
2.758333333333324883e-03
2.644444444444436250e-03
2.677777777777769382e-03
2.769444444444436361e-03
2.616666666666658640e-03
2.669444444444436099e-03
2.508333333333325962e-03
2.511111111111104157e-03
2.611111111111103118e-03
2.463888888888881353e-03
2.605555555555547596e-03
2.658333333333324621e-03
2.719444444444436230e-03
2.658333333333325055e-03
2.555555555555547899e-03
2.791666666666658015e-03
2.658333333333325055e-03
2.724999999999991752e-03
2.474999999999992397e-03
2.566666666666658943e-03
2.558333333333325660e-03
2.413888888888881656e-03
2.738888888888880557e-03
2.602777777777769835e-03
2.469444444444436875e-03
2.519444444444437006e-03
2.508333333333325962e-03
2.752777777777769361e-03
2.555555555555547899e-03
2.633333333333325206e-03
2.530555555555548050e-03
2.594444444444436552e-03
2.713888888888880708e-03
2.488888888888881202e-03
2.441666666666659265e-03
2.502777777777770007e-03
2.377777777777770763e-03
2.538888888888881333e-03
2.499999999999992246e-03
2.469444444444436875e-03
2.469444444444436875e-03
2.499999999999992246e-03
2.494444444444436724e-03
2.511111111111103723e-03
2.577777777777769987e-03
2.705555555555547425e-03
2.399999999999992851e-03
2.405555555555547939e-03
2.580555555555547748e-03
2.413888888888881656e-03
2.488888888888881202e-03
2.522222222222214767e-03
2.483333333333325680e-03
2.497222222222214485e-03
2.416666666666659417e-03
2.286111111111104217e-03
2.241666666666660042e-03
2.433333333333325983e-03
2.397222222222215090e-03
2.377777777777770763e-03
2.347222222222215392e-03
2.522222222222214767e-03
2.522222222222214767e-03
2.469444444444436875e-03
2.538888888888881333e-03
2.502777777777770007e-03
2.336111111111103915e-03
2.438888888888881504e-03
2.627777777777769684e-03
2.374999999999993002e-03
2.536111111111103572e-03
2.455555555555548070e-03
2.613888888888880879e-03
2.505555555555548201e-03
2.538888888888881333e-03
2.658333333333325055e-03
2.624999999999991923e-03
2.549999999999992377e-03
2.502777777777770007e-03
2.488888888888881202e-03
2.566666666666658943e-03
2.513888888888881484e-03
2.536111111111103138e-03
2.611111111111103118e-03
2.466666666666659114e-03
2.699999999999991903e-03
2.744444444444436079e-03
2.433333333333325983e-03
2.572222222222214465e-03
2.688888888888880859e-03
2.516666666666659245e-03
2.577777777777769987e-03
2.536111111111103572e-03
2.474999999999992397e-03
2.449999999999992548e-03
2.524999999999992528e-03
2.677777777777769382e-03
2.658333333333325488e-03
2.580555555555547748e-03
2.411111111111103895e-03
2.461111111111103592e-03
2.452777777777770309e-03
2.466666666666659114e-03
2.513888888888881484e-03
2.447222222222214787e-03
2.541666666666659094e-03
2.586111111111103270e-03
2.491666666666658963e-03
2.533333333333325811e-03
2.377777777777770763e-03
2.488888888888881202e-03
2.630555555555547445e-03
2.499999999999992246e-03
2.655555555555547294e-03
2.436111111111103743e-03
2.655555555555547294e-03
2.638888888888880728e-03
2.430555555555548222e-03
2.405555555555548373e-03
2.536111111111103572e-03
2.594444444444436986e-03
2.494444444444436724e-03
2.547222222222215050e-03
2.658333333333325055e-03
2.541666666666659094e-03
2.438888888888881504e-03
2.647222222222214011e-03
2.438888888888881071e-03
2.355555555555548675e-03
2.419444444444437178e-03
2.333333333333326588e-03
2.361111111111104197e-03
2.477777777777770158e-03
2.302777777777770783e-03
2.383333333333326285e-03
2.522222222222214767e-03
2.408333333333326134e-03
2.458333333333325831e-03
2.430555555555548222e-03
2.313888888888881827e-03
2.480555555555547919e-03
2.433333333333325983e-03
2.563888888888881182e-03
2.405555555555548373e-03
2.324999999999992871e-03
2.313888888888881827e-03
2.391666666666659568e-03
2.302777777777770783e-03
2.263888888888882130e-03
2.388888888888881807e-03
2.286111111111104217e-03
2.324999999999992871e-03
2.319444444444437349e-03
2.408333333333326134e-03
2.502777777777770007e-03
2.336111111111104349e-03
2.241666666666659608e-03
2.344444444444437631e-03
2.344444444444437631e-03
2.294444444444437500e-03
2.347222222222214959e-03
2.361111111111104197e-03
2.199999999999993627e-03
2.361111111111104197e-03
2.263888888888882130e-03
2.330555555555548393e-03
2.227777777777770803e-03
2.174999999999993779e-03
2.355555555555548675e-03
2.241666666666660042e-03
2.252777777777771086e-03
2.211111111111104671e-03
2.288888888888881978e-03
2.361111111111104197e-03
2.272222222222215413e-03
2.186111111111104389e-03
2.358333333333326436e-03
2.194444444444438105e-03
2.247222222222215564e-03
2.247222222222215564e-03
2.091666666666660516e-03
2.294444444444437067e-03
2.297222222222215261e-03
2.233333333333326325e-03
2.149999999999993496e-03
2.269444444444437652e-03
2.311111111111104066e-03
2.222222222222215715e-03
2.127777777777771408e-03
2.019444444444438731e-03
2.297222222222215261e-03
2.255555555555548847e-03
2.086111111111104994e-03
2.180555555555549301e-03
2.158333333333326345e-03
2.113888888888882604e-03
2.416666666666658983e-03
2.211111111111104671e-03
2.158333333333327646e-03
2.116666666666660365e-03
2.136111111111104691e-03
2.149999999999993496e-03
2.283333333333326456e-03
2.169444444444438257e-03
2.177777777777771540e-03
2.149999999999993496e-03
2.152777777777771257e-03
2.030555555555549341e-03
2.083333333333327233e-03
2.113888888888882604e-03
2.197222222222215866e-03
2.124999999999993647e-03
2.202777777777771388e-03
2.186111111111104822e-03
2.080555555555549472e-03
2.130555555555549169e-03
2.227777777777771237e-03
2.169444444444438257e-03
2.161111111111104974e-03
2.080555555555549038e-03
2.102777777777771560e-03
2.094444444444438277e-03
2.002777777777772165e-03
1.969444444444438166e-03
2.305555555555548544e-03
2.033333333333327102e-03
2.180555555555549301e-03
2.155555555555549018e-03
2.188888888888882583e-03
2.063888888888882472e-03
2.088888888888882755e-03
2.144444444444437974e-03
2.047222222222216340e-03
1.874999999999994510e-03
2.038888888888883057e-03
2.013888888888883209e-03
2.063888888888882906e-03
2.122222222222215886e-03
2.008333333333327687e-03
2.024999999999993819e-03
2.149999999999993062e-03
1.908333333333327424e-03
1.897222222222216381e-03
2.074999999999993950e-03
2.019444444444438297e-03
2.111111111111104843e-03
2.016666666666660970e-03
2.133333333333326930e-03
2.091666666666660082e-03
2.124999999999993647e-03
2.041666666666660818e-03
2.055555555555549623e-03
2.049999999999993668e-03
1.941666666666660773e-03
1.919444444444438685e-03
1.922222222222216446e-03
2.072222222222216623e-03
1.947222222222216512e-03
2.002777777777772165e-03
1.974999999999994121e-03
1.908333333333327424e-03
2.019444444444438731e-03
1.969444444444438599e-03
2.005555555555549926e-03
1.966666666666660405e-03
1.891666666666661075e-03
1.949999999999994056e-03
1.830555555555550117e-03
1.980555555555549210e-03
1.999999999999993970e-03
2.022222222222216492e-03
2.094444444444438277e-03
2.116666666666660365e-03
1.919444444444438685e-03
1.933333333333327490e-03
1.972222222222216360e-03
2.027777777777772013e-03
1.911111111111105185e-03
1.827777777777772139e-03
1.849999999999994227e-03
1.966666666666660405e-03
1.919444444444438685e-03
2.038888888888882624e-03
2.016666666666660970e-03
1.872222222222216749e-03
2.030555555555549341e-03
1.924999999999993990e-03
1.894444444444438836e-03
1.852777777777772205e-03
1.913888888888883163e-03
1.902777777777771902e-03
1.883333333333327793e-03
1.974999999999994121e-03
1.849999999999994227e-03
1.891666666666661075e-03
1.966666666666660838e-03
1.963888888888882644e-03
1.822222222222216834e-03
1.930555555555549729e-03
1.836111111111105639e-03
1.780555555555550203e-03
1.902777777777772119e-03
1.958333333333327556e-03
1.905555555555549880e-03
1.777777777777772659e-03
1.774999999999994681e-03
1.863888888888883466e-03
1.949999999999994056e-03
1.938888888888883012e-03
1.905555555555550097e-03
1.830555555555550117e-03
1.958333333333327556e-03
1.899999999999994358e-03
1.805555555555550052e-03
1.911111111111105402e-03
1.763888888888883637e-03
1.824999999999994595e-03
1.999999999999993970e-03
1.822222222222216834e-03
1.777777777777772659e-03
1.813888888888883551e-03
1.761111111111105876e-03
1.811111111111105790e-03
2.013888888888882775e-03
1.936111111111105251e-03
1.791666666666661247e-03
1.888888888888883098e-03
1.755555555555550137e-03
1.780555555555550420e-03
1.733333333333328050e-03
1.827777777777772356e-03
1.783333333333327964e-03
1.766666666666661398e-03
1.824999999999994378e-03
1.872222222222216749e-03
1.683333333333328135e-03
1.669444444444439547e-03
1.749999999999994832e-03
1.769444444444439376e-03
1.813888888888883551e-03
1.949999999999994273e-03
1.708333333333328201e-03
1.761111111111105876e-03
1.719444444444439462e-03
1.774999999999994898e-03
1.808333333333328029e-03
1.808333333333328029e-03
1.816666666666661096e-03
1.852777777777771988e-03
1.747222222222217071e-03
1.786111111111105725e-03
1.630555555555550894e-03
1.772222222222216920e-03
1.699999999999995135e-03
1.719444444444439462e-03
1.688888888888883874e-03
1.694444444444439613e-03
1.741666666666661549e-03
1.819444444444438640e-03
1.819444444444439290e-03
1.797222222222216986e-03
1.855555555555549749e-03
1.688888888888884091e-03
1.794444444444439225e-03
1.702777777777772679e-03
1.794444444444439225e-03
1.619444444444439633e-03
1.627777777777773133e-03
1.730555555555550505e-03
1.666666666666661569e-03
1.730555555555550505e-03
1.716666666666661917e-03
1.763888888888883637e-03
1.716666666666661701e-03
1.705555555555550657e-03
1.708333333333328201e-03
1.694444444444439396e-03
1.683333333333328135e-03
1.719444444444439245e-03
1.761111111111105659e-03
1.674999999999995069e-03
1.761111111111105659e-03
1.641666666666661721e-03
1.641666666666661721e-03
1.758333333333327898e-03
1.669444444444439547e-03
1.705555555555550440e-03
1.711111111111106179e-03
1.702777777777772679e-03
1.702777777777772679e-03
1.644444444444439699e-03
1.786111111111105942e-03
1.713888888888883723e-03
1.599999999999995523e-03
1.633333333333328438e-03
1.652777777777772765e-03
1.724999999999994767e-03
1.758333333333328115e-03
1.536111111111106587e-03
1.744444444444439310e-03
1.530555555555551065e-03
1.716666666666661484e-03
1.658333333333328287e-03
1.619444444444439850e-03
1.683333333333328135e-03
1.524999999999995543e-03
1.591666666666662023e-03
1.588888888888884045e-03
1.502777777777773455e-03
1.808333333333328029e-03
1.549999999999995392e-03
1.533333333333328826e-03
1.694444444444439396e-03
1.705555555555550440e-03
1.597222222222217762e-03
1.724999999999994767e-03
1.669444444444439330e-03
1.652777777777772981e-03
1.641666666666661721e-03
1.622222222222217394e-03
1.611111111111106350e-03
1.519444444444440021e-03
1.774999999999994681e-03
1.622222222222217394e-03
1.605555555555550828e-03
1.574999999999995457e-03
1.569444444444439719e-03
1.605555555555550611e-03
1.619444444444439850e-03
1.613888888888884328e-03
1.569444444444439936e-03
1.602777777777773067e-03
1.574999999999995241e-03
1.563888888888884197e-03
1.661111111111106048e-03
1.552777777777773370e-03
1.641666666666661721e-03
1.613888888888884328e-03
1.572222222222217696e-03
1.697222222222216940e-03
1.686111111111106113e-03
1.569444444444439936e-03
1.538888888888884348e-03
1.730555555555550289e-03
1.522222222222217782e-03
1.530555555555551065e-03
1.686111111111106330e-03
1.552777777777773153e-03
1.536111111111106587e-03
1.538888888888884565e-03
1.622222222222217394e-03
1.636111111111106199e-03
1.591666666666662023e-03
1.624999999999995372e-03
1.483333333333328912e-03
1.666666666666661569e-03
1.561111111111106653e-03
1.483333333333328912e-03
1.566666666666661958e-03
1.516666666666662260e-03
