5.972222222222207770e-04
5.833333333333320806e-04
6.416666666666651694e-04
6.611111111111096046e-04
7.166666666666647156e-04
7.361111111111092592e-04
8.527777777777754368e-04
7.972222222222203258e-04
8.055555555555533919e-04
7.138888888888870630e-04
8.694444444444420026e-04
7.055555555555536717e-04
8.416666666666645013e-04
8.805555555555531549e-04
8.083333333333311528e-04
9.055555555555531121e-04
9.472222222222195266e-04
9.749999999999972447e-04
8.972222222222197207e-04
8.611111111111089365e-04
8.694444444444420026e-04
8.444444444444421539e-04
9.388888888888864605e-04
9.194444444444419169e-04
8.916666666666641988e-04
8.388888888888864151e-04
8.166666666666644358e-04
8.666666666666644585e-04
9.638888888888860924e-04
8.999999999999975901e-04
8.722222222222197636e-04
9.694444444444418312e-04
9.388888888888863521e-04
9.416666666666640047e-04
8.722222222222196552e-04
8.833333333333310243e-04
9.305555555555530692e-04
9.333333333333308302e-04
9.305555555555529608e-04
1.002777777777775180e-03
8.944444444444420682e-04
9.472222222222196350e-04
9.749999999999974616e-04
9.666666666666640702e-04
8.583333333333309587e-04
9.305555555555529608e-04
8.805555555555530465e-04
9.027777777777754595e-04
8.888888888888866547e-04
8.194444444444421967e-04
8.472222222222200233e-04
9.444444444444418741e-04
9.527777777777751570e-04
9.222222222222195695e-04
8.833333333333308075e-04
8.777777777777752855e-04
9.777777777777751141e-04
9.111111111111086340e-04
9.416666666666640047e-04
9.111111111111086340e-04
8.666666666666642416e-04
9.333333333333307218e-04
9.777777777777751141e-04
9.638888888888862009e-04
8.916666666666641988e-04
9.055555555555528952e-04
9.694444444444416144e-04
1.033333333333330550e-03
1.011111111111108463e-03
9.305555555555530692e-04
8.777777777777752855e-04
8.749999999999975245e-04
9.305555555555530692e-04
8.999999999999975901e-04
9.749999999999973532e-04
8.777777777777752855e-04
1.038888888888885855e-03
9.583333333333305705e-04
9.527777777777750486e-04
1.013888888888886224e-03
9.083333333333307646e-04
8.777777777777753939e-04
9.749999999999972447e-04
9.444444444444418741e-04
9.777777777777751141e-04
9.555555555555528095e-04
9.194444444444419169e-04
9.027777777777753511e-04
8.999999999999975901e-04
8.944444444444420682e-04
9.583333333333305705e-04
9.472222222222195266e-04
9.999999999999972019e-04
9.249999999999974389e-04
9.499999999999973960e-04
9.166666666666640475e-04
8.916666666666641988e-04
9.527777777777751570e-04
8.694444444444421110e-04
8.638888888888865891e-04
9.222222222222195695e-04
1.002777777777775397e-03
9.388888888888862437e-04
1.077777777777774943e-03
8.749999999999976330e-04
9.916666666666639190e-04
9.083333333333308730e-04
9.611111111111084399e-04
9.527777777777751570e-04
9.222222222222195695e-04
8.888888888888864378e-04
1.033333333333330334e-03
9.361111111111085912e-04
8.083333333333311528e-04
9.499999999999973960e-04
8.916666666666641988e-04
1.013888888888886224e-03
8.972222222222198292e-04
9.027777777777753511e-04
9.555555555555530264e-04
8.722222222222198720e-04
8.722222222222197636e-04
9.388888888888864605e-04
9.722222222222195922e-04
9.583333333333306789e-04
8.694444444444421110e-04
9.833333333333306361e-04
9.666666666666639618e-04
8.888888888888865462e-04
9.722222222222194838e-04
9.499999999999972876e-04
8.999999999999978070e-04
9.972222222222196578e-04
9.472222222222196350e-04
9.722222222222195922e-04
9.222222222222195695e-04
8.749999999999974161e-04
9.111111111111085256e-04
9.833333333333304192e-04
8.749999999999974161e-04
9.833333333333304192e-04
8.833333333333310243e-04
8.527777777777755452e-04
9.916666666666639190e-04
9.861111111111083970e-04
8.833333333333306990e-04
8.777777777777753939e-04
8.888888888888865462e-04
9.305555555555530692e-04
8.972222222222196123e-04
9.194444444444419169e-04
9.305555555555530692e-04
9.527777777777749401e-04
9.388888888888862437e-04
9.277777777777753082e-04
9.694444444444416144e-04
9.083333333333307646e-04
8.833333333333311327e-04
9.805555555555526583e-04
9.527777777777750486e-04
9.694444444444419396e-04
9.333333333333308302e-04
9.138888888888863950e-04
1.047222222222219572e-03
8.555555555555534146e-04
9.305555555555531776e-04
8.666666666666642416e-04
9.361111111111085912e-04
8.972222222222198292e-04
9.361111111111084827e-04
1.011111111111108463e-03
9.416666666666641131e-04
9.194444444444418085e-04
8.499999999999976758e-04
1.002777777777774963e-03
8.833333333333312411e-04
8.611111111111087197e-04
9.916666666666639190e-04
9.361111111111085912e-04
8.944444444444419598e-04
8.611111111111088281e-04
9.249999999999976557e-04
9.138888888888863950e-04
9.666666666666640702e-04
9.472222222222196350e-04
9.944444444444418968e-04
8.833333333333311327e-04
9.944444444444416800e-04
9.222222222222197863e-04
9.249999999999973304e-04
9.916666666666641358e-04
8.555555555555531978e-04
9.222222222222195695e-04
9.194444444444418085e-04
9.277777777777754167e-04
9.333333333333307218e-04
9.194444444444418085e-04
9.666666666666638534e-04
8.722222222222197636e-04
8.722222222222197636e-04
9.583333333333303537e-04
9.638888888888863093e-04
9.305555555555531776e-04
8.805555555555532633e-04
9.749999999999973532e-04
9.222222222222198947e-04
9.388888888888863521e-04
8.444444444444421539e-04
8.611111111111087197e-04
9.527777777777750486e-04
8.999999999999975901e-04
8.472222222222200233e-04
9.861111111111081802e-04
9.999999999999972019e-04
9.861111111111081802e-04
9.527777777777751570e-04
9.833333333333304192e-04
9.166666666666641559e-04
9.583333333333306789e-04
8.694444444444420026e-04
9.277777777777753082e-04
9.388888888888863521e-04
9.749999999999974616e-04
9.111111111111084172e-04
8.944444444444419598e-04
1.061111111111108160e-03
9.305555555555530692e-04
9.472222222222196350e-04
9.333333333333307218e-04
9.222222222222197863e-04
9.916666666666639190e-04
9.444444444444417656e-04
9.416666666666640047e-04
8.749999999999977414e-04
8.055555555555536087e-04
9.305555555555531776e-04
9.583333333333306789e-04
9.388888888888864605e-04
8.805555555555529381e-04
9.111111111111085256e-04
1.002777777777775180e-03
9.277777777777753082e-04
1.002777777777775180e-03
9.694444444444418312e-04
9.138888888888863950e-04
9.555555555555528095e-04
8.777777777777752855e-04
9.416666666666643299e-04
8.777777777777753939e-04
9.777777777777751141e-04
9.527777777777752654e-04
9.499999999999973960e-04
9.305555555555529608e-04
9.055555555555531121e-04
9.083333333333307646e-04
9.194444444444419169e-04
8.555555555555531978e-04
8.944444444444420682e-04
9.527777777777751570e-04
9.138888888888862866e-04
9.638888888888860924e-04
9.138888888888862866e-04
9.305555555555530692e-04
9.472222222222195266e-04
8.722222222222198720e-04
9.388888888888862437e-04
8.777777777777753939e-04
9.055555555555530036e-04
1.038888888888886072e-03
8.777777777777753939e-04
8.333333333333311100e-04
9.222222222222196779e-04
1.011111111111108246e-03
8.833333333333310243e-04
9.944444444444416800e-04
1.002777777777775180e-03
9.944444444444416800e-04
9.361111111111084827e-04
8.999999999999974817e-04
8.194444444444421967e-04
9.527777777777751570e-04
8.999999999999975901e-04
9.111111111111086340e-04
9.472222222222195266e-04
8.361111111111088710e-04
9.388888888888862437e-04
1.005555555555552724e-03
8.944444444444419598e-04
8.333333333333311100e-04
9.527777777777751570e-04
9.027777777777752427e-04
9.499999999999971792e-04
8.333333333333310016e-04
9.388888888888863521e-04
9.138888888888862866e-04
1.016666666666663985e-03
9.333333333333308302e-04
8.277777777777754796e-04
8.583333333333309587e-04
1.027777777777775028e-03
9.916666666666641358e-04
9.138888888888863950e-04
9.249999999999974389e-04
9.499999999999972876e-04
9.861111111111083970e-04
1.011111111111108463e-03
8.555555555555530893e-04
9.083333333333308730e-04
9.194444444444418085e-04
8.333333333333311100e-04
1.094444444444441509e-03
8.999999999999975901e-04
7.666666666666646299e-04
9.305555555555529608e-04
1.016666666666663985e-03
9.527777777777750486e-04
8.972222222222199376e-04
9.083333333333308730e-04
9.083333333333307646e-04
8.944444444444420682e-04
9.805555555555528751e-04
9.444444444444419825e-04
9.499999999999973960e-04
8.694444444444420026e-04
9.416666666666640047e-04
9.111111111111085256e-04
9.944444444444416800e-04
9.138888888888863950e-04
9.083333333333308730e-04
9.166666666666640475e-04
9.527777777777750486e-04
9.888888888888861580e-04
8.944444444444419598e-04
9.861111111111083970e-04
8.277777777777755881e-04
8.749999999999975245e-04
8.666666666666643501e-04
9.416666666666640047e-04
9.388888888888862437e-04
9.472222222222196350e-04
9.777777777777748973e-04
9.916666666666639190e-04
9.555555555555529179e-04
8.944444444444420682e-04
9.138888888888863950e-04
9.416666666666641131e-04
9.833333333333306361e-04
9.083333333333308730e-04
9.444444444444417656e-04
9.638888888888862009e-04
9.249999999999974389e-04
9.222222222222196779e-04
9.611111111111084399e-04
9.138888888888863950e-04
1.008333333333330485e-03
9.249999999999973304e-04
1.036111111111108095e-03
8.694444444444422194e-04
8.999999999999976985e-04
8.388888888888865235e-04
9.416666666666640047e-04
9.861111111111083970e-04
9.944444444444416800e-04
9.888888888888861580e-04
9.611111111111083315e-04
8.555555555555531978e-04
9.611111111111083315e-04
9.749999999999974616e-04
9.777777777777748973e-04
9.305555555555530692e-04
9.555555555555531348e-04
9.499999999999973960e-04
9.416666666666641131e-04
1.061111111111108160e-03
9.499999999999973960e-04
9.638888888888859840e-04
8.611111111111089365e-04
9.722222222222194838e-04
9.055555555555528952e-04
8.555555555555531978e-04
9.305555555555531776e-04
8.444444444444422623e-04
1.008333333333330702e-03
8.888888888888864378e-04
1.016666666666663768e-03
8.638888888888864807e-04
9.583333333333305705e-04
8.972222222222197207e-04
9.166666666666642644e-04
9.083333333333308730e-04
8.555555555555531978e-04
9.638888888888862009e-04
9.027777777777752427e-04
9.527777777777750486e-04
9.694444444444419396e-04
9.416666666666640047e-04
9.444444444444418741e-04
9.222222222222195695e-04
9.388888888888862437e-04
8.861111111111087853e-04
9.111111111111085256e-04
9.499999999999973960e-04
9.916666666666641358e-04
9.666666666666639618e-04
9.527777777777749401e-04
9.916666666666641358e-04
1.013888888888886224e-03
8.472222222222200233e-04
9.999999999999974187e-04
8.555555555555533062e-04
9.777777777777748973e-04
9.444444444444418741e-04
8.916666666666644156e-04
9.055555555555532205e-04
1.013888888888886224e-03
9.472222222222195266e-04
8.722222222222197636e-04
8.499999999999975674e-04
1.016666666666663768e-03
8.749999999999976330e-04
8.694444444444420026e-04
9.527777777777751570e-04
1.030555555555552789e-03
9.083333333333308730e-04
9.027777777777753511e-04
9.249999999999973304e-04
1.013888888888886224e-03
9.249999999999974389e-04
8.416666666666643929e-04
8.166666666666645442e-04
9.861111111111083970e-04
9.055555555555530036e-04
8.527777777777755452e-04
9.361111111111085912e-04
9.222222222222195695e-04
9.333333333333307218e-04
9.055555555555530036e-04
8.499999999999977842e-04
9.444444444444419825e-04
9.222222222222195695e-04
9.888888888888861580e-04
9.694444444444418312e-04
8.999999999999974817e-04
9.416666666666641131e-04
8.138888888888866748e-04
9.444444444444418741e-04
9.138888888888863950e-04
8.944444444444421766e-04
9.277777777777753082e-04
8.305555555555533490e-04
9.861111111111083970e-04
9.111111111111086340e-04
9.694444444444418312e-04
9.499999999999973960e-04
9.222222222222195695e-04
9.416666666666641131e-04
8.277777777777756965e-04
8.861111111111087853e-04
1.008333333333330485e-03
8.888888888888864378e-04
9.305555555555528524e-04
8.833333333333311327e-04
8.277777777777755881e-04
8.777777777777752855e-04
9.361111111111085912e-04
8.555555555555534146e-04
9.972222222222196578e-04
9.638888888888862009e-04
8.999999999999974817e-04
8.861111111111086769e-04
9.138888888888862866e-04
8.416666666666643929e-04
9.166666666666640475e-04
9.083333333333308730e-04
9.027777777777752427e-04
9.694444444444418312e-04
9.388888888888863521e-04
8.694444444444420026e-04
9.638888888888862009e-04
8.166666666666646526e-04
9.972222222222194409e-04
9.555555555555530264e-04
8.833333333333311327e-04
8.555555555555531978e-04
9.638888888888860924e-04
9.305555555555528524e-04
8.444444444444422623e-04
9.777777777777748973e-04
9.916666666666639190e-04
9.638888888888860924e-04
9.333333333333307218e-04
9.666666666666640702e-04
8.666666666666642416e-04
9.722222222222195922e-04
9.666666666666639618e-04
9.666666666666638534e-04
9.416666666666641131e-04
9.611111111111084399e-04
9.611111111111085483e-04
9.194444444444418085e-04
9.638888888888863093e-04
8.583333333333310671e-04
9.722222222222194838e-04
9.694444444444419396e-04
9.444444444444417656e-04
8.999999999999976985e-04
9.138888888888863950e-04
7.972222222222202174e-04
7.972222222222202174e-04
9.638888888888862009e-04
9.277777777777751998e-04
8.611111111111087197e-04
8.638888888888865891e-04
9.444444444444416572e-04
9.749999999999973532e-04
9.833333333333306361e-04
9.638888888888862009e-04
9.916666666666639190e-04
8.833333333333308075e-04
9.027777777777754595e-04
8.888888888888865462e-04
9.972222222222194409e-04
8.999999999999976985e-04
8.999999999999975901e-04
9.527777777777751570e-04
1.016666666666663985e-03
8.888888888888864378e-04
9.916666666666639190e-04
9.694444444444418312e-04
9.472222222222195266e-04
9.194444444444418085e-04
9.722222222222195922e-04
9.166666666666641559e-04
8.611111111111090450e-04
9.249999999999973304e-04
9.722222222222194838e-04
9.416666666666640047e-04
9.472222222222197435e-04
8.916666666666643072e-04
8.833333333333310243e-04
9.111111111111085256e-04
9.027777777777753511e-04
9.694444444444418312e-04
9.805555555555528751e-04
9.166666666666640475e-04
1.011111111111108463e-03
9.583333333333306789e-04
8.999999999999974817e-04
9.361111111111085912e-04
9.444444444444417656e-04
9.833333333333306361e-04
9.777777777777748973e-04
8.611111111111087197e-04
9.916666666666637021e-04
1.013888888888886224e-03
9.916666666666639190e-04
9.333333333333309386e-04
9.527777777777751570e-04
9.805555555555528751e-04
9.277777777777751998e-04
8.972222222222198292e-04
9.777777777777748973e-04
9.611111111111083315e-04
8.999999999999975901e-04
9.472222222222195266e-04
9.749999999999973532e-04
9.472222222222196350e-04
9.888888888888859412e-04
9.138888888888865034e-04
9.277777777777751998e-04
9.138888888888861781e-04
9.888888888888859412e-04
9.472222222222195266e-04
8.499999999999977842e-04
9.916666666666639190e-04
8.777777777777752855e-04
9.666666666666639618e-04
9.361111111111085912e-04
8.833333333333310243e-04
9.249999999999973304e-04
9.166666666666640475e-04
8.999999999999974817e-04
1.069444444444441226e-03
9.861111111111081802e-04
8.416666666666645013e-04
9.499999999999972876e-04
8.916666666666643072e-04
9.694444444444418312e-04
9.694444444444416144e-04
9.499999999999973960e-04
9.694444444444418312e-04
1.055555555555552638e-03
9.388888888888862437e-04
9.138888888888863950e-04
9.138888888888861781e-04
9.916666666666639190e-04
9.805555555555526583e-04
9.138888888888862866e-04
9.944444444444416800e-04
9.361111111111086996e-04
9.138888888888863950e-04
8.833333333333310243e-04
7.999999999999979784e-04
9.499999999999973960e-04
9.166666666666641559e-04
9.499999999999973960e-04
8.972222222222199376e-04
8.583333333333311756e-04
7.972222222222201090e-04
9.194444444444420253e-04
9.055555555555531121e-04
9.055555555555528952e-04
9.444444444444419825e-04
9.388888888888864605e-04
8.916666666666641988e-04
9.916666666666639190e-04
9.611111111111084399e-04
1.030555555555552573e-03
9.999999999999972019e-04
8.638888888888864807e-04
8.749999999999975245e-04
1.013888888888886224e-03
9.138888888888862866e-04
9.194444444444418085e-04
8.638888888888864807e-04
9.861111111111081802e-04
1.030555555555552573e-03
8.388888888888865235e-04
9.444444444444417656e-04
8.888888888888865462e-04
9.777777777777751141e-04
8.499999999999978927e-04
8.666666666666642416e-04
8.888888888888865462e-04
8.944444444444421766e-04
9.111111111111086340e-04
8.888888888888865462e-04
9.111111111111086340e-04
9.083333333333309815e-04
8.916666666666641988e-04
8.611111111111087197e-04
8.249999999999977187e-04
1.005555555555552941e-03
9.166666666666641559e-04
9.611111111111084399e-04
9.027777777777753511e-04
8.972222222222199376e-04
8.972222222222198292e-04
9.527777777777751570e-04
9.722222222222195922e-04
9.138888888888863950e-04
9.499999999999973960e-04
1.038888888888886072e-03
9.027777777777752427e-04
9.138888888888863950e-04
1.002777777777774963e-03
7.361111111111091508e-04
9.944444444444416800e-04
9.222222222222196779e-04
8.833333333333308075e-04
9.249999999999974389e-04
9.499999999999972876e-04
9.694444444444418312e-04
8.833333333333310243e-04
9.416666666666641131e-04
9.138888888888862866e-04
9.138888888888862866e-04
8.027777777777756309e-04
8.444444444444422623e-04
8.472222222222199148e-04
9.583333333333307873e-04
8.611111111111088281e-04
9.583333333333305705e-04
9.027777777777753511e-04
1.022222222222219506e-03
8.972222222222198292e-04
8.916666666666641988e-04
9.555555555555529179e-04
9.833333333333304192e-04
9.027777777777753511e-04
8.916666666666641988e-04
9.194444444444417001e-04
1.022222222222219290e-03
1.008333333333330702e-03
8.972222222222197207e-04
9.777777777777751141e-04
8.833333333333311327e-04
9.305555555555529608e-04
9.499999999999973960e-04
8.222222222222200661e-04
9.166666666666641559e-04
8.972222222222198292e-04
8.888888888888865462e-04
8.444444444444423707e-04
9.388888888888862437e-04
9.222222222222196779e-04
9.166666666666641559e-04
9.083333333333309815e-04
9.666666666666638534e-04
8.861111111111087853e-04
9.833333333333306361e-04
1.019444444444441746e-03
9.722222222222195922e-04
8.944444444444421766e-04
8.722222222222199804e-04
9.083333333333307646e-04
9.416666666666640047e-04
9.444444444444418741e-04
8.805555555555530465e-04
1.030555555555552789e-03
9.916666666666639190e-04
8.972222222222197207e-04
8.638888888888864807e-04
9.444444444444418741e-04
9.111111111111085256e-04
9.333333333333308302e-04
9.083333333333306562e-04
9.833333333333306361e-04
1.061111111111108160e-03
8.638888888888864807e-04
9.694444444444419396e-04
8.888888888888864378e-04
9.555555555555529179e-04
9.916666666666637021e-04
9.555555555555529179e-04
9.083333333333308730e-04
1.038888888888885855e-03
8.611111111111089365e-04
9.749999999999972447e-04
9.222222222222196779e-04
8.333333333333310016e-04
9.916666666666637021e-04
9.805555555555528751e-04
9.777777777777748973e-04
1.013888888888886224e-03
9.472222222222195266e-04
9.277777777777753082e-04
9.027777777777752427e-04
9.916666666666639190e-04
9.138888888888863950e-04
1.002777777777774963e-03
1.022222222222219290e-03
9.444444444444417656e-04
8.638888888888865891e-04
9.416666666666641131e-04
9.916666666666639190e-04
9.333333333333311554e-04
9.194444444444418085e-04
9.888888888888861580e-04
9.694444444444418312e-04
9.666666666666638534e-04
9.527777777777750486e-04
9.055555555555531121e-04
9.194444444444418085e-04
9.416666666666640047e-04
8.527777777777754368e-04
8.388888888888865235e-04
9.277777777777753082e-04
9.277777777777751998e-04
8.972222222222198292e-04
1.022222222222219506e-03
8.388888888888866319e-04
9.083333333333307646e-04
9.416666666666642215e-04
1.022222222222219506e-03
9.694444444444419396e-04
9.833333333333304192e-04
9.972222222222194409e-04
9.527777777777751570e-04
9.388888888888863521e-04
8.999999999999975901e-04
9.083333333333308730e-04
8.888888888888866547e-04
9.972222222222194409e-04
9.472222222222197435e-04
9.388888888888862437e-04
9.972222222222194409e-04
9.305555555555529608e-04
1.072222222222219204e-03
9.333333333333308302e-04
8.972222222222198292e-04
9.611111111111084399e-04
9.138888888888863950e-04
8.666666666666643501e-04
9.055555555555530036e-04
9.361111111111086996e-04
8.361111111111087625e-04
8.472222222222200233e-04
9.249999999999973304e-04
9.138888888888863950e-04
8.416666666666645013e-04
9.777777777777751141e-04
9.277777777777754167e-04
9.638888888888860924e-04
8.472222222222199148e-04
8.888888888888864378e-04
9.999999999999972019e-04
8.555555555555531978e-04
9.138888888888863950e-04
9.638888888888863093e-04
9.388888888888862437e-04
8.666666666666641332e-04
1.002777777777774963e-03
1.002777777777775180e-03
9.833333333333304192e-04
9.444444444444418741e-04
9.333333333333307218e-04
9.472222222222196350e-04
9.555555555555529179e-04
9.361111111111085912e-04
9.444444444444418741e-04
9.222222222222196779e-04
9.499999999999972876e-04
1.055555555555552638e-03
9.194444444444419169e-04
9.277777777777751998e-04
8.444444444444420455e-04
9.472222222222196350e-04
9.444444444444418741e-04
9.361111111111083743e-04
9.027777777777753511e-04
1.005555555555552724e-03
9.638888888888862009e-04
9.444444444444416572e-04
8.083333333333312613e-04
9.194444444444419169e-04
1.036111111111108311e-03
9.416666666666642215e-04
9.333333333333307218e-04
9.833333333333304192e-04
9.611111111111085483e-04
7.694444444444423908e-04
9.888888888888861580e-04
9.249999999999974389e-04
8.944444444444420682e-04
8.222222222222200661e-04
8.999999999999974817e-04
9.861111111111083970e-04
9.055555555555530036e-04
9.999999999999972019e-04
8.638888888888864807e-04
8.555555555555531978e-04
8.916666666666643072e-04
8.999999999999976985e-04
9.055555555555531121e-04
1.022222222222219506e-03
1.036111111111108311e-03
9.638888888888860924e-04
8.944444444444420682e-04
8.749999999999975245e-04
9.472222222222195266e-04
8.638888888888864807e-04
9.444444444444417656e-04
9.388888888888862437e-04
8.055555555555535003e-04
8.916666666666641988e-04
9.833333333333308529e-04
9.805555555555528751e-04
8.361111111111087625e-04
9.444444444444418741e-04
8.972222222222198292e-04
8.444444444444423707e-04
1.008333333333330485e-03
9.027777777777754595e-04
8.333333333333311100e-04
9.055555555555531121e-04
9.222222222222195695e-04
8.861111111111087853e-04
9.111111111111088508e-04
9.749999999999973532e-04
9.555555555555529179e-04
9.944444444444416800e-04
8.499999999999977842e-04
9.555555555555528095e-04
9.249999999999974389e-04
9.722222222222198090e-04
9.333333333333308302e-04
9.333333333333308302e-04
8.305555555555533490e-04
9.416666666666642215e-04
9.055555555555530036e-04
8.861111111111087853e-04
9.083333333333309815e-04
9.138888888888863950e-04
1.041666666666663833e-03
9.083333333333308730e-04
9.249999999999973304e-04
9.833333333333306361e-04
9.361111111111085912e-04
1.022222222222219506e-03
9.666666666666638534e-04
9.666666666666640702e-04
9.694444444444416144e-04
8.972222222222199376e-04
9.777777777777751141e-04
8.944444444444419598e-04
9.638888888888862009e-04
1.013888888888886007e-03
9.583333333333306789e-04
9.027777777777752427e-04
9.305555555555530692e-04
8.138888888888866748e-04
8.666666666666642416e-04
9.861111111111083970e-04
8.249999999999977187e-04
9.944444444444416800e-04
9.833333333333306361e-04
1.036111111111108311e-03
8.944444444444419598e-04
9.166666666666643728e-04
9.388888888888863521e-04
9.611111111111083315e-04
9.444444444444418741e-04
9.999999999999974187e-04
9.222222222222196779e-04
1.030555555555552789e-03
8.222222222222199577e-04
8.833333333333311327e-04
8.527777777777755452e-04
8.999999999999975901e-04
9.333333333333307218e-04
9.027777777777752427e-04
9.999999999999974187e-04
9.472222222222197435e-04
9.138888888888865034e-04
9.361111111111085912e-04
9.249999999999974389e-04
9.277777777777754167e-04
8.888888888888865462e-04
9.833333333333304192e-04
8.999999999999975901e-04
8.527777777777754368e-04
8.361111111111087625e-04
8.999999999999974817e-04
9.666666666666639618e-04
8.722222222222198720e-04
9.277777777777751998e-04
9.638888888888862009e-04
9.333333333333307218e-04
7.777777777777757822e-04
9.249999999999972220e-04
9.249999999999974389e-04
8.972222222222197207e-04
9.888888888888861580e-04
8.999999999999974817e-04
9.055555555555530036e-04
9.888888888888861580e-04
8.472222222222200233e-04
9.194444444444418085e-04
1.013888888888886224e-03
1.024999999999997267e-03
9.194444444444419169e-04
9.166666666666641559e-04
9.333333333333309386e-04
9.055555555555533289e-04
1.052777777777774660e-03
9.111111111111086340e-04
8.694444444444421110e-04
8.972222222222197207e-04
9.611111111111084399e-04
9.944444444444416800e-04
9.027777777777752427e-04
8.194444444444423051e-04
8.555555555555533062e-04
9.638888888888862009e-04
9.527777777777750486e-04
8.999999999999976985e-04
9.361111111111085912e-04
9.888888888888861580e-04
8.999999999999974817e-04
8.916666666666643072e-04
8.666666666666643501e-04
8.638888888888865891e-04
8.805555555555531549e-04
9.999999999999974187e-04
8.944444444444419598e-04
8.749999999999975245e-04
9.583333333333305705e-04
9.861111111111083970e-04
9.194444444444419169e-04
8.861111111111086769e-04
9.749999999999973532e-04
9.777777777777748973e-04
9.305555555555530692e-04
1.052777777777774660e-03
8.527777777777755452e-04
8.833333333333308075e-04
8.694444444444422194e-04
8.972222222222198292e-04
9.999999999999974187e-04
9.472222222222196350e-04
9.583333333333306789e-04
8.722222222222198720e-04
9.555555555555529179e-04
8.166666666666643273e-04
9.444444444444418741e-04
9.305555555555529608e-04
9.583333333333306789e-04
8.972222222222197207e-04
9.194444444444420253e-04
1.088888888888885770e-03
1.122222222222219118e-03
1.213888888888885447e-03
1.399999999999995866e-03
1.472222222222218085e-03
1.538888888888884565e-03
1.772222222222217354e-03
1.761111111111105659e-03
1.988888888888882926e-03
1.894444444444438620e-03
1.811111111111105790e-03
1.938888888888883012e-03
2.013888888888883209e-03
2.008333333333327687e-03
1.980555555555549643e-03
2.041666666666660818e-03
1.938888888888882795e-03
2.038888888888883057e-03
1.972222222222216360e-03
2.108333333333326648e-03
2.141666666666660213e-03
2.066666666666661101e-03
2.299999999999993022e-03
2.194444444444438105e-03
2.155555555555549018e-03
2.174999999999993779e-03
2.252777777777771086e-03
2.097222222222216038e-03
2.213888888888882432e-03
2.186111111111104822e-03
1.997222222222216209e-03
2.222222222222215715e-03
2.197222222222215433e-03
2.197222222222215866e-03
2.183333333333327061e-03
2.080555555555549472e-03
2.086111111111104994e-03
2.069444444444438428e-03
2.174999999999993779e-03
2.147222222222215735e-03
2.211111111111104671e-03
2.283333333333326456e-03
2.372222222222215241e-03
2.191666666666660344e-03
2.102777777777771560e-03
2.263888888888882130e-03
2.169444444444438257e-03
2.133333333333326930e-03
2.188888888888882583e-03
2.122222222222215886e-03
2.158333333333326345e-03
2.244444444444437803e-03
2.158333333333327213e-03
2.169444444444438257e-03
2.124999999999993647e-03
2.263888888888882130e-03
2.086111111111104994e-03
2.188888888888882150e-03
2.202777777777771388e-03
2.283333333333326456e-03
2.208333333333326910e-03
2.202777777777771388e-03
2.219444444444437954e-03
2.063888888888882906e-03
2.108333333333327082e-03
2.108333333333327082e-03
2.080555555555549472e-03
2.163888888888882735e-03
2.166666666666660496e-03
2.174999999999993779e-03
2.113888888888882604e-03
2.105555555555548887e-03
2.147222222222215735e-03
2.188888888888882583e-03
1.977777777777771449e-03
1.955555555555549795e-03
2.005555555555549926e-03
1.972222222222215927e-03
2.155555555555549018e-03
1.952777777777771817e-03
2.197222222222215866e-03
2.147222222222215735e-03
2.055555555555549623e-03
2.080555555555549038e-03
2.094444444444438277e-03
2.074999999999993950e-03
2.038888888888882624e-03
2.102777777777771560e-03
2.002777777777772165e-03
2.016666666666660536e-03
2.177777777777771540e-03
2.016666666666660536e-03
2.147222222222215735e-03
2.166666666666660496e-03
2.002777777777772165e-03
2.094444444444438277e-03
2.013888888888883209e-03
1.899999999999994358e-03
2.049999999999993668e-03
2.036111111111104863e-03
2.127777777777771408e-03
1.999999999999993970e-03
2.177777777777771540e-03
2.133333333333326930e-03
1.933333333333327707e-03
2.097222222222216038e-03
2.030555555555549774e-03
2.116666666666660365e-03
2.074999999999993516e-03
2.002777777777772165e-03
2.144444444444437974e-03
2.319444444444437349e-03
2.030555555555549341e-03
2.099999999999993799e-03
2.158333333333327213e-03
2.205555555555549149e-03
2.216666666666660193e-03
2.158333333333326345e-03
2.152777777777771257e-03
2.169444444444438257e-03
2.049999999999993668e-03
2.058333333333327384e-03
2.391666666666659568e-03
2.158333333333327213e-03
2.136111111111104691e-03
2.202777777777771388e-03
2.205555555555549149e-03
2.155555555555549018e-03
2.119444444444438126e-03
2.269444444444437652e-03
2.194444444444438105e-03
2.186111111111104822e-03
2.055555555555549190e-03
2.094444444444438277e-03
2.161111111111104974e-03
2.180555555555549301e-03
1.991666666666660687e-03
2.208333333333326910e-03
2.088888888888882755e-03
2.188888888888882583e-03
2.072222222222215755e-03
2.077777777777771711e-03
2.138888888888882452e-03
2.366666666666659719e-03
2.266666666666659891e-03
2.108333333333327082e-03
2.177777777777771540e-03
2.072222222222216189e-03
2.266666666666659891e-03
2.105555555555549321e-03
2.191666666666660344e-03
2.163888888888882735e-03
2.141666666666660213e-03
1.999999999999994404e-03
2.127777777777770975e-03
2.108333333333327082e-03
2.063888888888882906e-03
2.083333333333326799e-03
2.033333333333327535e-03
2.080555555555549472e-03
2.161111111111104974e-03
2.144444444444437541e-03
2.158333333333327213e-03
2.127777777777771408e-03
1.972222222222215927e-03
2.013888888888883209e-03
1.952777777777772034e-03
2.036111111111104863e-03
2.152777777777770823e-03
2.177777777777771540e-03
2.036111111111105296e-03
2.108333333333327082e-03
2.058333333333327384e-03
2.063888888888882906e-03
1.966666666666660405e-03
1.980555555555549643e-03
2.102777777777771560e-03
2.038888888888883057e-03
2.141666666666660213e-03
2.038888888888883057e-03
1.994444444444438448e-03
2.041666666666660818e-03
1.980555555555549643e-03
2.113888888888882604e-03
2.036111111111105296e-03
2.174999999999993779e-03
1.933333333333327490e-03
2.105555555555549321e-03
2.105555555555549321e-03
2.013888888888883209e-03
2.052777777777771862e-03
2.108333333333327082e-03
1.955555555555549795e-03
2.072222222222216189e-03
1.947222222222216512e-03
2.005555555555549926e-03
2.136111111111104691e-03
1.974999999999994121e-03
2.002777777777772165e-03
2.094444444444438277e-03
2.102777777777771560e-03
2.094444444444438277e-03
1.961111111111105317e-03
1.911111111111105185e-03
1.999999999999993970e-03
1.936111111111105251e-03
2.055555555555549190e-03
1.958333333333327122e-03
2.113888888888882170e-03
1.811111111111105574e-03
2.041666666666660818e-03
2.049999999999994101e-03
2.094444444444438277e-03
1.813888888888883335e-03
1.905555555555549880e-03
1.908333333333327858e-03
1.983333333333327404e-03
1.869444444444438771e-03
1.911111111111105185e-03
1.941666666666660773e-03
1.861111111111105705e-03
1.955555555555549795e-03
1.944444444444438751e-03
1.847222222222216466e-03
1.936111111111105034e-03
2.066666666666660667e-03
1.986111111111105165e-03
2.052777777777771862e-03
1.958333333333327556e-03
1.997222222222216209e-03
1.880555555555550032e-03
1.866666666666661444e-03
1.913888888888883163e-03
1.966666666666660838e-03
2.019444444444438731e-03
1.941666666666660556e-03
1.916666666666661141e-03
1.855555555555549966e-03
1.933333333333327273e-03
1.913888888888883163e-03
1.902777777777772119e-03
1.708333333333328418e-03
1.758333333333328115e-03
1.849999999999994227e-03
1.969444444444438599e-03
1.886111111111105553e-03
1.949999999999994489e-03
1.924999999999994207e-03
1.911111111111105619e-03
1.799999999999994530e-03
1.772222222222217137e-03
1.861111111111105488e-03
1.819444444444439073e-03
1.783333333333328181e-03
2.019444444444438731e-03
1.824999999999994595e-03
1.833333333333327878e-03
1.833333333333327661e-03
1.747222222222216854e-03
1.927777777777771751e-03
1.827777777777772356e-03
1.861111111111105488e-03
1.783333333333328398e-03
1.886111111111105553e-03
1.708333333333328418e-03
1.883333333333327793e-03
1.677777777777772830e-03
1.816666666666661096e-03
1.908333333333327641e-03
1.872222222222216749e-03
1.797222222222216769e-03
1.708333333333328201e-03
1.780555555555550203e-03
1.849999999999994444e-03
1.747222222222217071e-03
1.894444444444438836e-03
1.819444444444439073e-03
1.769444444444438942e-03
1.755555555555550137e-03
1.697222222222217591e-03
1.847222222222216683e-03
1.686111111111106330e-03
1.741666666666661549e-03
1.799999999999994747e-03
1.916666666666660924e-03
1.947222222222216512e-03
1.691666666666662069e-03
1.791666666666661464e-03
1.808333333333328029e-03
1.824999999999994378e-03
1.838888888888883400e-03
1.830555555555550117e-03
1.833333333333327661e-03
1.769444444444438942e-03
1.833333333333327878e-03
1.769444444444439593e-03
1.797222222222216986e-03
1.694444444444439613e-03
1.861111111111105705e-03
1.738888888888883788e-03
1.763888888888883637e-03
1.719444444444439462e-03
1.699999999999994918e-03
1.794444444444439008e-03
1.761111111111105659e-03
1.811111111111105790e-03
1.805555555555550269e-03
1.752777777777772376e-03
1.772222222222216920e-03
1.847222222222216466e-03
1.788888888888883703e-03
1.697222222222217157e-03
1.755555555555550137e-03
1.694444444444439613e-03
1.772222222222217137e-03
1.686111111111106547e-03
1.658333333333328287e-03
1.783333333333328181e-03
1.705555555555550440e-03
1.624999999999995155e-03
1.702777777777772679e-03
1.674999999999994852e-03
1.711111111111105962e-03
1.511111111111106955e-03
1.699999999999994918e-03
1.816666666666661096e-03
1.774999999999995115e-03
1.613888888888884328e-03
1.647222222222217460e-03
1.661111111111106048e-03
1.686111111111106330e-03
1.755555555555550354e-03
1.608333333333328589e-03
1.702777777777772679e-03
1.602777777777773284e-03
1.677777777777772830e-03
1.694444444444439396e-03
1.638888888888883960e-03
1.713888888888883940e-03
1.658333333333328503e-03
1.713888888888883940e-03
1.602777777777773067e-03
1.677777777777772613e-03
1.683333333333328569e-03
1.663888888888884025e-03
1.766666666666661181e-03
1.619444444444440067e-03
1.736111111111106027e-03
1.730555555555550289e-03
1.702777777777772679e-03
1.702777777777772679e-03
1.586111111111106284e-03
1.602777777777773067e-03
1.627777777777772916e-03
1.608333333333328806e-03
1.663888888888884025e-03
1.555555555555551131e-03
1.605555555555550828e-03
1.649999999999995220e-03
1.677777777777772613e-03
1.622222222222217394e-03
1.708333333333328418e-03
1.611111111111106350e-03
1.594444444444439567e-03
1.622222222222217177e-03
1.566666666666661958e-03
1.663888888888884025e-03
1.597222222222217328e-03
1.666666666666661786e-03
1.577777777777773218e-03
1.549999999999995609e-03
1.461111111111106607e-03
1.616666666666661872e-03
1.591666666666661806e-03
1.677777777777772830e-03
1.613888888888884111e-03
1.513888888888884716e-03
1.602777777777773067e-03
1.569444444444439719e-03
1.711111111111106179e-03
1.522222222222217782e-03
1.544444444444439870e-03
1.505555555555551000e-03
1.499999999999995478e-03
1.613888888888884111e-03
1.586111111111106501e-03
1.649999999999995220e-03
1.688888888888884091e-03
1.608333333333328589e-03
1.449999999999995997e-03
1.622222222222217611e-03
1.524999999999995760e-03
1.563888888888884197e-03
1.633333333333328438e-03
1.536111111111106587e-03
1.580555555555550979e-03
1.583333333333328740e-03
1.466666666666662346e-03
1.613888888888884111e-03
1.649999999999995004e-03
1.633333333333328438e-03
1.483333333333328912e-03
1.549999999999995392e-03
1.619444444444439850e-03
1.469444444444440107e-03
1.522222222222217999e-03
1.511111111111106738e-03
1.563888888888884414e-03
1.538888888888884565e-03
1.599999999999995306e-03
1.519444444444440238e-03
1.538888888888884348e-03
1.655555555555550742e-03
1.619444444444439416e-03
1.569444444444439936e-03
1.524999999999995543e-03
1.569444444444439719e-03
1.511111111111106738e-03
1.538888888888884348e-03
1.472222222222217868e-03
1.591666666666661806e-03
1.524999999999995543e-03
1.652777777777772981e-03
1.655555555555550742e-03
1.597222222222217762e-03
1.405555555555551388e-03
1.508333333333328760e-03
1.733333333333327833e-03
1.502777777777773455e-03
1.430555555555551453e-03
1.519444444444440021e-03
1.558333333333328675e-03
1.624999999999995155e-03
1.574999999999995457e-03
1.513888888888884499e-03
1.388888888888885039e-03
1.572222222222217696e-03
1.527777777777773304e-03
1.519444444444439804e-03
1.591666666666662023e-03
1.544444444444439870e-03
1.655555555555550742e-03
1.441666666666662714e-03
1.466666666666662346e-03
1.636111111111106416e-03
1.605555555555551045e-03
1.574999999999995241e-03
1.602777777777773067e-03
1.488888888888884434e-03
1.586111111111106284e-03
1.397222222222218105e-03
1.472222222222217868e-03
1.452777777777773758e-03
1.580555555555550763e-03
1.372222222222218256e-03
1.591666666666662023e-03
1.547222222222217631e-03
1.502777777777773239e-03
1.449999999999995780e-03
1.563888888888884197e-03
1.491666666666662195e-03
1.499999999999995694e-03
1.522222222222217782e-03
1.491666666666662195e-03
1.499999999999995694e-03
1.444444444444440258e-03
1.419444444444440193e-03
1.513888888888884499e-03
1.374999999999996234e-03
1.502777777777773455e-03
1.430555555555551453e-03
1.469444444444440107e-03
1.402777777777773627e-03
1.452777777777773541e-03
1.486111111111106890e-03
1.466666666666662346e-03
1.358333333333329451e-03
1.491666666666662195e-03
1.477777777777773390e-03
1.569444444444439719e-03
1.469444444444440107e-03
1.499999999999995478e-03
1.480555555555551584e-03
1.419444444444440193e-03
1.508333333333328760e-03
1.533333333333328826e-03
1.544444444444440087e-03
1.405555555555551388e-03
1.447222222222218019e-03
1.452777777777773541e-03
1.422222222222217954e-03
1.355555555555551473e-03
1.488888888888884434e-03
1.352777777777773712e-03
1.486111111111106673e-03
1.430555555555551453e-03
1.313888888888885059e-03
1.419444444444440193e-03
1.494444444444440172e-03
1.522222222222217782e-03
