5.437499999999983362e-04
5.948529411764686727e-04
6.249999999999979530e-04
6.319852941176450078e-04
6.246323529411745151e-04
6.595588235294096808e-04
6.801470588235271906e-04
7.044117647058801635e-04
7.312499999999977438e-04
7.205882352941153342e-04
7.511029411764681609e-04
7.694852941176446096e-04
7.867647058823504192e-04
7.749999999999975875e-04
7.863970588235268729e-04
7.933823529411739277e-04
8.003676470588209826e-04
8.176470588235266838e-04
8.499999999999973506e-04
8.308823529411737008e-04
8.334558823529385251e-04
8.621323529411737286e-04
8.595588235294090128e-04
8.775735294117619151e-04
8.459558823529385579e-04
8.621323529411737286e-04
8.772058823529383688e-04
8.595588235294090128e-04
8.838235294117618773e-04
8.886029411764677626e-04
8.856617647058795005e-04
9.084558823529382881e-04
8.871323529411736858e-04
9.051470588235264797e-04
8.709558823529384066e-04
8.970588235294088943e-04
8.617647058823500739e-04
9.187499999999970430e-04
8.856617647058793921e-04
9.283088235294088136e-04
9.062499999999971186e-04
9.400735294117616454e-04
9.724264705882322037e-04
9.580882352941144393e-04
9.183823529411734967e-04
9.437499999999968917e-04
9.676470588235263183e-04
9.360294117647028527e-04
9.470588235294087002e-04
9.584558823529380940e-04
9.499999999999969623e-04
9.386029411764675685e-04
9.595588235294087330e-04
1.011397058823526813e-03
9.683823529411734110e-04
9.283088235294088136e-04
9.849264705882321280e-04
9.694852941176438331e-04
9.621323529411733404e-04
9.882352941176439365e-04
9.727941176470558584e-04
9.363970588235263990e-04
9.702205882352910342e-04
9.503676470588205086e-04
9.558823529411733782e-04
9.849264705882321280e-04
9.511029411764674929e-04
9.555147058823498319e-04
9.897058823529379049e-04
9.680147058823498647e-04
9.852941176470555659e-04
9.805147058823497890e-04
9.643382352941145099e-04
1.003308823529408794e-03
9.658088235294086952e-04
9.808823529411732269e-04
9.716911764705851110e-04
9.691176470588203952e-04
9.889705882352910291e-04
9.669117647058792257e-04
9.874999999999968438e-04
9.558823529411733782e-04
9.632352941176439793e-04
9.999999999999967682e-04
9.588235294117616403e-04
1.005147058823526417e-03
9.794117647058792585e-04
9.794117647058792585e-04
9.823529411764674122e-04
9.761029411764674500e-04
9.636029411764675257e-04
9.624999999999968867e-04
9.676470588235263183e-04
9.702205882352910342e-04
9.330882352941146990e-04
1.001470588235290953e-03
9.672794117647027720e-04
9.735294117647027342e-04
9.334558823529382453e-04
9.856617647058792207e-04
9.389705882352910064e-04
9.823529411764674122e-04
9.933823529411733681e-04
9.966911764705849597e-04
9.691176470588203952e-04
9.735294117647027342e-04
9.400735294117616454e-04
9.577205882352908929e-04
9.930147058823497134e-04
9.783088235294087279e-04
9.959558823529378671e-04
1.013602941176468090e-03
9.562499999999969245e-04
9.654411764705851488e-04
9.746323529411733732e-04
9.389705882352911148e-04
9.547794117647028476e-04
9.775735294117616353e-04
9.687499999999968489e-04
9.727941176470557500e-04
9.408088235294087380e-04
9.797794117647026964e-04
9.897058823529379049e-04
9.841911764705850354e-04
9.448529411764675307e-04
9.558823529411733782e-04
9.764705882352909963e-04
9.786764705882321658e-04
9.613970588235263562e-04
1.000367647058820206e-03
9.996323529411733303e-04
9.963235294117615218e-04
9.705882352941145805e-04
9.676470588235263183e-04
9.746323529411733732e-04
9.680147058823498647e-04
9.941176470588202439e-04
9.602941176470556088e-04
9.562499999999969245e-04
9.738970588235262805e-04
1.023529411764704600e-03
9.867647058823497512e-04
1.002573529411761484e-03
9.779411764705850732e-04
9.966911764705849597e-04
9.834558823529379427e-04
9.786764705882321658e-04
9.363970588235263990e-04
9.908088235294086523e-04
9.937499999999968060e-04
1.020955882352938800e-03
9.863970588235263133e-04
9.988970588235262377e-04
9.466911764705851539e-04
9.867647058823497512e-04
9.727941176470557500e-04
9.797794117647026964e-04
9.529411764705852245e-04
1.001838235294114391e-03
9.952205882352909913e-04
9.463235294117617160e-04
1.009926470588232194e-03
1.005514705882349855e-03
9.816176470588203196e-04
9.566176470588204708e-04
1.003308823529408794e-03
9.790441176470556037e-04
9.356617647058794148e-04
9.933823529411733681e-04
9.749999999999969195e-04
1.003676470588232231e-03
9.485294117647028855e-04
9.827205882352910669e-04
9.617647058823499025e-04
9.830882352941145048e-04
9.507352941176440550e-04
9.948529411764673366e-04
9.636029411764675257e-04
9.540441176470557550e-04
9.749999999999969195e-04
9.735294117647027342e-04
9.602941176470557172e-04
1.011397058823526813e-03
1.015073529411762276e-03
9.878676470588202817e-04
9.963235294117615218e-04
9.551470588235263940e-04
1.003676470588232448e-03
9.628676470588203246e-04
9.790441176470558206e-04
9.941176470588202439e-04
9.860294117647026586e-04
9.797794117647026964e-04
9.959558823529378671e-04
1.022058823529409547e-03
9.992647058823496756e-04
9.988970588235262377e-04
9.845588235294086901e-04
9.878676470588202817e-04
9.455882352941146233e-04
9.705882352941145805e-04
9.992647058823496756e-04
9.738970588235262805e-04
1.007352941176467695e-03
9.433823529411733454e-04
9.694852941176439415e-04
9.624999999999968867e-04
9.786764705882321658e-04
9.735294117647027342e-04
9.849264705882321280e-04
9.845588235294086901e-04
9.658088235294086952e-04
9.720588235294086573e-04
1.009558823529408756e-03
9.838235294117613806e-04
9.823529411764674122e-04
9.882352941176439365e-04
9.977941176470557071e-04
9.705882352941145805e-04
9.955882352941144292e-04
9.455882352941146233e-04
9.937499999999968060e-04
9.801470588235261343e-04
9.867647058823497512e-04
9.753676470588202490e-04
9.900735294117615597e-04
9.860294117647026586e-04
9.525735294117616781e-04
9.709558823529380184e-04
9.415441176470558306e-04
9.999999999999967682e-04
9.698529411764674878e-04
9.584558823529380940e-04
9.709558823529380184e-04
9.709558823529380184e-04
1.009191176470585101e-03
1.011029411764703375e-03
9.669117647058792257e-04
9.757352941176439037e-04
9.650735294117616025e-04
9.632352941176439793e-04
9.716911764705851110e-04
9.397058823529382075e-04
9.650735294117616025e-04
9.558823529411733782e-04
9.827205882352910669e-04
9.871323529411731891e-04
9.536764705882322087e-04
9.761029411764674500e-04
1.017279411764703771e-03
9.930147058823497134e-04
9.801470588235263511e-04
9.602941176470557172e-04
9.827205882352910669e-04
9.577205882352910014e-04
9.878676470588202817e-04
9.790441176470558206e-04
9.463235294117617160e-04
9.941176470588202439e-04
9.738970588235262805e-04
9.992647058823496756e-04
9.573529411764675635e-04
9.772058823529379806e-04
9.878676470588202817e-04
9.639705882352910720e-04
9.720588235294086573e-04
9.169117647058794198e-04
9.757352941176439037e-04
9.595588235294087330e-04
9.643382352941145099e-04
9.702205882352910342e-04
9.680147058823498647e-04
1.011029411764703158e-03
1.010294117647056282e-03
9.959558823529378671e-04
9.768382352941145427e-04
9.599264705882321709e-04
9.636029411764675257e-04
9.650735294117614941e-04
1.019852941176468703e-03
9.687499999999968489e-04
9.643382352941145099e-04
1.006985294117644257e-03
1.001470588235290953e-03
9.499999999999969623e-04
9.624999999999968867e-04
1.034926470588233994e-03
9.720588235294086573e-04
1.002941176470585139e-03
9.959558823529378671e-04
1.004044117647056103e-03
9.790441176470556037e-04
9.720588235294085489e-04
9.264705882352911905e-04
9.650735294117616025e-04
9.709558823529380184e-04
9.874999999999968438e-04
1.024999999999998135e-03
9.650735294117616025e-04
9.952205882352909913e-04
1.000735294117643861e-03
9.415441176470558306e-04
9.882352941176439365e-04
9.874999999999968438e-04
9.643382352941145099e-04
9.874999999999968438e-04
9.941176470588202439e-04
9.566176470588204708e-04
1.016911764705879899e-03
9.569852941176440171e-04
9.819852941176439743e-04
1.013602941176468090e-03
1.006985294117644257e-03
1.002205882352938046e-03
9.430147058823499075e-04
9.683823529411734110e-04
9.772058823529379806e-04
9.867647058823497512e-04
9.606617647058792635e-04
9.694852941176439415e-04
9.687499999999968489e-04
1.006617647058820385e-03
9.812499999999968817e-04
9.488970588235263234e-04
1.006985294117644040e-03
9.779411764705850732e-04
9.672794117647027720e-04
9.610294117647028098e-04
9.985294117647025829e-04
9.588235294117616403e-04
9.841911764705850354e-04
9.966911764705849597e-04
9.518382352941145855e-04
9.680147058823498647e-04
9.797794117647026964e-04
9.702205882352910342e-04
9.790441176470556037e-04
9.599264705882320625e-04
9.573529411764675635e-04
1.009926470588232410e-03
9.746323529411733732e-04
9.783088235294087279e-04
1.012499999999997777e-03
9.797794117647026964e-04
9.845588235294086901e-04
9.680147058823498647e-04
9.676470588235263183e-04
1.009926470588232410e-03
9.624999999999968867e-04
1.002941176470585139e-03
9.661764705882322415e-04
9.786764705882321658e-04
1.031617647058821969e-03
9.849264705882321280e-04
9.941176470588202439e-04
9.919117647058791828e-04
9.647058823529380562e-04
9.757352941176439037e-04
9.444852941176439844e-04
9.437499999999970001e-04
9.845588235294086901e-04
9.577205882352910014e-04
9.551470588235263940e-04
9.955882352941144292e-04
9.753676470588203574e-04
9.514705882352909308e-04
1.002573529411761701e-03
9.562499999999969245e-04
1.002941176470585139e-03
9.805147058823495722e-04
9.779411764705850732e-04
9.999999999999967682e-04
9.768382352941145427e-04
9.823529411764674122e-04
9.643382352941145099e-04
1.008088235294114570e-03
9.687499999999968489e-04
9.768382352941145427e-04
9.816176470588203196e-04
9.742647058823498268e-04
9.933823529411733681e-04
9.606617647058792635e-04
1.004779411764702762e-03
9.419117647058793770e-04
9.856617647058792207e-04
9.691176470588203952e-04
9.683823529411734110e-04
9.996323529411733303e-04
9.874999999999968438e-04
9.613970588235263562e-04
9.812499999999968817e-04
1.011397058823526596e-03
9.999999999999967682e-04
1.006985294117644257e-03
9.941176470588202439e-04
9.797794117647026964e-04
9.455882352941146233e-04
9.485294117647028855e-04
1.004779411764703196e-03
9.511029411764674929e-04
9.591911764705851867e-04
9.786764705882321658e-04
9.606617647058792635e-04
9.963235294117615218e-04
9.827205882352910669e-04
9.948529411764673366e-04
1.010661764705879286e-03
9.915441176470555281e-04
9.716911764705851110e-04
9.772058823529379806e-04
1.008823529411762314e-03
1.006249999999996947e-03
9.838235294117615975e-04
9.507352941176439465e-04
9.841911764705850354e-04
9.992647058823496756e-04
9.231617647058793820e-04
9.687499999999968489e-04
9.753676470588202490e-04
9.742647058823498268e-04
9.952205882352909913e-04
9.941176470588202439e-04
9.716911764705851110e-04
9.974264705882320524e-04
9.985294117647025829e-04
9.790441176470556037e-04
9.562499999999969245e-04
9.863970588235263133e-04
1.015808823529409152e-03
9.492647058823498697e-04
9.955882352941144292e-04
9.838235294117615975e-04
1.022426470588233419e-03
9.768382352941145427e-04
9.584558823529380940e-04
1.005147058823526417e-03
9.691176470588203952e-04
9.676470588235263183e-04
9.753676470588202490e-04
9.863970588235263133e-04
9.720588235294086573e-04
9.753676470588203574e-04
9.731617647058791879e-04
9.415441176470558306e-04
9.720588235294086573e-04
9.900735294117615597e-04
9.437499999999970001e-04
9.606617647058792635e-04
9.933823529411733681e-04
9.650735294117616025e-04
1.006985294117644257e-03
9.698529411764674878e-04
9.636029411764675257e-04
9.944852941176438987e-04
9.702205882352910342e-04
9.749999999999969195e-04
9.735294117647027342e-04
9.555147058823498319e-04
1.006617647058820385e-03
9.533088235294086624e-04
9.882352941176439365e-04
9.558823529411733782e-04
9.698529411764674878e-04
9.654411764705851488e-04
9.974264705882320524e-04
9.470588235294087002e-04
9.959558823529378671e-04
9.426470588235262528e-04
9.834558823529379427e-04
1.003308823529408794e-03
9.511029411764674929e-04
9.874999999999968438e-04
9.790441176470556037e-04
9.794117647058792585e-04
9.753676470588203574e-04
1.013970588235291095e-03
1.011764705882350250e-03
9.536764705882322087e-04
9.452205882352910770e-04
9.841911764705850354e-04
1.014705882352938621e-03
9.930147058823497134e-04
9.812499999999968817e-04
9.823529411764676290e-04
9.944852941176438987e-04
9.683823529411734110e-04
9.514705882352909308e-04
1.001470588235290953e-03
1.011029411764703158e-03
9.952205882352909913e-04
9.783088235294085111e-04
9.911764705882320902e-04
9.599264705882321709e-04
1.001838235294114608e-03
9.977941176470557071e-04
9.713235294117615647e-04
9.654411764705851488e-04
9.665441176470556794e-04
9.922794117647026207e-04
9.323529411764676063e-04
9.613970588235263562e-04
9.522058823529381318e-04
1.004779411764702762e-03
9.988970588235262377e-04
1.001470588235290953e-03
9.511029411764674929e-04
9.786764705882321658e-04
9.397058823529380990e-04
9.878676470588202817e-04
1.000735294117643861e-03
9.676470588235263183e-04
9.812499999999968817e-04
1.003676470588232448e-03
9.477941176470557928e-04
9.529411764705852245e-04
9.676470588235263183e-04
9.724264705882322037e-04
9.691176470588203952e-04
9.599264705882321709e-04
9.599264705882321709e-04
9.797794117647026964e-04
9.911764705882320902e-04
1.010661764705879937e-03
9.819852941176439743e-04
9.746323529411733732e-04
9.654411764705851488e-04
9.551470588235263940e-04
9.816176470588203196e-04
9.709558823529380184e-04
9.860294117647026586e-04
9.783088235294087279e-04
9.753676470588203574e-04
9.716911764705851110e-04
9.783088235294087279e-04
9.617647058823497941e-04
9.720588235294086573e-04
9.562499999999969245e-04
9.709558823529380184e-04
9.753676470588203574e-04
9.658088235294086952e-04
9.867647058823497512e-04
9.503676470588205086e-04
9.768382352941145427e-04
9.757352941176437953e-04
9.569852941176440171e-04
9.691176470588203952e-04
9.761029411764674500e-04
9.779411764705850732e-04
9.430147058823499075e-04
9.544117647058793013e-04
9.779411764705850732e-04
9.724264705882322037e-04
9.930147058823497134e-04
9.794117647058792585e-04
9.720588235294086573e-04
9.922794117647026207e-04
1.006985294117644257e-03
9.823529411764674122e-04
9.716911764705851110e-04
9.639705882352910720e-04
9.874999999999968438e-04
9.882352941176439365e-04
9.834558823529379427e-04
1.008088235294114787e-03
9.900735294117615597e-04
9.661764705882322415e-04
9.643382352941144015e-04
9.654411764705851488e-04
9.838235294117615975e-04
9.757352941176439037e-04
9.661764705882322415e-04
9.577205882352910014e-04
1.027205882352939196e-03
9.974264705882320524e-04
9.893382352941146839e-04
1.019485294117644832e-03
9.602941176470556088e-04
9.775735294117616353e-04
9.970588235294086145e-04
9.599264705882320625e-04
9.713235294117614563e-04
9.992647058823496756e-04
9.930147058823497134e-04
9.466911764705851539e-04
1.006249999999996947e-03
9.507352941176440550e-04
9.808823529411732269e-04
9.654411764705851488e-04
9.669117647058792257e-04
9.488970588235264318e-04
9.602941176470557172e-04
9.709558823529380184e-04
9.636029411764675257e-04
9.827205882352908501e-04
9.985294117647025829e-04
9.985294117647025829e-04
9.735294117647027342e-04
9.544117647058793013e-04
9.816176470588203196e-04
9.687499999999968489e-04
9.694852941176439415e-04
9.562499999999969245e-04
9.477941176470557928e-04
9.628676470588204330e-04
9.941176470588202439e-04
9.860294117647026586e-04
9.801470588235263511e-04
9.926470588235262755e-04
9.698529411764674878e-04
1.008088235294114787e-03
9.727941176470557500e-04
1.004044117647056103e-03
9.882352941176439365e-04
9.838235294117615975e-04
1.014705882352939055e-03
9.716911764705851110e-04
9.849264705882321280e-04
9.713235294117615647e-04
9.985294117647025829e-04
9.849264705882321280e-04
9.878676470588202817e-04
9.816176470588203196e-04
1.005147058823526417e-03
9.661764705882322415e-04
9.669117647058792257e-04
9.742647058823498268e-04
9.849264705882321280e-04
9.845588235294086901e-04
1.011397058823526379e-03
9.779411764705850732e-04
1.002573529411761701e-03
9.558823529411733782e-04
9.911764705882320902e-04
9.742647058823498268e-04
1.031617647058821969e-03
9.749999999999969195e-04
9.735294117647026258e-04
9.915441176470555281e-04
9.944852941176438987e-04
9.779411764705850732e-04
9.724264705882322037e-04
9.724264705882322037e-04
9.783088235294087279e-04
9.639705882352910720e-04
9.702205882352910342e-04
9.768382352941143258e-04
9.731617647058791879e-04
9.856617647058792207e-04
9.669117647058791173e-04
9.753676470588203574e-04
9.838235294117615975e-04
9.856617647058792207e-04
9.746323529411733732e-04
9.676470588235263183e-04
9.757352941176439037e-04
9.977941176470554903e-04
9.661764705882322415e-04
9.889705882352910291e-04
9.613970588235263562e-04
9.926470588235262755e-04
9.944852941176438987e-04
9.705882352941145805e-04
9.702205882352910342e-04
9.764705882352909963e-04
9.499999999999969623e-04
9.709558823529380184e-04
9.992647058823496756e-04
9.878676470588202817e-04
9.654411764705851488e-04
1.000367647058820206e-03
9.985294117647025829e-04
9.716911764705851110e-04
9.941176470588202439e-04
9.698529411764673794e-04
9.897058823529379049e-04
9.720588235294086573e-04
9.845588235294086901e-04
9.819852941176439743e-04
9.577205882352910014e-04
9.867647058823497512e-04
9.661764705882322415e-04
9.580882352941145477e-04
9.547794117647028476e-04
9.768382352941145427e-04
9.801470588235263511e-04
9.834558823529379427e-04
9.547794117647028476e-04
1.007720588235291349e-03
9.944852941176438987e-04
9.812499999999968817e-04
9.731617647058791879e-04
1.013235294117644653e-03
9.452205882352910770e-04
9.819852941176439743e-04
9.599264705882321709e-04
9.933823529411731513e-04
9.816176470588203196e-04
9.430147058823499075e-04
9.540441176470557550e-04
9.797794117647026964e-04
9.749999999999969195e-04
9.522058823529381318e-04
1.009191176470585101e-03
1.016911764705879899e-03
9.897058823529379049e-04
9.584558823529380940e-04
9.867647058823497512e-04
1.003308823529408794e-03
9.886029411764673744e-04
9.687499999999968489e-04
9.830882352941145048e-04
9.889705882352910291e-04
9.496323529411734160e-04
9.672794117647027720e-04
9.488970588235263234e-04
9.573529411764675635e-04
9.665441176470556794e-04
9.639705882352910720e-04
9.746323529411733732e-04
9.665441176470555710e-04
9.727941176470557500e-04
9.893382352941144670e-04
9.624999999999968867e-04
9.724264705882322037e-04
9.492647058823498697e-04
9.911764705882320902e-04
9.632352941176439793e-04
9.830882352941145048e-04
1.010294117647056282e-03
9.812499999999968817e-04
9.882352941176439365e-04
9.481617647058792307e-04
9.569852941176440171e-04
9.911764705882320902e-04
9.742647058823498268e-04
9.926470588235262755e-04
9.496323529411734160e-04
9.948529411764673366e-04
9.551470588235263940e-04
9.599264705882321709e-04
9.577205882352910014e-04
9.621323529411733404e-04
9.672794117647027720e-04
9.775735294117616353e-04
9.852941176470555659e-04
9.665441176470556794e-04
9.775735294117616353e-04
9.466911764705851539e-04
9.632352941176439793e-04
9.731617647058791879e-04
9.382352941176440222e-04
9.507352941176440550e-04
1.003676470588232231e-03
9.591911764705851867e-04
1.000367647058820206e-03
9.801470588235263511e-04
9.941176470588202439e-04
9.691176470588203952e-04
9.716911764705851110e-04
9.775735294117616353e-04
9.716911764705851110e-04
9.819852941176439743e-04
9.518382352941145855e-04
9.889705882352910291e-04
9.558823529411733782e-04
9.738970588235262805e-04
9.827205882352910669e-04
9.841911764705850354e-04
9.941176470588202439e-04
9.698529411764674878e-04
9.389705882352911148e-04
9.959558823529378671e-04
9.529411764705852245e-04
9.830882352941145048e-04
9.727941176470557500e-04
1.005147058823526200e-03
9.801470588235263511e-04
9.595588235294087330e-04
1.006249999999997164e-03
1.009558823529409189e-03
1.041544117647058261e-03
1.000367647058820206e-03
9.867647058823497512e-04
9.738970588235262805e-04
9.952205882352909913e-04
9.838235294117615975e-04
9.691176470588203952e-04
9.871323529411731891e-04
9.797794117647026964e-04
9.720588235294086573e-04
9.562499999999969245e-04
9.522058823529381318e-04
9.841911764705850354e-04
9.533088235294086624e-04
9.768382352941145427e-04
9.599264705882321709e-04
9.584558823529380940e-04
9.533088235294086624e-04
9.915441176470555281e-04
9.830882352941145048e-04
9.386029411764675685e-04
9.738970588235262805e-04
9.871323529411731891e-04
9.661764705882322415e-04
9.746323529411733732e-04
9.834558823529379427e-04
9.749999999999969195e-04
9.845588235294086901e-04
9.738970588235262805e-04
9.573529411764675635e-04
9.477941176470557928e-04
9.963235294117615218e-04
1.002205882352938046e-03
9.624999999999968867e-04
9.874999999999968438e-04
9.507352941176440550e-04
9.474264705882322465e-04
9.808823529411732269e-04
9.551470588235263940e-04
9.819852941176439743e-04
9.863970588235263133e-04
9.919117647058791828e-04
9.709558823529380184e-04
9.602941176470557172e-04
9.643382352941144015e-04
9.562499999999969245e-04
9.514705882352910392e-04
9.812499999999968817e-04
9.841911764705850354e-04
9.705882352941145805e-04
9.805147058823497890e-04
9.941176470588202439e-04
9.757352941176439037e-04
9.841911764705850354e-04
9.797794117647026964e-04
9.812499999999968817e-04
9.507352941176440550e-04
9.672794117647027720e-04
1.003308823529408794e-03
9.834558823529379427e-04
9.830882352941142880e-04
9.874999999999968438e-04
9.981617647058791450e-04
1.006249999999997381e-03
9.658088235294086952e-04
9.801470588235263511e-04
9.654411764705851488e-04
9.999999999999967682e-04
9.459558823529381696e-04
9.602941176470556088e-04
9.904411764705849976e-04
9.595588235294087330e-04
9.805147058823497890e-04
9.830882352941145048e-04
9.624999999999968867e-04
9.757352941176439037e-04
9.584558823529380940e-04
9.735294117647027342e-04
9.933823529411733681e-04
9.926470588235262755e-04
9.643382352941145099e-04
9.790441176470556037e-04
9.687499999999968489e-04
9.680147058823498647e-04
9.808823529411732269e-04
9.305147058823498747e-04
9.687499999999968489e-04
1.002205882352938046e-03
1.002205882352937829e-03
9.871323529411731891e-04
9.801470588235263511e-04
9.801470588235263511e-04
9.863970588235263133e-04
9.738970588235262805e-04
9.441176470588205465e-04
9.941176470588202439e-04
9.426470588235262528e-04
9.735294117647027342e-04
1.013602941176468090e-03
9.709558823529380184e-04
9.716911764705851110e-04
9.988970588235262377e-04
9.544117647058791929e-04
9.775735294117616353e-04
9.724264705882320952e-04
9.738970588235262805e-04
9.985294117647025829e-04
9.738970588235262805e-04
9.937499999999968060e-04
9.860294117647026586e-04
9.731617647058791879e-04
1.014705882352938838e-03
9.790441176470556037e-04
9.911764705882320902e-04
9.827205882352910669e-04
9.724264705882320952e-04
1.003308823529408794e-03
9.496323529411734160e-04
9.470588235294087002e-04
9.852941176470555659e-04
9.367647058823499453e-04
9.694852941176439415e-04
9.661764705882322415e-04
9.584558823529380940e-04
9.911764705882320902e-04
9.632352941176439793e-04
9.786764705882321658e-04
1.006617647058820602e-03
9.566176470588204708e-04
1.038602941176469240e-03
9.779411764705850732e-04
9.488970588235263234e-04
9.551470588235263940e-04
9.658088235294085867e-04
9.580882352941145477e-04
9.720588235294085489e-04
9.823529411764674122e-04
9.533088235294086624e-04
9.709558823529380184e-04
9.746323529411733732e-04
9.897058823529379049e-04
9.731617647058791879e-04
1.004779411764702762e-03
9.908088235294086523e-04
9.738970588235262805e-04
9.999999999999967682e-04
9.455882352941146233e-04
9.992647058823496756e-04
9.610294117647028098e-04
1.000735294117643861e-03
9.823529411764674122e-04
9.808823529411732269e-04
9.856617647058792207e-04
1.003308823529408794e-03
9.334558823529382453e-04
9.805147058823497890e-04
1.028676470588234465e-03
9.562499999999969245e-04
9.790441176470556037e-04
9.882352941176439365e-04
9.683823529411734110e-04
9.830882352941145048e-04
9.889705882352910291e-04
9.937499999999968060e-04
1.005882352941173292e-03
9.830882352941145048e-04
9.654411764705851488e-04
9.727941176470557500e-04
1.005147058823526417e-03
9.525735294117616781e-04
9.911764705882320902e-04
9.639705882352910720e-04
9.955882352941144292e-04
9.988970588235262377e-04
9.775735294117616353e-04
9.937499999999968060e-04
9.632352941176439793e-04
1.005882352941173726e-03
9.746323529411733732e-04
1.004411764705879541e-03
9.238970588235263662e-04
9.683823529411734110e-04
9.900735294117615597e-04
9.724264705882322037e-04
9.650735294117616025e-04
9.720588235294086573e-04
9.481617647058793391e-04
9.724264705882322037e-04
9.529411764705852245e-04
9.499999999999969623e-04
9.477941176470557928e-04
9.492647058823497613e-04
9.724264705882322037e-04
9.999999999999967682e-04
9.834558823529379427e-04
9.606617647058791551e-04
1.012132352941174122e-03
9.680147058823498647e-04
9.702205882352910342e-04
9.503676470588205086e-04
9.757352941176439037e-04
1.003676470588232448e-03
9.897058823529379049e-04
9.459558823529381696e-04
1.010661764705879503e-03
9.944852941176436818e-04
9.735294117647027342e-04
1.023897058823527821e-03
9.812499999999968817e-04
9.933823529411733681e-04
9.757352941176439037e-04
9.867647058823497512e-04
9.933823529411731513e-04
9.790441176470556037e-04
9.529411764705851160e-04
9.886029411764673744e-04
9.731617647058791879e-04
9.801470588235263511e-04
9.713235294117615647e-04
1.001102941176467299e-03
9.852941176470555659e-04
1.000367647058820206e-03
9.783088235294087279e-04
9.768382352941145427e-04
9.624999999999968867e-04
9.569852941176440171e-04
9.477941176470557928e-04
9.654411764705851488e-04
9.382352941176440222e-04
9.433823529411733454e-04
9.235294117647029283e-04
8.970588235294087859e-04
8.860294117647030468e-04
8.720588235294090456e-04
8.466911764705855421e-04
8.455882352941150116e-04
8.764705882352913846e-04
8.238970588235268629e-04
8.330882352941149788e-04
8.033088235294091363e-04
7.882352941176446045e-04
8.113970588235268301e-04
8.187499999999974312e-04
7.624999999999976632e-04
8.077205882352914753e-04
7.713235294117623412e-04
7.794117647058799265e-04
7.584558823529386536e-04
7.378676470588211439e-04
7.345588235294094439e-04
6.959558823529389234e-04
7.124999999999977488e-04
7.007352941176448087e-04
7.102941176470565793e-04
6.897058823529389612e-04
6.702205882352919820e-04
6.937499999999977539e-04
7.117647058823506562e-04
7.040441176470565087e-04
6.768382352941154905e-04
6.985294117647036392e-04
6.911764705882330381e-04
7.058823529411741319e-04
6.783088235294096758e-04
7.102941176470564709e-04
6.908088235294096002e-04
6.852941176470567306e-04
6.753676470588213052e-04
6.694852941176448894e-04
6.933823529411743160e-04
6.636029411764684735e-04
6.713235294117625125e-04
6.691176470588214515e-04
6.544117647058803576e-04
6.786764705882331137e-04
6.878676470588213380e-04
6.459558823529391175e-04
6.897058823529390696e-04
6.613970588235273040e-04
6.735294117647036821e-04
6.628676470588213809e-04
6.507352941176450028e-04
6.632352941176450356e-04
6.768382352941154905e-04
6.727941176470566978e-04
6.665441176470567356e-04
6.308823529411744773e-04
6.602941176470566650e-04
6.253676470588214993e-04
6.647058823529390040e-04
6.838235294117625453e-04
6.812499999999978295e-04
6.430147058823509638e-04
6.507352941176450028e-04
6.430147058823508554e-04
6.628676470588213809e-04
6.573529411764685113e-04
6.511029411764685491e-04
6.533088235294097186e-04
6.610294117647037577e-04
6.459558823529391175e-04
6.665441176470566272e-04
6.463235294117626638e-04
6.643382352941154577e-04
6.808823529411742832e-04
6.628676470588213809e-04
6.499999999999979102e-04
6.794117647058802063e-04
6.621323529411745051e-04
6.584558823529391503e-04
6.374999999999980942e-04
6.441176470588214943e-04
6.599264705882331187e-04
6.463235294117626638e-04
6.941176470588214086e-04
6.647058823529391125e-04
6.588235294117625882e-04
6.536764705882331565e-04
6.558823529411743260e-04
6.889705882352918686e-04
6.389705882352921711e-04
6.665441176470566272e-04
6.529411764705861723e-04
6.632352941176449272e-04
6.577205882352921661e-04
6.749999999999978673e-04
6.555147058823509966e-04
6.772058823529390368e-04
6.772058823529391453e-04
6.577205882352919492e-04
6.426470588235273090e-04
6.647058823529390040e-04
6.496323529411743639e-04
6.694852941176448894e-04
6.849264705882330759e-04
6.573529411764685113e-04
6.749999999999978673e-04
6.525735294117626260e-04
6.536764705882331565e-04
6.566176470588214187e-04
6.713235294117626210e-04
6.716911764705860589e-04
6.749999999999978673e-04
6.720588235294096052e-04
6.544117647058802492e-04
6.621323529411742882e-04
6.477941176470567407e-04
6.900735294117626159e-04
6.937499999999977539e-04
6.775735294117624747e-04
7.025735294117625403e-04
6.753676470588213052e-04
6.672794117647037199e-04
6.705882352941155283e-04
6.742647058823508831e-04
6.852941176470566222e-04
6.952205882352918307e-04
6.687499999999979051e-04
6.849264705882330759e-04
6.889705882352919770e-04
6.808823529411742832e-04
6.698529411764684357e-04
6.687499999999979051e-04
7.066176470588212246e-04
6.764705882352919442e-04
6.683823529411743588e-04
6.783088235294095674e-04
6.878676470588214464e-04
6.911764705882330381e-04
7.077205882352918635e-04
6.915441176470565844e-04
7.036764705882329624e-04
6.933823529411742076e-04
6.974264705882330002e-04
7.080882352941153014e-04
6.823529411764683601e-04
6.860294117647037148e-04
7.308823529411740891e-04
7.088235294117623941e-04
7.091911764705859404e-04
7.011029411764683550e-04
6.819852941176448137e-04
6.768382352941155989e-04
6.886029411764683222e-04
7.419117647058800450e-04
6.977941176470565466e-04
6.944852941176448465e-04
7.088235294117623941e-04
6.797794117647036442e-04
6.937499999999978623e-04
7.183823529411741647e-04
6.988970588235271855e-04
6.985294117647036392e-04
6.941176470588213002e-04
6.955882352941153771e-04
7.095588235294095951e-04
7.099264705882330330e-04
7.161764705882331036e-04
7.323529411764682744e-04
7.136029411764683878e-04
7.283088235294093733e-04
6.783088235294095674e-04
6.801470588235271906e-04
7.191176470588211489e-04
6.897058823529389612e-04
6.808823529411743916e-04
7.224264705882329574e-04
7.176470588235271805e-04
7.455882352941152914e-04
7.231617647058801585e-04
6.922794117647036770e-04
7.334558823529389133e-04
7.011029411764683550e-04
6.959558823529389234e-04
7.205882352941154426e-04
7.029411764705860866e-04
7.069852941176447709e-04
7.088235294117623941e-04
7.349264705882328818e-04
7.011029411764683550e-04
7.301470588235269964e-04
7.161764705882329952e-04
7.341911764705858975e-04
7.363970588235271755e-04
7.316176470588211817e-04
6.911764705882330381e-04
7.312499999999976354e-04
6.941176470588214086e-04
7.397058823529387671e-04
7.055147058823506940e-04
7.128676470588212952e-04
6.933823529411742076e-04
7.352941176470564281e-04
6.977941176470565466e-04
7.283088235294094817e-04
7.139705882352918257e-04
7.238970588235271427e-04
7.080882352941153014e-04
7.165441176470566500e-04
7.242647058823505806e-04
7.386029411764683450e-04
7.147058823529389184e-04
7.356617647058800828e-04
7.371323529411740513e-04
7.169117647058800879e-04
7.209558823529388805e-04
7.433823529411740134e-04
7.360294117647035207e-04
7.180147058823507268e-04
7.525735294117622378e-04
7.595588235294094010e-04
7.606617647058799316e-04
7.485294117647034451e-04
7.301470588235271049e-04
7.422794117647034829e-04
6.970588235294095623e-04
7.073529411764683172e-04
7.452205882352918535e-04
7.525735294117622378e-04
7.316176470588212901e-04
7.437499999999976682e-04
7.477941176470563524e-04
7.334558823529389133e-04
7.547794117647035157e-04
7.503676470588210683e-04
7.569852941176445768e-04
7.261029411764682038e-04
7.121323529411742025e-04
7.400735294117624218e-04
7.463235294117623840e-04
7.062499999999976782e-04
7.422794117647034829e-04
7.639705882352917400e-04
7.360294117647036291e-04
7.400735294117624218e-04
7.419117647058800450e-04
7.356617647058800828e-04
7.393382352941152208e-04
7.334558823529388049e-04
7.415441176470564987e-04
7.371323529411741597e-04
7.382352941176446902e-04
7.334558823529388049e-04
7.764705882352916644e-04
7.610294117647033695e-04
7.382352941176446902e-04
7.849264705882327961e-04
7.371323529411740513e-04
7.702205882352917022e-04
7.437499999999975598e-04
7.488970588235270998e-04
7.279411764705858269e-04
7.617647058823505705e-04
7.496323529411739756e-04
7.562499999999975926e-04
7.654411764705857085e-04
7.636029411764680853e-04
7.529411764705858925e-04
7.738970588235269486e-04
7.503676470588210683e-04
7.874999999999975119e-04
7.419117647058799366e-04
7.238970588235271427e-04
7.514705882352918156e-04
7.503676470588211767e-04
7.691176470588211717e-04
7.838235294117622655e-04
7.511029411764681609e-04
7.529411764705857841e-04
7.669117647058798937e-04
7.367647058823505049e-04
7.687499999999975169e-04
7.599264705882328389e-04
7.367647058823506134e-04
7.647058823529387242e-04
7.599264705882328389e-04
7.569852941176445768e-04
7.783088235294091791e-04
7.441176470588211061e-04
7.669117647058800022e-04
7.419117647058800450e-04
7.812499999999974413e-04
7.647058823529387242e-04
7.772058823529386486e-04
7.915441176470561961e-04
7.602941176470564937e-04
7.698529411764680475e-04
7.761029411764680096e-04
7.522058823529386914e-04
7.613970588235270242e-04
7.610294117647034779e-04
7.716911764705857791e-04
7.352941176470565365e-04
7.599264705882328389e-04
7.547794117647034073e-04
7.977941176470563752e-04
7.772058823529386486e-04
7.882352941176446045e-04
7.768382352941152107e-04
7.536764705882329851e-04
7.852941176470563424e-04
7.926470588235268351e-04
7.867647058823505277e-04
7.794117647058798181e-04
8.205882352941150544e-04
7.511029411764681609e-04
7.632352941176446474e-04
7.955882352941152057e-04
7.691176470588210632e-04
7.676470588235269864e-04
7.797794117647034728e-04
7.647058823529388327e-04
7.860294117647034350e-04
8.003676470588208742e-04
7.749999999999974791e-04
8.047794117647033216e-04
7.698529411764681559e-04
7.691176470588211717e-04
8.047794117647033216e-04
8.077205882352915837e-04
8.084558823529385679e-04
7.518382352941151451e-04
8.003676470588208742e-04
7.698529411764681559e-04
8.047794117647033216e-04
7.628676470588211011e-04
7.768382352941151023e-04
7.669117647058800022e-04
7.720588235294093254e-04
7.882352941176444961e-04
8.011029411764679668e-04
7.830882352941150645e-04
8.066176470588209448e-04
7.930147058823503814e-04
7.948529411764681130e-04
7.841911764705857034e-04
7.775735294117623033e-04
7.897058823529386814e-04
7.665441176470564558e-04
7.786764705882328339e-04
7.970588235294092825e-04
8.176470588235266838e-04
7.919117647058798509e-04
7.801470588235270192e-04
7.959558823529386436e-04
7.874999999999975119e-04
7.966911764705856278e-04
7.834558823529387192e-04
7.963235294117621899e-04
7.764705882352916644e-04
8.084558823529386764e-04
7.724264705882328717e-04
7.915441176470561961e-04
7.871323529411739656e-04
7.801470588235270192e-04
7.801470588235270192e-04
8.113970588235268301e-04
8.172794117647033544e-04
8.194852941176445239e-04
8.036764705882326826e-04
7.783088235294092876e-04
7.874999999999975119e-04
8.308823529411737008e-04
7.919117647058798509e-04
8.257352941176444860e-04
7.889705882352916972e-04
7.944852941176444583e-04
7.849264705882327961e-04
7.830882352941150645e-04
7.819852941176446423e-04
8.106617647058798459e-04
8.003676470588208742e-04
8.080882352941151300e-04
8.216911764705855849e-04
8.341911764705855093e-04
8.128676470588210154e-04
8.044117647058797753e-04
8.073529411764680374e-04
7.963235294117621899e-04
8.095588235294090985e-04
8.154411764705856228e-04
8.124999999999974690e-04
8.036764705882326826e-04
7.981617647058797047e-04
8.058823529411739605e-04
7.845588235294093582e-04
7.955882352941152057e-04
8.172794117647033544e-04
8.352941176470560398e-04
8.205882352941150544e-04
8.088235294117620058e-04
8.080882352941150216e-04
7.937499999999974741e-04
8.117647058823502680e-04
7.933823529411740362e-04
8.055147058823503058e-04
8.073529411764680374e-04
8.382352941176444104e-04
7.963235294117621899e-04
7.893382352941150266e-04
8.400735294117619252e-04
8.033088235294091363e-04
8.128676470588210154e-04
8.349264705882327104e-04
7.996323529411738899e-04
8.227941176470561155e-04
8.356617647058796946e-04
8.393382352941150494e-04
7.775735294117621949e-04
8.113970588235268301e-04
8.349264705882326019e-04
8.216911764705856934e-04
8.602941176470559970e-04
8.180147058823503386e-04
8.047794117647033216e-04
8.154411764705855143e-04
8.007352941176445289e-04
7.999999999999973278e-04
8.216911764705856934e-04
8.279411764705856555e-04
8.044117647058796668e-04
8.338235294117620714e-04
8.386029411764678483e-04
8.308823529411738093e-04
8.003676470588208742e-04
8.261029411764680324e-04
7.970588235294091741e-04
8.117647058823502680e-04
8.275735294117621092e-04
8.011029411764680752e-04
8.253676470588209397e-04
8.536764705882324885e-04
8.047794117647032132e-04
8.202205882352915081e-04
8.272058823529385629e-04
7.911764705882327582e-04
8.132352941176444533e-04
8.334558823529385251e-04
8.136029411764679996e-04
8.154411764705855143e-04
7.981617647058797047e-04
8.220588235294091313e-04
8.327205882352914324e-04
8.242647058823503008e-04
8.297794117647032787e-04
8.165441176470562617e-04
8.220588235294091313e-04
8.345588235294090556e-04
8.378676470588208641e-04
8.371323529411738799e-04
8.150735294117621849e-04
8.327205882352914324e-04
8.290441176470560777e-04
8.264705882352914703e-04
8.161764705882327154e-04
8.025735294117621521e-04
8.242647058823501923e-04
8.547794117647031275e-04
8.261029411764679239e-04
8.209558823529386007e-04
8.117647058823503764e-04
8.330882352941149788e-04
8.018382352941150594e-04
8.246323529411737387e-04
8.404411764705854715e-04
8.224264705882325692e-04
8.147058823529386385e-04
8.238970588235268629e-04
8.448529411764679189e-04
8.683823529411736908e-04
8.569852941176442970e-04
8.422794117647032031e-04
8.209558823529386007e-04
8.257352941176444860e-04
8.110294117647031753e-04
8.470588235294090884e-04
8.238970588235268629e-04
8.047794117647033216e-04
8.194852941176445239e-04
8.268382352941150166e-04
