5.093137254901944572e-04
6.377450980392136834e-04
6.475490196078410431e-04
6.499999999999979102e-04
6.833333333333311502e-04
7.093137254901938976e-04
7.421568627450957426e-04
7.294117647058800122e-04
7.799019607843112132e-04
7.916666666666640449e-04
7.784313725490171363e-04
7.980392156862718559e-04
8.612745098039188956e-04
8.382352941176444104e-04
8.622549019607814690e-04
8.740196078431345175e-04
8.671568627450952031e-04
9.338235294117616832e-04
9.348039215686244734e-04
9.313725490196048161e-04
9.573529411764675635e-04
9.455882352941146233e-04
9.651960784313694513e-04
9.539215686274479062e-04
9.661764705882322415e-04
9.549019607843105880e-04
9.470588235294087002e-04
9.431372549019576479e-04
9.794117647058792585e-04
9.960784313725458243e-04
9.921568627450948804e-04
1.013235294117644002e-03
1.018137254901957519e-03
9.980392156862714047e-04
9.784313725490164683e-04
9.897058823529379049e-04
9.975490196078400096e-04
1.069607843137251619e-03
1.040196078431369214e-03
9.818627450980360171e-04
1.026470588235291019e-03
1.015196078431369366e-03
1.003921568627447929e-03
1.009803921568624236e-03
1.016666666666663551e-03
9.975490196078400096e-04
1.014705882352937970e-03
1.045588235294114344e-03
1.044607843137251336e-03
1.024999999999996834e-03
1.028431372549016383e-03
1.052450980392153658e-03
9.936274509803890657e-04
1.026960784313722197e-03
1.042156862745094795e-03
1.056862745098035997e-03
1.031862745098035931e-03
1.051960784313722263e-03
1.045098039215682948e-03
1.025980392156859624e-03
1.057352941176467175e-03
1.036274509803918270e-03
1.042156862745094795e-03
1.032352941176467110e-03
1.104901960784310331e-03
1.014705882352937970e-03
1.044607843137251553e-03
1.012745098039212607e-03
1.029901960784310568e-03
1.034803921568624302e-03
1.011274509803918422e-03
1.016176470588232156e-03
1.035294117647055697e-03
1.056862745098035997e-03
1.036274509803918270e-03
1.072058823529408378e-03
1.009803921568624236e-03
1.040686274509800609e-03
1.052941176470584836e-03
1.039705882352937819e-03
1.043137254901957585e-03
1.016176470588232156e-03
1.065686274509800675e-03
1.042156862745094578e-03
1.060784313725486941e-03
1.039705882352937819e-03
1.020098039215683100e-03
1.060294117647055546e-03
1.034313725490192907e-03
1.043137254901957585e-03
1.074999999999996531e-03
1.096078431372545653e-03
1.023529411764702649e-03
1.056372549019604602e-03
1.013725490196075180e-03
1.034803921568624302e-03
1.073039215686271168e-03
1.059803921568624151e-03
1.028921568627447778e-03
1.047058823529408529e-03
1.050490196078428078e-03
1.040196078431369214e-03
1.021078431372545890e-03
1.038235294117643851e-03
1.030882352941173358e-03
1.037745098039212456e-03
1.083823529411761209e-03
1.050490196078428078e-03
1.033333333333330117e-03
1.013235294117644002e-03
1.004901960784310502e-03
1.045588235294114127e-03
1.019117647058820309e-03
1.080882352941173056e-03
1.073039215686270951e-03
1.084803921568623999e-03
1.050490196078428078e-03
1.074019607843133958e-03
1.073039215686271168e-03
1.059313725490192756e-03
1.025490196078428229e-03
9.975490196078400096e-04
1.023529411764702649e-03
1.015196078431369366e-03
1.046568627450977134e-03
1.061764705882349514e-03
1.034313725490192907e-03
1.045588235294114344e-03
1.030882352941173358e-03
1.046078431372545739e-03
1.073529411764702563e-03
1.032352941176467327e-03
1.011274509803918422e-03
1.043137254901957585e-03
1.057843137254898570e-03
1.055392156862741812e-03
1.040196078431369214e-03
1.049509803921565287e-03
1.021078431372545890e-03
1.079411764705878870e-03
1.060294117647055546e-03
1.035784313725486875e-03
1.033823529411761512e-03
1.047058823529408529e-03
1.050980392156859473e-03
1.067647058823526039e-03
1.080882352941173056e-03
1.067156862745094643e-03
1.003921568627447929e-03
1.104901960784310331e-03
1.003431372549016534e-03
1.053431372549016231e-03
1.038235294117643851e-03
1.048039215686271319e-03
1.042156862745094795e-03
1.045098039215682948e-03
1.034313725490192907e-03
1.017647058823526341e-03
1.022549019607839858e-03
1.042647058823526190e-03
1.047058823529408529e-03
1.024509803921565439e-03
1.048529411764702497e-03
1.053431372549016231e-03
1.020588235294114495e-03
1.046568627450977134e-03
1.022058823529408680e-03
1.051470588235290868e-03
1.070098039215683014e-03
1.079901960784310265e-03
1.027450980392153592e-03
1.056862745098035997e-03
1.018137254901957519e-03
1.029411764705879173e-03
1.025490196078428229e-03
1.040196078431369214e-03
1.024999999999996834e-03
1.050490196078428078e-03
1.046568627450977134e-03
1.114215686274506187e-03
1.043137254901957585e-03
1.031862745098035931e-03
1.036764705882349666e-03
1.058333333333329965e-03
1.070098039215683014e-03
1.053921568627447626e-03
1.064215686274506490e-03
1.018627450980388914e-03
1.062745098039212304e-03
1.075490196078427926e-03
1.079901960784310265e-03
1.004901960784310502e-03
1.037254901960781061e-03
1.045098039215682948e-03
1.049509803921565287e-03
1.046078431372545739e-03
1.090686274509800524e-03
1.037745098039212456e-03
1.048039215686271319e-03
1.061764705882349514e-03
1.046568627450977134e-03
1.077450980392153507e-03
1.041176470588232005e-03
1.032352941176467327e-03
1.059313725490192756e-03
1.095588235294114258e-03
1.049999999999996683e-03
1.093627450980388677e-03
1.060784313725486941e-03
1.048039215686271319e-03
1.035784313725486875e-03
1.079901960784310265e-03
1.052450980392153658e-03
1.016176470588232156e-03
1.040686274509800609e-03
1.043137254901957585e-03
1.033333333333330117e-03
1.063725490196075095e-03
1.047549019607839924e-03
1.058823529411761361e-03
1.063725490196075095e-03
1.035784313725486875e-03
1.037254901960781061e-03
1.063725490196075095e-03
1.047549019607839924e-03
1.057352941176466958e-03
1.061274509803918336e-03
1.056372549019604602e-03
1.082352941176467241e-03
1.059803921568624151e-03
1.050490196078428078e-03
1.038725490196075246e-03
1.078921568627447692e-03
1.048529411764702497e-03
1.085784313725486790e-03
1.034803921568624302e-03
1.077450980392153290e-03
1.043627450980388980e-03
1.069117647058820224e-03
1.055882352941173207e-03
1.025490196078428229e-03
1.031862745098035931e-03
1.007352941176467478e-03
9.901960784313693000e-04
1.073039215686271168e-03
1.063235294117643700e-03
1.024509803921565439e-03
1.064215686274506490e-03
1.034313725490192907e-03
1.061764705882349514e-03
1.044117647058820158e-03
1.021078431372545890e-03
1.041176470588232005e-03
1.036274509803918270e-03
1.057352941176467175e-03
1.063235294117643700e-03
1.048529411764702497e-03
1.041666666666663400e-03
1.068137254901957434e-03
1.019117647058820309e-03
1.044117647058820158e-03
1.059313725490192756e-03
1.064705882352937885e-03
1.011274509803918422e-03
1.067156862745094643e-03
1.035294117647055697e-03
1.070588235294114192e-03
1.040196078431369214e-03
1.040686274509800609e-03
1.053431372549016231e-03
1.014215686274506575e-03
1.015196078431369366e-03
1.043627450980388980e-03
1.046568627450977134e-03
1.093137254901957282e-03
1.045098039215682948e-03
1.054901960784310417e-03
1.017156862745094946e-03
1.039705882352937819e-03
1.068627450980388829e-03
1.050490196078428078e-03
1.041176470588232005e-03
1.008333333333330268e-03
1.043137254901957585e-03
1.007843137254898873e-03
1.017156862745094946e-03
1.060294117647055546e-03
1.034313725490192907e-03
1.054901960784310417e-03
1.100490196078427992e-03
1.068627450980388829e-03
1.029411764705878956e-03
1.042156862745094795e-03
1.039705882352937819e-03
1.051470588235290868e-03
1.067647058823526039e-03
1.042156862745094795e-03
1.011274509803918422e-03
1.015686274509800761e-03
1.058333333333329965e-03
1.055882352941173207e-03
1.062745098039212304e-03
1.067156862745094643e-03
1.062254901960780909e-03
1.078921568627447692e-03
1.067156862745094643e-03
1.015686274509800761e-03
1.035784313725486875e-03
1.034803921568624302e-03
1.032352941176467327e-03
1.062745098039212304e-03
1.043137254901957585e-03
1.071078431372545587e-03
1.067156862745094643e-03
1.065196078431369280e-03
1.019117647058820309e-03
1.049509803921565287e-03
1.034803921568624302e-03
1.020098039215683100e-03
1.022549019607839858e-03
1.016176470588232156e-03
1.064215686274506490e-03
1.047549019607839924e-03
1.035294117647055697e-03
1.014705882352937970e-03
1.055392156862741812e-03
1.063725490196075095e-03
1.062745098039212304e-03
1.050490196078428078e-03
9.936274509803890657e-04
1.090686274509800524e-03
1.061764705882349514e-03
1.061274509803918336e-03
1.026960784313722197e-03
1.039705882352937819e-03
1.049999999999996683e-03
1.041176470588232005e-03
1.039705882352937819e-03
1.017156862745094946e-03
1.016666666666663551e-03
1.094607843137251468e-03
1.049019607843133892e-03
1.085294117647055395e-03
1.071568627450976982e-03
1.027941176470584988e-03
1.073039215686270951e-03
1.066176470588231853e-03
1.055392156862741812e-03
1.058333333333329965e-03
1.027450980392153592e-03
1.042156862745094795e-03
1.053431372549016231e-03
1.054901960784310417e-03
1.093137254901957282e-03
1.006372549019604688e-03
1.047549019607839924e-03
1.058823529411761361e-03
1.016666666666663551e-03
1.024999999999996834e-03
9.975490196078397927e-04
1.018627450980388914e-03
1.024999999999996834e-03
1.023529411764702649e-03
1.059803921568624151e-03
1.048039215686271319e-03
1.068137254901957434e-03
1.061764705882349514e-03
1.056862745098035997e-03
1.042156862745094795e-03
1.053921568627447626e-03
1.016666666666663551e-03
1.089215686274506338e-03
1.036764705882349666e-03
1.102941176470584751e-03
1.036764705882349666e-03
1.029411764705879173e-03
1.056372549019604602e-03
1.005882352941173292e-03
1.054411764705879022e-03
1.018627450980388698e-03
1.030392156862741963e-03
1.024509803921565439e-03
1.085784313725486790e-03
1.026960784313722197e-03
1.001960784313722132e-03
1.039215686274506641e-03
1.044607843137251553e-03
1.044117647058820158e-03
1.053431372549016231e-03
1.051470588235290868e-03
1.028921568627447778e-03
1.063725490196075095e-03
1.044607843137251553e-03
1.045588235294114344e-03
1.010784313725487027e-03
1.067647058823526039e-03
1.063235294117643700e-03
1.053921568627447626e-03
1.036764705882349666e-03
1.012745098039212607e-03
1.071568627450976982e-03
1.052941176470584836e-03
1.017156862745094946e-03
1.033333333333330117e-03
1.030882352941173358e-03
1.050490196078428078e-03
1.053431372549016231e-03
1.029901960784310568e-03
1.043627450980388980e-03
1.051470588235290868e-03
1.065686274509800675e-03
1.012254901960781212e-03
1.070588235294114192e-03
1.019607843137251705e-03
1.028921568627447778e-03
1.080392156862741660e-03
1.020098039215683100e-03
1.055882352941173207e-03
1.046078431372545739e-03
1.055392156862741812e-03
1.043137254901957585e-03
1.052941176470584836e-03
1.056372549019604602e-03
1.045588235294114344e-03
1.027941176470584988e-03
1.068137254901957434e-03
1.040686274509800609e-03
1.060784313725486941e-03
1.047549019607839924e-03
1.061764705882349514e-03
1.022549019607839858e-03
1.053431372549016231e-03
1.065196078431369280e-03
1.061764705882349514e-03
1.082843137254898636e-03
1.021568627450977285e-03
1.041176470588232005e-03
1.041666666666663400e-03
1.044117647058819941e-03
1.067647058823526039e-03
1.045588235294114344e-03
1.057843137254898570e-03
1.042156862745094795e-03
1.078431372549016297e-03
1.011274509803918422e-03
1.055882352941173207e-03
1.046078431372545739e-03
1.021078431372545890e-03
1.055392156862741595e-03
1.029411764705879173e-03
1.052941176470584836e-03
1.072058823529408378e-03
1.014705882352937970e-03
1.003921568627447929e-03
1.045098039215682948e-03
1.029411764705879173e-03
1.047058823529408529e-03
1.032352941176467327e-03
9.901960784313693000e-04
1.048529411764702497e-03
1.004411764705879324e-03
1.039215686274506641e-03
1.016666666666663551e-03
1.049509803921565287e-03
1.060784313725486941e-03
1.043137254901957585e-03
1.038235294117643851e-03
1.047058823529408529e-03
1.048039215686271319e-03
1.048039215686271319e-03
1.009803921568624236e-03
1.083333333333330031e-03
1.026470588235291019e-03
1.003431372549016534e-03
1.028431372549016383e-03
1.047549019607839924e-03
1.053921568627447410e-03
1.055392156862741812e-03
1.055882352941173207e-03
1.033823529411761512e-03
1.034313725490192907e-03
1.067156862745094643e-03
1.053431372549016231e-03
1.047058823529408529e-03
1.008823529411761663e-03
1.019117647058820309e-03
1.027941176470584988e-03
1.073529411764702563e-03
1.040196078431369214e-03
1.056372549019604602e-03
1.052450980392153658e-03
1.065196078431369280e-03
1.009803921568624236e-03
1.021078431372545890e-03
1.035784313725486658e-03
1.014215686274506575e-03
1.043627450980388980e-03
1.027941176470584988e-03
1.052941176470584836e-03
1.048529411764702497e-03
1.044607843137251553e-03
1.060294117647055546e-03
1.026960784313722197e-03
1.050980392156859473e-03
1.038725490196075246e-03
1.061274509803918336e-03
1.026960784313722197e-03
1.069117647058820224e-03
1.040686274509800609e-03
1.044607843137251553e-03
1.075980392156859321e-03
1.071078431372545587e-03
1.021078431372545890e-03
1.010784313725487027e-03
1.012745098039212607e-03
1.073529411764702563e-03
1.028431372549016383e-03
1.033823529411761512e-03
1.009313725490192841e-03
1.046078431372545739e-03
1.065686274509800675e-03
1.053431372549016231e-03
1.009803921568624236e-03
1.026960784313722197e-03
1.065196078431369280e-03
1.075980392156859321e-03
1.021568627450977285e-03
1.063725490196075095e-03
1.049019607843133892e-03
1.041666666666663400e-03
1.066666666666663248e-03
1.042156862745094795e-03
1.092156862745094709e-03
1.072549019607839773e-03
1.024999999999996834e-03
1.000980392156859558e-03
1.064215686274506490e-03
1.027941176470584771e-03
1.058823529411761361e-03
1.051960784313722263e-03
1.045098039215682948e-03
1.030392156862741963e-03
1.016666666666663551e-03
1.049019607843133675e-03
1.032843137254898722e-03
1.050980392156859473e-03
1.046078431372545522e-03
1.021078431372545890e-03
1.043627450980388980e-03
1.081862745098035846e-03
1.038725490196075246e-03
1.060784313725486941e-03
1.074509803921565353e-03
1.083333333333330031e-03
1.049019607843133892e-03
1.025980392156859624e-03
1.064705882352937885e-03
1.058823529411761361e-03
1.023529411764702649e-03
1.032352941176467327e-03
1.025490196078428229e-03
1.025980392156859407e-03
1.079901960784310265e-03
1.022549019607839858e-03
1.023039215686271253e-03
1.067156862745094643e-03
1.055882352941173207e-03
1.064215686274506490e-03
1.037745098039212456e-03
1.045588235294114344e-03
1.092647058823525887e-03
1.052941176470584836e-03
1.023529411764702649e-03
1.059803921568624151e-03
1.049019607843133892e-03
1.024999999999996834e-03
1.042156862745094795e-03
1.018137254901957519e-03
1.021568627450977285e-03
9.906862745098006951e-04
1.052941176470584836e-03
1.036764705882349666e-03
1.070588235294114192e-03
1.023529411764702649e-03
1.081862745098035846e-03
1.051960784313722263e-03
1.020588235294114495e-03
1.075980392156859321e-03
1.057843137254898570e-03
1.052941176470584836e-03
1.030392156862741963e-03
1.071568627450976982e-03
1.062745098039212304e-03
1.082352941176467241e-03
1.050490196078428078e-03
1.077450980392153507e-03
1.001470588235290953e-03
1.064215686274506490e-03
1.055882352941173207e-03
1.049509803921565287e-03
1.082843137254898636e-03
1.004411764705879324e-03
1.040686274509800609e-03
1.032352941176467327e-03
1.051960784313722263e-03
1.018627450980388914e-03
1.004901960784310502e-03
1.073529411764702563e-03
1.071078431372545587e-03
1.066666666666663248e-03
1.031372549019604536e-03
1.064215686274506490e-03
1.046568627450977134e-03
1.001960784313722349e-03
1.056862745098035997e-03
1.037745098039212456e-03
1.061274509803918336e-03
1.084313725490192604e-03
1.033333333333330117e-03
1.092647058823525887e-03
1.024999999999996834e-03
1.099509803921565202e-03
1.041176470588232005e-03
1.054411764705879022e-03
1.025490196078428229e-03
1.054901960784310417e-03
1.057352941176467175e-03
1.017156862745094946e-03
1.017647058823526341e-03
1.034803921568624302e-03
1.097058823529408226e-03
1.081862745098035846e-03
1.041666666666663400e-03
1.032352941176467327e-03
1.049509803921565287e-03
1.045098039215682732e-03
1.029901960784310568e-03
1.067156862745094643e-03
1.044607843137251553e-03
1.060784313725486941e-03
1.039705882352937819e-03
1.059313725490192756e-03
1.059313725490192756e-03
1.023039215686271253e-03
1.044117647058820158e-03
1.054411764705879022e-03
1.021568627450977285e-03
1.060294117647055546e-03
1.053431372549016231e-03
1.050980392156859473e-03
1.030392156862741963e-03
1.031372549019604536e-03
1.062254901960780909e-03
1.059803921568624151e-03
1.054411764705879022e-03
1.033333333333330117e-03
1.045588235294114344e-03
1.001960784313722349e-03
1.062254901960780909e-03
1.026960784313722197e-03
1.023529411764702649e-03
1.069117647058820224e-03
1.046568627450977134e-03
1.038725490196075246e-03
1.053431372549016231e-03
1.054411764705879022e-03
1.042647058823526190e-03
1.024019607843134044e-03
1.056862745098035997e-03
1.045098039215682948e-03
1.045098039215682948e-03
1.062745098039212304e-03
1.066666666666663248e-03
1.050490196078428078e-03
1.065196078431369280e-03
1.049509803921565287e-03
1.032843137254898722e-03
1.026470588235291019e-03
1.041176470588232005e-03
1.028921568627447778e-03
9.999999999999967682e-04
1.045098039215682948e-03
1.073529411764702563e-03
9.941176470588202439e-04
1.027450980392153592e-03
1.022549019607839858e-03
1.047058823529408529e-03
1.089215686274506338e-03
1.035784313725486875e-03
1.049019607843133892e-03
1.028921568627447778e-03
1.028921568627447778e-03
1.076470588235290717e-03
1.081372549019604451e-03
1.063235294117643700e-03
1.071568627450976982e-03
1.059803921568624151e-03
1.076470588235290717e-03
1.036764705882349666e-03
1.038235294117643851e-03
1.036764705882349666e-03
1.045098039215682948e-03
1.001960784313722349e-03
1.062745098039212304e-03
1.017647058823526341e-03
1.082352941176467241e-03
1.065686274509800675e-03
1.044117647058820158e-03
1.024999999999996834e-03
1.063235294117643700e-03
1.001470588235290953e-03
1.023039215686271253e-03
1.033823529411761512e-03
1.036764705882349666e-03
1.012254901960781212e-03
1.003431372549016534e-03
1.046078431372545739e-03
1.054411764705879022e-03
1.046078431372545522e-03
1.040196078431369214e-03
1.036274509803918270e-03
1.022549019607839858e-03
1.038725490196075246e-03
1.019117647058820309e-03
1.071568627450976982e-03
1.053431372549016231e-03
1.049509803921565287e-03
1.025490196078428229e-03
1.011764705882349817e-03
1.044607843137251553e-03
1.059803921568624151e-03
1.046568627450977134e-03
1.064215686274506490e-03
1.052941176470584836e-03
1.016176470588232156e-03
1.051960784313722263e-03
1.070098039215683014e-03
1.041176470588232005e-03
1.074509803921565353e-03
1.033823529411761512e-03
1.082843137254898636e-03
1.034803921568624302e-03
1.060294117647055546e-03
1.013725490196075180e-03
1.072549019607839773e-03
1.011764705882349817e-03
9.975490196078400096e-04
9.946078431372516390e-04
1.013235294117644002e-03
1.063725490196075095e-03
1.049509803921565287e-03
1.051470588235290868e-03
1.032843137254898722e-03
1.039215686274506641e-03
1.039215686274506641e-03
1.087254901960780975e-03
1.066666666666663248e-03
1.045588235294114344e-03
1.033333333333330117e-03
1.034803921568624302e-03
1.066176470588231853e-03
1.028431372549016383e-03
1.039705882352937819e-03
1.010784313725487027e-03
9.857843137254869610e-04
1.017156862745094946e-03
1.051470588235290868e-03
1.058333333333329965e-03
1.018627450980388914e-03
1.010294117647055631e-03
1.030882352941173358e-03
1.044117647058820158e-03
1.021078431372545890e-03
1.047549019607839924e-03
1.045588235294114344e-03
1.026960784313722197e-03
1.084313725490192604e-03
1.026470588235291019e-03
1.042647058823526190e-03
9.872549019607811463e-04
1.053431372549016231e-03
1.061274509803918336e-03
1.005392156862741897e-03
1.065686274509800458e-03
1.023039215686271037e-03
1.063725490196075095e-03
1.068137254901957434e-03
1.029411764705878956e-03
1.058333333333329965e-03
1.041176470588232005e-03
1.069117647058820224e-03
1.067647058823526039e-03
1.042647058823526190e-03
1.028921568627447561e-03
1.054901960784310417e-03
1.062745098039212304e-03
1.034313725490192907e-03
1.027941176470584988e-03
1.045098039215682948e-03
1.021568627450977285e-03
1.043137254901957585e-03
1.061764705882349514e-03
1.012254901960781212e-03
1.049019607843133892e-03
1.038725490196075246e-03
1.053921568627447626e-03
1.024019607843134044e-03
1.036274509803918270e-03
1.039215686274506641e-03
1.049509803921565287e-03
1.056372549019604602e-03
1.078431372549016297e-03
9.867647058823497512e-04
1.043627450980388980e-03
1.043137254901957585e-03
1.015196078431369366e-03
1.051470588235290868e-03
1.048039215686271319e-03
9.862745098039183561e-04
1.017156862745094946e-03
1.064215686274506490e-03
1.072058823529408378e-03
1.054411764705879022e-03
1.044117647058820158e-03
1.058333333333329965e-03
1.077450980392153507e-03
1.058333333333329965e-03
1.019117647058820309e-03
1.031862745098035931e-03
1.052450980392153658e-03
1.079901960784310265e-03
1.019607843137251705e-03
1.028921568627447778e-03
1.082843137254898636e-03
1.055882352941173207e-03
1.052450980392153658e-03
1.052941176470584836e-03
1.068627450980388829e-03
1.010294117647055631e-03
1.034803921568624302e-03
1.041176470588232005e-03
1.030392156862741963e-03
1.080882352941173056e-03
1.073529411764702563e-03
1.026470588235291019e-03
1.018627450980388914e-03
1.038235294117643851e-03
1.015196078431369366e-03
1.041666666666663400e-03
1.079901960784310049e-03
1.051960784313722263e-03
1.022058823529408463e-03
1.103921568627447541e-03
1.024509803921565439e-03
1.034803921568624085e-03
1.054411764705879022e-03
1.035784313725486875e-03
1.007843137254898873e-03
1.066666666666663248e-03
9.887254901960753316e-04
1.060784313725486941e-03
1.042156862745094795e-03
1.035784313725486875e-03
1.037254901960781061e-03
1.074509803921565353e-03
1.052450980392153441e-03
1.051470588235290868e-03
1.047058823529408529e-03
1.039215686274506641e-03
1.077450980392153507e-03
1.019607843137251705e-03
1.057843137254898570e-03
1.059803921568624151e-03
1.033823529411761512e-03
1.034313725490192907e-03
1.053921568627447626e-03
1.056372549019604602e-03
1.025490196078428229e-03
1.055392156862741812e-03
1.035294117647055697e-03
1.032843137254898722e-03
1.057843137254898570e-03
1.060784313725486941e-03
1.026960784313722197e-03
1.058333333333329965e-03
1.051470588235290868e-03
1.034313725490192907e-03
1.022058823529408680e-03
1.053921568627447626e-03
1.053921568627447626e-03
1.008333333333330268e-03
1.017647058823526341e-03
1.015196078431369366e-03
1.036274509803918054e-03
1.061274509803918336e-03
1.075980392156859321e-03
1.037745098039212456e-03
1.073529411764702563e-03
1.046568627450977134e-03
1.062254901960780909e-03
1.036764705882349666e-03
1.014215686274506575e-03
1.060784313725486941e-03
1.059313725490192756e-03
1.097549019607839621e-03
1.054411764705879022e-03
9.799019607843106536e-04
1.013725490196075180e-03
1.070098039215683014e-03
1.055392156862741812e-03
1.042156862745094795e-03
1.037745098039212456e-03
1.042647058823526190e-03
1.052941176470584836e-03
1.058823529411761361e-03
1.062745098039212304e-03
1.051960784313722263e-03
1.043627450980388980e-03
1.016176470588232156e-03
1.040196078431369214e-03
1.054901960784310417e-03
1.018137254901957519e-03
1.019117647058820309e-03
1.024999999999996834e-03
1.028921568627447778e-03
1.034313725490192690e-03
1.038725490196075246e-03
1.023529411764702432e-03
1.021568627450977285e-03
1.053921568627447626e-03
1.018627450980388914e-03
1.009803921568624236e-03
1.021078431372545890e-03
1.046078431372545739e-03
1.054901960784310417e-03
1.013725490196075180e-03
1.006862745098036083e-03
1.019117647058820309e-03
1.066666666666663248e-03
1.008823529411761663e-03
1.092647058823525887e-03
1.001960784313722132e-03
1.073529411764702563e-03
1.061764705882349514e-03
1.053431372549016231e-03
1.063725490196075095e-03
1.011764705882349817e-03
1.084313725490192604e-03
9.990196078431339780e-04
1.046568627450977134e-03
1.100490196078427992e-03
1.044607843137251553e-03
1.056862745098035997e-03
1.012745098039212607e-03
1.060294117647055546e-03
9.970588235294086145e-04
1.014705882352937970e-03
1.060294117647055546e-03
1.068137254901957434e-03
1.051470588235290868e-03
1.045098039215682948e-03
1.090686274509800524e-03
1.034313725490192907e-03
9.970588235294086145e-04
1.052941176470584836e-03
1.022549019607839858e-03
1.033823529411761512e-03
1.048039215686271319e-03
1.028921568627447778e-03
1.069607843137251619e-03
1.021568627450977285e-03
1.084803921568623999e-03
1.023039215686271253e-03
1.019607843137251705e-03
1.028431372549016383e-03
1.036274509803918270e-03
1.061274509803918336e-03
1.040686274509800609e-03
1.053921568627447410e-03
1.044117647058820158e-03
1.069117647058820224e-03
1.053431372549016231e-03
1.051470588235290868e-03
9.985294117647025829e-04
1.039215686274506641e-03
1.068627450980388829e-03
1.065686274509800675e-03
1.038235294117643851e-03
1.057352941176466958e-03
1.046078431372545739e-03
1.025490196078428229e-03
1.025490196078428229e-03
1.062745098039212304e-03
1.049019607843133892e-03
1.062254901960780909e-03
1.039705882352937819e-03
1.045588235294114344e-03
1.045098039215682948e-03
1.029411764705879173e-03
1.040686274509800609e-03
1.143627450980388592e-03
1.159313725490192367e-03
1.253431372549015672e-03
1.286274509803917408e-03
1.385784313725485625e-03
1.437254901960779725e-03
1.474019607843132405e-03
1.543137254901955644e-03
1.604411764705877212e-03
1.634313725490190794e-03
1.717647058823524057e-03
1.726470588235288735e-03
1.719117647058817809e-03
1.778921568627445408e-03
1.789215686274504055e-03
1.833333333333327228e-03
1.827450980392151137e-03
1.837745098039209567e-03
1.827450980392151137e-03
1.911274509803915144e-03
1.943627450980385920e-03
1.895098039215679974e-03
1.906862745098032805e-03
1.974509803921562293e-03
1.904411764705876264e-03
1.922549019607836798e-03
1.937745098039209178e-03
1.916666666666660274e-03
1.997549019607836561e-03
1.993137254901954439e-03
1.989705882352934673e-03
2.024509803921561990e-03
1.982352941176464180e-03
2.013725490196071732e-03
2.038725490196072014e-03
2.014215686274503560e-03
2.004411764705876092e-03
2.051470588235287419e-03
2.040196078431365766e-03
2.046568627450973468e-03
2.038725490196072014e-03
2.026470588235287570e-03
2.027941176470581756e-03
2.018627450980385683e-03
2.004901960784307054e-03
2.042156862745091346e-03
2.049509803921562272e-03
2.001960784313719117e-03
1.998529411764699351e-03
2.048529411764699482e-03
2.029411764705875941e-03
2.044117647058816926e-03
2.111274509803914585e-03
2.074019607843130726e-03
2.137254901960777657e-03
2.065686274509797443e-03
2.055882352941169541e-03
2.090686274509796858e-03
2.052450980392150209e-03
1.991176470588228858e-03
2.049999999999993668e-03
2.047058823529404863e-03
2.107352941176463858e-03
2.036274509803915039e-03
2.026470588235288004e-03
2.038235294117640185e-03
2.051470588235287853e-03
2.059313725490189741e-03
2.025490196078424780e-03
2.035294117647052682e-03
2.063235294117640468e-03
2.003921568627444263e-03
2.021568627450974053e-03
2.034803921568620853e-03
2.037254901960777829e-03
2.072058823529405146e-03
2.053431372549012566e-03
2.044607843137248322e-03
2.113235294117640599e-03
2.079901960784306600e-03
2.056372549019600936e-03
2.009313725490190043e-03
2.083333333333326799e-03
2.013725490196072165e-03
2.070588235294111394e-03
2.013235294117640770e-03
2.094117647058817058e-03
2.068137254901953985e-03
2.035784313725483644e-03
2.045588235294110678e-03
2.048529411764699049e-03
1.980882352941169995e-03
2.015686274509797746e-03
1.963235294117640639e-03
2.039705882352934371e-03
2.045098039215679717e-03
2.024019607843131029e-03
2.013235294117640337e-03
1.979411764705875810e-03
2.020098039215679868e-03
1.990196078431366068e-03
1.963235294117640639e-03
1.981372549019601390e-03
2.023039215686268238e-03
1.981862745098032785e-03
2.075980392156856306e-03
1.950980392156856195e-03
1.987745098039209093e-03
2.016666666666660536e-03
1.979901960784307205e-03
2.009313725490190043e-03
1.991666666666660254e-03
1.999509803921562141e-03
1.959803921568621307e-03
2.022058823529405448e-03
1.990196078431366068e-03
2.043137254901954136e-03
1.925490196078424952e-03
1.915196078431366305e-03
1.937254901960777783e-03
1.982843137254895576e-03
2.041666666666659951e-03
1.963235294117640639e-03
1.940196078431366371e-03
1.947058823529405468e-03
1.984313725490189761e-03
2.001960784313719117e-03
2.004411764705876092e-03
1.913235294117640942e-03
1.934803921568621025e-03
1.945098039215680105e-03
1.954901960784307356e-03
1.932843137254895661e-03
2.019117647058816644e-03
1.983333333333326537e-03
1.881372549019601562e-03
1.979901960784307205e-03
1.918627450980385854e-03
1.904901960784307442e-03
1.893627450980386005e-03
1.918137254901954459e-03
1.874019607843131286e-03
1.927941176470582144e-03
1.926470588235287742e-03
1.932843137254895661e-03
1.908333333333327208e-03
1.895588235294111586e-03
1.907843137254895596e-03
1.846078431372543066e-03
1.895588235294111586e-03
1.858823529411758688e-03
1.958333333333326688e-03
1.958823529411758083e-03
1.907843137254895812e-03
1.869607843137248730e-03
1.832843137254895833e-03
1.927450980392150749e-03
1.946568627450973856e-03
1.868137254901954761e-03
1.911274509803915361e-03
1.863235294117641027e-03
1.883333333333327359e-03
1.863725490196072206e-03
1.891176470588229247e-03
1.890196078431366240e-03
1.930392156862738686e-03
1.812745098039209718e-03
1.913725490196072120e-03
1.837745098039209567e-03
1.904901960784307659e-03
1.931372549019601476e-03
1.806862745098033194e-03
1.938235294117640790e-03
1.824019607843131371e-03
1.823529411764699759e-03
1.842156862745091906e-03
1.849019607843131437e-03
1.890686274509797852e-03
1.822549019607837186e-03
1.797058823529405725e-03
1.853921568627444737e-03
1.872549019607836884e-03
1.840686274509798154e-03
1.853431372549013559e-03
1.843627450980386091e-03
1.815196078431366693e-03
1.831862745098033476e-03
1.823529411764699976e-03
1.838235294117641179e-03
1.815686274509797872e-03
1.847549019607837035e-03
1.776470588235288216e-03
1.820098039215680211e-03
1.807843137254896201e-03
1.858823529411758688e-03
1.825980392156856735e-03
1.830882352941170469e-03
1.795588235294111757e-03
1.832352941176464437e-03
1.813725490196072508e-03
1.786764705882347079e-03
1.759803921568621650e-03
1.826470588235288347e-03
1.828921568627444889e-03
1.821078431372543001e-03
1.805882352941170620e-03
1.782843137254896135e-03
1.805882352941170403e-03
1.763725490196072811e-03
1.754411764705876521e-03
1.791666666666660813e-03
1.782352941176464740e-03
1.793627450980386177e-03
1.758333333333327465e-03
1.780882352941170555e-03
1.745588235294111843e-03
1.790196078431366628e-03
1.814705882352935298e-03
1.780882352941170772e-03
1.799019607843131523e-03
1.743137254901955084e-03
1.739705882352935535e-03
1.749019607843131392e-03
1.769607843137249118e-03
1.760294117647053045e-03
1.823039215686268581e-03
1.774999999999994030e-03
1.751470588235288584e-03
1.819607843137248816e-03
1.817647058823523669e-03
1.735294117647053196e-03
1.780882352941170555e-03
1.724509803921562938e-03
1.738235294117641350e-03
1.726470588235288518e-03
1.750980392156856972e-03
1.763725490196072811e-03
1.720098039215680599e-03
1.747058823529406028e-03
1.781372549019601950e-03
1.726470588235288518e-03
1.793137254901954998e-03
1.740196078431366714e-03
1.754411764705876521e-03
1.771568627450974482e-03
1.746078431372543238e-03
1.736764705882347165e-03
1.701470588235288453e-03
1.763725490196072594e-03
1.761274509803915835e-03
1.752450980392151157e-03
1.704411764705876823e-03
1.774999999999994030e-03
1.770588235294111908e-03
1.707352941176464977e-03
1.740686274509798109e-03
1.739705882352935752e-03
1.703921568627445645e-03
1.727450980392151092e-03
1.735294117647053196e-03
1.696568627450974719e-03
1.715686274509798260e-03
1.727941176470582487e-03
1.730882352941171074e-03
1.723529411764700148e-03
1.740196078431366714e-03
1.635294117647053368e-03
1.722549019607837358e-03
1.671568627450974870e-03
1.692156862745092380e-03
1.670588235294112297e-03
1.667156862745092531e-03
1.719117647058818026e-03
1.698529411764700299e-03
1.678431372549014401e-03
1.649509803921563175e-03
1.672549019607837660e-03
1.697058823529406114e-03
1.642156862745092682e-03
1.704411764705876823e-03
1.698039215686268904e-03
1.692156862745092380e-03
1.689215686274504226e-03
1.699999999999994484e-03
1.647058823529406416e-03
1.689705882352935838e-03
1.674019607843131845e-03
1.690686274509798411e-03
1.739215686274504140e-03
1.658823529411759465e-03
1.685784313725484677e-03
1.638235294117641738e-03
1.689215686274504226e-03
1.659803921568622038e-03
1.685294117647053282e-03
1.633823529411759399e-03
1.670098039215680685e-03
1.690196078431367016e-03
1.599019607843132082e-03
1.609313725490190729e-03
1.708333333333327767e-03
1.665196078431367167e-03
1.673529411764700450e-03
1.605392156862739785e-03
1.661764705882347402e-03
1.688725490196072831e-03
1.675490196078425814e-03
1.675490196078425814e-03
1.628921568627445665e-03
1.643137254901955472e-03
1.659803921568622255e-03
1.667647058823523926e-03
1.664705882352935772e-03
1.635294117647053368e-03
1.642156862745092682e-03
1.644607843137249441e-03
1.583823529411759485e-03
1.629901960784308672e-03
1.590196078431367404e-03
1.662254901960779014e-03
1.624999999999994721e-03
1.621078431372543777e-03
1.655882352941171094e-03
1.585294117647053670e-03
1.587254901960779034e-03
1.576470588235288992e-03
1.643137254901955472e-03
1.591176470588229978e-03
1.581862745098034121e-03
1.696078431372543540e-03
1.618627450980386802e-03
1.629411764705877060e-03
1.620098039215680987e-03
1.607352941176465365e-03
1.615686274509798648e-03
1.605882352941171180e-03
1.651960784313720150e-03
1.586274509803916460e-03
1.586764705882347855e-03
1.662745098039210192e-03
1.612254901960779099e-03
1.607843137254896760e-03
1.604901960784308390e-03
1.606372549019602575e-03
1.633823529411759399e-03
1.599999999999994656e-03
1.574019607843132017e-03
1.624999999999994721e-03
1.568137254901955709e-03
1.597549019607838114e-03
1.596568627450975107e-03
1.625490196078426116e-03
1.600980392156857446e-03
1.585294117647053670e-03
1.636764705882347553e-03
1.589705882352936009e-03
1.549509803921563563e-03
1.587745098039210429e-03
1.590196078431367404e-03
1.594117647058818348e-03
1.558333333333328458e-03
1.574509803921563412e-03
1.508823529411759722e-03
1.625490196078426116e-03
1.559803921568622426e-03
1.579411764705877146e-03
1.524019607843132319e-03
1.610784313725484914e-03
1.607843137254896760e-03
1.547549019607837983e-03
1.529901960784308627e-03
1.550490196078426570e-03
1.505392156862740173e-03
1.584313725490191097e-03
1.551960784313720322e-03
1.591176470588229978e-03
1.538725490196073305e-03
1.569117647058818499e-03
1.559313725490191031e-03
1.566176470588230129e-03
1.559313725490191031e-03
1.572549019607838048e-03
1.582843137254896695e-03
1.547058823529406804e-03
1.545098039215681224e-03
1.544607843137249829e-03
1.561764705882347790e-03
1.594117647058818348e-03
1.525980392156857683e-03
1.547549019607837983e-03
1.523529411764700924e-03
1.491176470588230366e-03
1.560294117647053821e-03
1.469607843137250066e-03
1.513725490196073456e-03
1.522058823529406739e-03
1.584313725490190880e-03
1.463725490196073759e-03
1.521568627450975344e-03
1.533333333333328392e-03
1.506862745098034358e-03
1.462254901960779573e-03
1.564705882352936160e-03
1.523529411764701141e-03
1.521078431372544166e-03
1.477941176470583349e-03
1.507843137254897149e-03
1.505882352941171568e-03
1.523039215686269529e-03
1.540196078431367490e-03
1.505392156862740173e-03
1.503921568627445988e-03
1.520098039215681375e-03
1.509803921568622512e-03
1.497549019607838285e-03
1.478431372549014744e-03
1.476470588235289380e-03
1.477941176470583349e-03
1.582352941176465516e-03
1.478921568627446139e-03
1.449999999999995346e-03
1.458333333333328629e-03
1.491176470588230366e-03
1.498529411764701075e-03
1.480882352941171719e-03
1.559803921568622426e-03
1.509803921568622512e-03
1.448039215686269766e-03
1.504901960784308778e-03
1.499999999999995044e-03
1.436764705882348329e-03
1.434803921568622749e-03
1.505882352941171568e-03
1.522549019607838134e-03
1.488235294117642212e-03
1.462745098039210968e-03
1.508333333333328327e-03
1.468627450980387276e-03
1.457843137254897234e-03
1.497058823529406890e-03
1.475490196078426590e-03
1.438725490196073693e-03
1.451960784313720710e-03
1.527450980392151868e-03
1.517156862745093005e-03
1.471078431372544251e-03
1.500980392156857834e-03
1.433823529411759959e-03
1.521078431372544166e-03
1.441666666666662064e-03
1.483823529411759873e-03
1.482843137254897083e-03
1.468627450980387276e-03
1.441176470588230668e-03
1.484803921568622663e-03
1.435294117647054144e-03
1.468137254901956098e-03
1.510784313725485302e-03
1.436274509803916934e-03
1.463235294117642363e-03
1.478431372549014744e-03
1.445098039215681612e-03
1.508333333333328327e-03
1.466666666666661912e-03
1.481372549019603115e-03
1.524509803921563714e-03
1.478431372549014744e-03
1.485784313725485454e-03
1.435784313725485539e-03
1.473039215686269615e-03
1.460294117647053993e-03
1.431862745098034595e-03
1.433333333333328781e-03
1.478431372549014744e-03
1.459803921568622815e-03
1.438725490196073693e-03
1.468137254901956098e-03
1.440686274509799273e-03
1.413725490196073844e-03
1.430882352941171805e-03
1.474509803921563800e-03
1.455392156862740476e-03
1.446568627450975798e-03
1.384803921568623052e-03
1.456372549019603049e-03
1.434803921568622749e-03
1.462745098039210968e-03
1.386274509803917020e-03
1.488235294117642212e-03
1.449999999999995346e-03
1.472058823529407041e-03
1.463725490196073759e-03
1.408333333333328715e-03
1.424019607843132708e-03
1.436274509803916934e-03
1.389215686274505391e-03
1.422549019607838522e-03
1.460784313725485388e-03
1.419117647058818973e-03
1.474999999999995195e-03
