5.259803921568611314e-04
6.107843137254882543e-04
6.137254901960765164e-04
6.578431372548997980e-04
7.200980392156839391e-04
7.009803921568605063e-04
7.156862745098016001e-04
7.671568627450954829e-04
7.593137254901935950e-04
7.877450980392131010e-04
8.406862745098011690e-04
8.279411764705855471e-04
8.534313725490168994e-04
8.754901960784285944e-04
8.921568627450951602e-04
9.220588235294088515e-04
9.240196078431343234e-04
9.240196078431343234e-04
9.602941176470557172e-04
9.455882352941145149e-04
9.563725490196047733e-04
9.700980392156831854e-04
9.534313725490164027e-04
1.007352941176467478e-03
9.857843137254869610e-04
9.838235294117615975e-04
9.990196078431339780e-04
1.000980392156859558e-03
1.015196078431369366e-03
1.032352941176467327e-03
1.006372549019604688e-03
1.031862745098035931e-03
1.049999999999996683e-03
1.040686274509800609e-03
1.049999999999996683e-03
1.008333333333330268e-03
1.033333333333330117e-03
1.070588235294114192e-03
1.044607843137251553e-03
1.083823529411761209e-03
1.030882352941173358e-03
1.055882352941173207e-03
1.042156862745094795e-03
1.057843137254898570e-03
1.108823529411761275e-03
1.083333333333330031e-03
1.071568627450976982e-03
1.124509803921565050e-03
1.084313725490192604e-03
1.087745098039212370e-03
1.118137254901957348e-03
1.100490196078427992e-03
1.098529411764702195e-03
1.105882352941172904e-03
1.098529411764702412e-03
1.082843137254898636e-03
1.086274509803918185e-03
1.115196078431368761e-03
1.120588235294114107e-03
1.100490196078427992e-03
1.116176470588231768e-03
1.134313725490192519e-03
1.102450980392153355e-03
1.118627450980388526e-03
1.107352941176467090e-03
1.090196078431369129e-03
1.158823529411760972e-03
1.085294117647055395e-03
1.105882352941172904e-03
1.102941176470584751e-03
1.123039215686270865e-03
1.135784313725486704e-03
1.058333333333329965e-03
1.116176470588231768e-03
1.076470588235290717e-03
1.087254901960780975e-03
1.087745098039212370e-03
1.101470588235290565e-03
1.132352941176466938e-03
1.097549019607839621e-03
1.119607843137251316e-03
1.081862745098035846e-03
1.124509803921565050e-03
1.126960784313722026e-03
1.091666666666663314e-03
1.125490196078427841e-03
1.098529411764702412e-03
1.152450980392153270e-03
1.098039215686271016e-03
1.146568627450976745e-03
1.142647058823525802e-03
1.128431372549015994e-03
1.127941176470584599e-03
1.124999999999996446e-03
1.149019607843133721e-03
1.090686274509800524e-03
1.124509803921565050e-03
1.171568627450976594e-03
1.119607843137251316e-03
1.090196078431369129e-03
1.126470588235290631e-03
1.121568627450976897e-03
1.065686274509800675e-03
1.094607843137251468e-03
1.156862745098035609e-03
1.104901960784310331e-03
1.104901960784310331e-03
1.141666666666663011e-03
1.102450980392153355e-03
1.089215686274506338e-03
1.135294117647055309e-03
1.082843137254898636e-03
1.153921568627447238e-03
1.152941176470584665e-03
1.129901960784310180e-03
1.133823529411761124e-03
1.060784313725486941e-03
1.123529411764702260e-03
1.073529411764702563e-03
1.108823529411761275e-03
1.093137254901957282e-03
1.078921568627447692e-03
1.097058823529408226e-03
1.092156862745094709e-03
1.104901960784310331e-03
1.092647058823525887e-03
1.132843137254898333e-03
1.107843137254898485e-03
1.115686274509800372e-03
1.132352941176466938e-03
1.116666666666663163e-03
1.106862745098035694e-03
1.099019607843133807e-03
1.125490196078427841e-03
1.101470588235290565e-03
1.128431372549015994e-03
1.142156862745094406e-03
1.102450980392153355e-03
1.108823529411761275e-03
1.071078431372545587e-03
1.144607843137251382e-03
1.114215686274506187e-03
1.078921568627447692e-03
1.086274509803918185e-03
1.116666666666663163e-03
1.100490196078427992e-03
1.116666666666663163e-03
1.078921568627447692e-03
1.118137254901957348e-03
1.088725490196074943e-03
1.092156862745094709e-03
1.119117647058819921e-03
1.102941176470584751e-03
1.071078431372545370e-03
1.148039215686270931e-03
1.124509803921565050e-03
1.085784313725486790e-03
1.064705882352937885e-03
1.098529411764702412e-03
1.122549019607839687e-03
1.072549019607839556e-03
1.075490196078427926e-03
1.121568627450976897e-03
1.117647058823525953e-03
1.096078431372545653e-03
1.071078431372545587e-03
1.106862745098035694e-03
1.094117647058820073e-03
1.085294117647055395e-03
1.091666666666663314e-03
1.097549019607839405e-03
1.135784313725486704e-03
1.099019607843133807e-03
1.071568627450976982e-03
1.076960784313722112e-03
1.107843137254898485e-03
1.054411764705879022e-03
1.113725490196075009e-03
1.136764705882349277e-03
1.040686274509800609e-03
1.122058823529408292e-03
1.082843137254898636e-03
1.107843137254898485e-03
1.081862745098035846e-03
1.172549019607839384e-03
1.126960784313722026e-03
1.107352941176467090e-03
1.099509803921565202e-03
1.101470588235290348e-03
1.121568627450976897e-03
1.085784313725486790e-03
1.116666666666663163e-03
1.089705882352937734e-03
1.121568627450976897e-03
1.097549019607839621e-03
1.075490196078427926e-03
1.127941176470584599e-03
1.119117647058819921e-03
1.105882352941172904e-03
1.052941176470584836e-03
1.099509803921565202e-03
1.097058823529408226e-03
1.146568627450976745e-03
1.111274509803918033e-03
1.117647058823525953e-03
1.077450980392153507e-03
1.088235294117643548e-03
1.131372549019604365e-03
1.162254901960780521e-03
1.116666666666663163e-03
1.128431372549015994e-03
1.111274509803918033e-03
1.107843137254898485e-03
1.118627450980388526e-03
1.103921568627447541e-03
1.112254901960780824e-03
1.136274509803917882e-03
1.091176470588231919e-03
1.092647058823525887e-03
1.083333333333330031e-03
1.111274509803918033e-03
1.073529411764702563e-03
1.095098039215682863e-03
1.095588235294114258e-03
1.091666666666663314e-03
1.095098039215682863e-03
1.101470588235290565e-03
1.133333333333329728e-03
1.118627450980388526e-03
1.103431372549016146e-03
1.118137254901957348e-03
1.154411764705878633e-03
1.106862745098035694e-03
1.138235294117643463e-03
1.172058823529407989e-03
1.112745098039212219e-03
1.070098039215683014e-03
1.108823529411761275e-03
1.143137254901957197e-03
1.124019607843133655e-03
1.124019607843133655e-03
1.126960784313722026e-03
1.131372549019604365e-03
1.100980392156858953e-03
1.109313725490192670e-03
1.137745098039212067e-03
1.105882352941172904e-03
1.067156862745094643e-03
1.149019607843133721e-03
1.085294117647055395e-03
1.109313725490192670e-03
1.104411764705878936e-03
1.099509803921565202e-03
1.075490196078427926e-03
1.144607843137251382e-03
1.117647058823525953e-03
1.086274509803918185e-03
1.116176470588231768e-03
1.077450980392153507e-03
1.158823529411760972e-03
1.099999999999996597e-03
1.126470588235290631e-03
1.120098039215682711e-03
1.102941176470584751e-03
1.120098039215682711e-03
1.090686274509800524e-03
1.103431372549016146e-03
1.082352941176467241e-03
1.108333333333329880e-03
1.085784313725486790e-03
1.080882352941173056e-03
1.125980392156859236e-03
1.118137254901957348e-03
1.115196078431368977e-03
1.068137254901957434e-03
1.115686274509800372e-03
1.105882352941172904e-03
1.100490196078427992e-03
1.109803921568623848e-03
1.101470588235290565e-03
1.081862745098035846e-03
1.119117647058819921e-03
1.147058823529408141e-03
1.111274509803918033e-03
1.133333333333329728e-03
1.061274509803918336e-03
1.098039215686271016e-03
1.142156862745094406e-03
1.050980392156859473e-03
1.072549019607839773e-03
1.130392156862741575e-03
1.087745098039212370e-03
1.122058823529408292e-03
1.129901960784309963e-03
1.093627450980388677e-03
1.084803921568623999e-03
1.115686274509800372e-03
1.074999999999996531e-03
1.095098039215682863e-03
1.125980392156859236e-03
1.096568627450977048e-03
1.107843137254898485e-03
1.119117647058819921e-03
1.114215686274506187e-03
1.059313725490192756e-03
1.100490196078427992e-03
1.060294117647055546e-03
1.126470588235290631e-03
1.110294117647055243e-03
1.109313725490192670e-03
1.093137254901957282e-03
1.103921568627447541e-03
1.150490196078427689e-03
1.098529411764702412e-03
1.149019607843133721e-03
1.110294117647055243e-03
1.077941176470584902e-03
1.122058823529408292e-03
1.123529411764702260e-03
1.129411764705878785e-03
1.115686274509800372e-03
1.082352941176467241e-03
1.068627450980388829e-03
1.116666666666663163e-03
1.124509803921565050e-03
1.109313725490192670e-03
1.108823529411761275e-03
1.063725490196075095e-03
1.115196078431368977e-03
1.109313725490192670e-03
1.147058823529408141e-03
1.062745098039212304e-03
1.139705882352937648e-03
1.107352941176467090e-03
1.139215686274506253e-03
1.130882352941172970e-03
1.086764705882349580e-03
1.125490196078427841e-03
1.097058823529408226e-03
1.103431372549016146e-03
1.086274509803918185e-03
1.130392156862741575e-03
1.122549019607839687e-03
1.097549019607839621e-03
1.096568627450977048e-03
1.127941176470584599e-03
1.099019607843133807e-03
1.129411764705878785e-03
1.164705882352937497e-03
1.125980392156859236e-03
1.078921568627447692e-03
1.070098039215683014e-03
1.106862745098035694e-03
1.083333333333330031e-03
1.071078431372545587e-03
1.158823529411760972e-03
1.107843137254898485e-03
1.102450980392153355e-03
1.120098039215682711e-03
1.139215686274506253e-03
1.084803921568623999e-03
1.075980392156859321e-03
1.123039215686270865e-03
1.081372549019604451e-03
1.088235294117643548e-03
1.108333333333329880e-03
1.075490196078427926e-03
1.087745098039212370e-03
1.103431372549016146e-03
1.086274509803918185e-03
1.171568627450976594e-03
1.077941176470584902e-03
1.085784313725486790e-03
1.108823529411761275e-03
1.124019607843133655e-03
1.100980392156859170e-03
1.096568627450977048e-03
1.059313725490192539e-03
1.112254901960780824e-03
1.132843137254898117e-03
1.070098039215683014e-03
1.137745098039212067e-03
1.142156862745094406e-03
1.098529411764702195e-03
1.072549019607839773e-03
1.142647058823525802e-03
1.087254901960780975e-03
1.109313725490192670e-03
1.145098039215682560e-03
1.139215686274506253e-03
1.100490196078427992e-03
1.118627450980388526e-03
1.070098039215683014e-03
1.099999999999996597e-03
1.111274509803918033e-03
1.104411764705878719e-03
1.105392156862741509e-03
1.118137254901957348e-03
1.120588235294114107e-03
1.115196078431368977e-03
1.123529411764702260e-03
1.123529411764702260e-03
1.088725490196074943e-03
1.111764705882349429e-03
1.152450980392153270e-03
1.120588235294114107e-03
1.080392156862741660e-03
1.099999999999996597e-03
1.131862745098035543e-03
1.112745098039212219e-03
1.110784313725486638e-03
1.124019607843133655e-03
1.123529411764702260e-03
1.113725490196075009e-03
1.125980392156859236e-03
1.119117647058819921e-03
1.103431372549016146e-03
1.101470588235290565e-03
1.107352941176467090e-03
1.126470588235290631e-03
1.127450980392153204e-03
1.103431372549016146e-03
1.105882352941172904e-03
1.088725490196074943e-03
1.087745098039212370e-03
1.133823529411761124e-03
1.078921568627447692e-03
1.120098039215682711e-03
1.052941176470584836e-03
1.125490196078427841e-03
1.137254901960780672e-03
1.100490196078427992e-03
1.098529411764702412e-03
1.115686274509800372e-03
1.091176470588231919e-03
1.098529411764702412e-03
1.125490196078427841e-03
1.121078431372545502e-03
1.114215686274506187e-03
1.149999999999996294e-03
1.142647058823525802e-03
1.137254901960780672e-03
1.156372549019604214e-03
1.106372549019604299e-03
1.105392156862741509e-03
1.087745098039212370e-03
1.139215686274506253e-03
1.115686274509800372e-03
1.101470588235290565e-03
1.085294117647055395e-03
1.108333333333329880e-03
1.060294117647055546e-03
1.085294117647055395e-03
1.114705882352937582e-03
1.077450980392153507e-03
1.086764705882349580e-03
1.077941176470584902e-03
1.120588235294114107e-03
1.084313725490192604e-03
1.091666666666663314e-03
1.097549019607839621e-03
1.130882352941172970e-03
1.151470588235290480e-03
1.119117647058819921e-03
1.101470588235290565e-03
1.096078431372545653e-03
1.092647058823525887e-03
1.127450980392153204e-03
1.076470588235290717e-03
1.089705882352937734e-03
1.078921568627447692e-03
1.097058823529408226e-03
1.109803921568623848e-03
1.095098039215682863e-03
1.071568627450976982e-03
1.149999999999996294e-03
1.089215686274506338e-03
1.114705882352937582e-03
1.093137254901957282e-03
1.137745098039212067e-03
1.118627450980388526e-03
1.100490196078427992e-03
1.072058823529408378e-03
1.084313725490192604e-03
1.070098039215683014e-03
1.131372549019604365e-03
1.126470588235290631e-03
1.112254901960780824e-03
1.056862745098035997e-03
1.078921568627447692e-03
1.055392156862741812e-03
1.072549019607839773e-03
1.129411764705878785e-03
1.144117647058819987e-03
1.084803921568623999e-03
1.119607843137251316e-03
1.107843137254898485e-03
1.081862745098035846e-03
1.093627450980388677e-03
1.106372549019604299e-03
1.135294117647055309e-03
1.097549019607839621e-03
1.086274509803918185e-03
1.097549019607839621e-03
1.104411764705878936e-03
1.168627450980388440e-03
1.119607843137251316e-03
1.097058823529408226e-03
1.063725490196075095e-03
1.086274509803918185e-03
1.117156862745094558e-03
1.103431372549016146e-03
1.165196078431368892e-03
1.105882352941172904e-03
1.104411764705878936e-03
1.117647058823525953e-03
1.155392156862741423e-03
1.147549019607839536e-03
1.086274509803918185e-03
1.105392156862741509e-03
1.112254901960780824e-03
1.116176470588231768e-03
1.121568627450976897e-03
1.125980392156859236e-03
1.125490196078427841e-03
1.131372549019604365e-03
1.100490196078427992e-03
1.124509803921565050e-03
1.093137254901957282e-03
1.116176470588231768e-03
1.110294117647055243e-03
1.141176470588231616e-03
1.076960784313722112e-03
1.107352941176467090e-03
1.135294117647055309e-03
1.093137254901957066e-03
1.119607843137251316e-03
1.112745098039212219e-03
1.086274509803918185e-03
1.103921568627447541e-03
1.133823529411761124e-03
1.156372549019604214e-03
1.098039215686271016e-03
1.083823529411761209e-03
1.119607843137251316e-03
1.110784313725486638e-03
1.115196078431368977e-03
1.099019607843133807e-03
1.132352941176466938e-03
1.101960784313721960e-03
1.098039215686271016e-03
1.146078431372545350e-03
1.113235294117643614e-03
1.113725490196075009e-03
1.077450980392153507e-03
1.099509803921565202e-03
1.135294117647055309e-03
1.130392156862741575e-03
1.052450980392153658e-03
1.068627450980388829e-03
1.136764705882349277e-03
1.103431372549016146e-03
1.084313725490192604e-03
1.102450980392153355e-03
1.098039215686271016e-03
1.091176470588231919e-03
1.071568627450976982e-03
1.122058823529408292e-03
1.085784313725486790e-03
1.116666666666663163e-03
1.066176470588231853e-03
1.096568627450977048e-03
1.111764705882349429e-03
1.114215686274506187e-03
1.095588235294114258e-03
1.133823529411761124e-03
1.149999999999996294e-03
1.104901960784310331e-03
1.114215686274506187e-03
1.120098039215682711e-03
1.054411764705879022e-03
1.136764705882349060e-03
1.089215686274506338e-03
1.085784313725486790e-03
1.140686274509800221e-03
1.080882352941173056e-03
1.100980392156859170e-03
1.080882352941173056e-03
1.104411764705878936e-03
1.093137254901957282e-03
1.113725490196075009e-03
1.109313725490192670e-03
1.109803921568623848e-03
1.136274509803917882e-03
1.132843137254898333e-03
1.127450980392153204e-03
1.129901960784309963e-03
1.092156862745094709e-03
1.114705882352937582e-03
1.128431372549015994e-03
1.105882352941172904e-03
1.079411764705878870e-03
1.134313725490192519e-03
1.074019607843133958e-03
1.116176470588231768e-03
1.106372549019604299e-03
1.111274509803918033e-03
1.118627450980388526e-03
1.071078431372545587e-03
1.122549019607839687e-03
1.113725490196075009e-03
1.088235294117643548e-03
1.113725490196075009e-03
1.079411764705878870e-03
1.096078431372545653e-03
1.051470588235290868e-03
1.105392156862741509e-03
1.161764705882349343e-03
1.125490196078427841e-03
1.101470588235290565e-03
1.105392156862741509e-03
1.110294117647055243e-03
1.105882352941172904e-03
1.119117647058819921e-03
1.131862745098035543e-03
1.123529411764702260e-03
1.097549019607839621e-03
1.107843137254898485e-03
1.142647058823525802e-03
1.167156862745094255e-03
1.124999999999996446e-03
1.119607843137251316e-03
1.109803921568623848e-03
1.114215686274506187e-03
1.127941176470584599e-03
1.130392156862741575e-03
1.168137254901957045e-03
1.128431372549015994e-03
1.091666666666663314e-03
1.124999999999996446e-03
1.115196078431368977e-03
1.108823529411761275e-03
1.098039215686270800e-03
1.079411764705878870e-03
1.140686274509800221e-03
1.089215686274506338e-03
1.124999999999996446e-03
1.096568627450977048e-03
1.118137254901957348e-03
1.122058823529408292e-03
1.095588235294114258e-03
1.098529411764702412e-03
1.095588235294114258e-03
1.149509803921564899e-03
1.103921568627447541e-03
1.089215686274506338e-03
1.100490196078427992e-03
1.106862745098035694e-03
1.085784313725486790e-03
1.108333333333329880e-03
1.106862745098035694e-03
1.098529411764702412e-03
1.098039215686271016e-03
1.140196078431369043e-03
1.112254901960780824e-03
1.074999999999996531e-03
1.122058823529408292e-03
1.090686274509800524e-03
1.116666666666663163e-03
1.102941176470584751e-03
1.134313725490192519e-03
1.100490196078427992e-03
1.138725490196074858e-03
1.156862745098035609e-03
1.124019607843133655e-03
1.145098039215682560e-03
1.110294117647055243e-03
1.147549019607839536e-03
1.142156862745094406e-03
1.124019607843133655e-03
1.086764705882349580e-03
1.093627450980388677e-03
1.092647058823525887e-03
1.107352941176467090e-03
1.067647058823526039e-03
1.086764705882349580e-03
1.064215686274506490e-03
1.074509803921565353e-03
1.115196078431368977e-03
1.094607843137251468e-03
1.099999999999996597e-03
1.095588235294114258e-03
1.106372549019604299e-03
1.138725490196074858e-03
1.090196078431369129e-03
1.112745098039212219e-03
1.130882352941172970e-03
1.106372549019604299e-03
1.082843137254898636e-03
1.090686274509800524e-03
1.117647058823525953e-03
1.104411764705878936e-03
1.070098039215683014e-03
1.121078431372545502e-03
1.105392156862741509e-03
1.100490196078427992e-03
1.085784313725486790e-03
1.123039215686270865e-03
1.096078431372545653e-03
1.104901960784310331e-03
1.077450980392153507e-03
1.074509803921565353e-03
1.099019607843133807e-03
1.060294117647055546e-03
1.107843137254898485e-03
1.138725490196074858e-03
1.067647058823526039e-03
1.106862745098035694e-03
1.096568627450977048e-03
1.070098039215683014e-03
1.151960784313721875e-03
1.125490196078427841e-03
1.100980392156859170e-03
1.143137254901957197e-03
1.111274509803918033e-03
1.106862745098035694e-03
1.074999999999996531e-03
1.131862745098035543e-03
1.099019607843133807e-03
1.111274509803918033e-03
1.148529411764702326e-03
1.114215686274506187e-03
1.120098039215682711e-03
1.168137254901957045e-03
1.142156862745094406e-03
1.131862745098035543e-03
1.078921568627447475e-03
1.136274509803917882e-03
1.117156862745094558e-03
1.088725490196074943e-03
1.097549019607839405e-03
1.089705882352937734e-03
1.136274509803917882e-03
1.132843137254898333e-03
1.121568627450976897e-03
1.112745098039212219e-03
1.123039215686270865e-03
1.123039215686270865e-03
1.117647058823525953e-03
1.079901960784310265e-03
1.120098039215682711e-03
1.136274509803917882e-03
1.118627450980388526e-03
1.083823529411761209e-03
1.120588235294114107e-03
1.101960784313721960e-03
1.117647058823525953e-03
1.086274509803918185e-03
1.064705882352937885e-03
1.139705882352937648e-03
1.093137254901957066e-03
1.155882352941172819e-03
1.121078431372545502e-03
1.085784313725486790e-03
1.084313725490192604e-03
1.115196078431368977e-03
1.094117647058820073e-03
1.128431372549015994e-03
1.123529411764702260e-03
1.090196078431369129e-03
1.123039215686270865e-03
1.085784313725486790e-03
1.100980392156859170e-03
1.138725490196074858e-03
1.104901960784310331e-03
1.151960784313721875e-03
1.122549019607839687e-03
1.133823529411761124e-03
1.068137254901957434e-03
1.124019607843133655e-03
1.072058823529408378e-03
1.086764705882349580e-03
1.121078431372545502e-03
1.072058823529408378e-03
1.110784313725486638e-03
1.102941176470584751e-03
1.086274509803918185e-03
1.105392156862741509e-03
1.087745098039212370e-03
1.115196078431368761e-03
1.148529411764702326e-03
1.125980392156859236e-03
1.143627450980388592e-03
1.091176470588231919e-03
1.125490196078427841e-03
1.073039215686271168e-03
1.134313725490192519e-03
1.107843137254898485e-03
1.117156862745094558e-03
1.083823529411761209e-03
1.114215686274506187e-03
1.118137254901957348e-03
1.108823529411761275e-03
1.072058823529408378e-03
1.161764705882349343e-03
1.068137254901957434e-03
1.065196078431369280e-03
1.093137254901957282e-03
1.049019607843133892e-03
1.086764705882349580e-03
1.084803921568623999e-03
1.072549019607839773e-03
1.100980392156859170e-03
1.077941176470584902e-03
1.113235294117643614e-03
1.101960784313721960e-03
1.108823529411761275e-03
1.114705882352937582e-03
1.123529411764702260e-03
1.105392156862741509e-03
1.112745098039212219e-03
1.107843137254898485e-03
1.101470588235290565e-03
1.056372549019604602e-03
1.175980392156858933e-03
1.088235294117643548e-03
1.088235294117643548e-03
1.150490196078427689e-03
1.112745098039212219e-03
1.110294117647055243e-03
1.145588235294113955e-03
1.124999999999996446e-03
1.090686274509800524e-03
1.101470588235290565e-03
1.106372549019604299e-03
1.090196078431369129e-03
1.153431372549016060e-03
1.093627450980388677e-03
1.073039215686271168e-03
1.091666666666663314e-03
1.117156862745094558e-03
1.067156862745094643e-03
1.074509803921565353e-03
1.103921568627447541e-03
1.101960784313721960e-03
1.107843137254898485e-03
1.081372549019604451e-03
1.110294117647055243e-03
1.091176470588231919e-03
1.101470588235290565e-03
1.106372549019604299e-03
1.097058823529408226e-03
1.100980392156859170e-03
1.105392156862741509e-03
1.076960784313722112e-03
1.102450980392153355e-03
1.105392156862741509e-03
1.079901960784310265e-03
1.074509803921565353e-03
1.092647058823525887e-03
1.144607843137251382e-03
1.127450980392153204e-03
1.088725490196074943e-03
1.069117647058820224e-03
1.135784313725486704e-03
1.077450980392153507e-03
1.091176470588231919e-03
1.126470588235290631e-03
1.118627450980388526e-03
1.137254901960780672e-03
1.107843137254898485e-03
1.164705882352937497e-03
1.107352941176467090e-03
1.104411764705878936e-03
1.092647058823525887e-03
1.141666666666663011e-03
1.109803921568623848e-03
1.081862745098035846e-03
1.091666666666663314e-03
1.109313725490192670e-03
1.061274509803918336e-03
1.113725490196074792e-03
1.094607843137251468e-03
1.099509803921565202e-03
1.109803921568623848e-03
1.146568627450976745e-03
1.101960784313721960e-03
1.108823529411761275e-03
1.082843137254898636e-03
1.098039215686271016e-03
1.150490196078427689e-03
1.087254901960780975e-03
1.140686274509800221e-03
1.151470588235290480e-03
1.133333333333329728e-03
1.083823529411761209e-03
1.106862745098035694e-03
1.114215686274506187e-03
1.133333333333329728e-03
1.102941176470584751e-03
1.127450980392153204e-03
1.100980392156859170e-03
1.113725490196075009e-03
1.084803921568623999e-03
1.165686274509800287e-03
1.112745098039212219e-03
1.070588235294114192e-03
1.097549019607839621e-03
1.129901960784310180e-03
1.111274509803918033e-03
1.115686274509800372e-03
1.151470588235290480e-03
1.126470588235290631e-03
1.085294117647055395e-03
1.110294117647055243e-03
1.114215686274506187e-03
1.120588235294114107e-03
1.102450980392153355e-03
1.116666666666663163e-03
1.096078431372545653e-03
1.088725490196074943e-03
1.104411764705878719e-03
1.110294117647055243e-03
1.124999999999996446e-03
1.115686274509800372e-03
1.078431372549016297e-03
1.078431372549016297e-03
1.168627450980388440e-03
1.140196078431369043e-03
1.103921568627447541e-03
1.099999999999996597e-03
1.080392156862741660e-03
1.120098039215682711e-03
1.127941176470584599e-03
1.102941176470584751e-03
1.084313725490192604e-03
1.107352941176467090e-03
1.088725490196074943e-03
1.103431372549016146e-03
1.119607843137251316e-03
1.126960784313722026e-03
1.082843137254898636e-03
1.123039215686270865e-03
1.146078431372545350e-03
1.105882352941172904e-03
1.168627450980388440e-03
1.133823529411761124e-03
1.071568627450976982e-03
1.096568627450977048e-03
1.111764705882349429e-03
1.090686274509800524e-03
1.146078431372545350e-03
1.134803921568623914e-03
1.127941176470584599e-03
1.175980392156858933e-03
1.145098039215682560e-03
1.116666666666663163e-03
1.103431372549016146e-03
1.085784313725486790e-03
1.161274509803917948e-03
1.076960784313722112e-03
1.085784313725486790e-03
1.156372549019604214e-03
1.141176470588231616e-03
1.131372549019604148e-03
1.120588235294114107e-03
1.088235294117643331e-03
1.115686274509800372e-03
1.071568627450976982e-03
1.054901960784310417e-03
1.092647058823525887e-03
1.105882352941172904e-03
1.121568627450976897e-03
1.074019607843133958e-03
1.088235294117643548e-03
1.149509803921564899e-03
1.153921568627447238e-03
1.137254901960780672e-03
1.126960784313722026e-03
1.149019607843133721e-03
1.118137254901957348e-03
1.093627450980388677e-03
1.050980392156859473e-03
1.096568627450977048e-03
1.126960784313722026e-03
1.121568627450976897e-03
1.079411764705878870e-03
1.092156862745094709e-03
1.124019607843133655e-03
1.135784313725486704e-03
1.095098039215682863e-03
1.029901960784310568e-03
1.122549019607839687e-03
1.118137254901957348e-03
1.141666666666663011e-03
1.126960784313722026e-03
1.108333333333329880e-03
1.126960784313722026e-03
1.106862745098035478e-03
1.118627450980388526e-03
1.171568627450976594e-03
1.191176470588231531e-03
1.274509803921564577e-03
1.353431372549015283e-03
1.426960784313720861e-03
1.444607843137250217e-03
1.501960784313720624e-03
1.511274509803916697e-03
1.547549019607837983e-03
1.617156862745092833e-03
1.654411764705876909e-03
1.646568627450975021e-03
1.684313725490190492e-03
1.671078431372543692e-03
1.650980392156857360e-03
1.722058823529406396e-03
1.651470588235288755e-03
1.704901960784308218e-03
1.675980392156857209e-03
1.649019607843131780e-03
1.757352941176464891e-03
1.661274509803916440e-03
1.693137254901955170e-03
1.698039215686269121e-03
1.748529411764700213e-03
1.692647058823523992e-03
1.675490196078425814e-03
1.741666666666660899e-03
1.673529411764700450e-03
1.666666666666661136e-03
1.754901960784307916e-03
1.677941176470582789e-03
1.736274509803915770e-03
1.677941176470582789e-03
1.671078431372543475e-03
1.711764705882347316e-03
1.643137254901955472e-03
1.674999999999994419e-03
1.659803921568622255e-03
1.665196078431367167e-03
1.666666666666661136e-03
1.615196078431367253e-03
1.672549019607837660e-03
1.609803921568622124e-03
1.645588235294112231e-03
1.603921568627445816e-03
1.642647058823524077e-03
1.613725490196073068e-03
1.602450980392151631e-03
1.610784313725484914e-03
1.621078431372543777e-03
1.584313725490190880e-03
1.605392156862739785e-03
1.562254901960779185e-03
1.600490196078426051e-03
1.571078431372543863e-03
1.574999999999994807e-03
1.626960784313720085e-03
1.605392156862739785e-03
1.594607843137249743e-03
1.602450980392151631e-03
1.630392156862740067e-03
1.540686274509798885e-03
1.614705882352935858e-03
1.538725490196073305e-03
1.599019607843132082e-03
1.574019607843132017e-03
1.568137254901955709e-03
1.608333333333328155e-03
1.603921568627445816e-03
1.589215686274504614e-03
1.575490196078426202e-03
1.529901960784308627e-03
1.568137254901955709e-03
1.540196078431367707e-03
1.600490196078426051e-03
1.557843137254896846e-03
1.569117647058818499e-03
1.568137254901955709e-03
1.586764705882347855e-03
1.474999999999995195e-03
1.571078431372543863e-03
1.596568627450975324e-03
1.524999999999995109e-03
1.493137254901955946e-03
1.551470588235289143e-03
1.557352941176465451e-03
1.532352941176465602e-03
1.519117647058818585e-03
1.526960784313720473e-03
1.565686274509798734e-03
1.544607843137249829e-03
1.568137254901955709e-03
1.494607843137250132e-03
1.535784313725485151e-03
1.549999999999994958e-03
1.509803921568622512e-03
1.522549019607838134e-03
1.583333333333328090e-03
1.566176470588230129e-03
1.587745098039210429e-03
1.529411764705877448e-03
1.536274509803916546e-03
1.556372549019602661e-03
1.530392156862740022e-03
1.527450980392151868e-03
1.477941176470583349e-03
1.524999999999995109e-03
1.523039215686269746e-03
1.476470588235289380e-03
1.533823529411759787e-03
1.539215686274504700e-03
1.527450980392151868e-03
1.537745098039210731e-03
1.516176470588230431e-03
1.518137254901955795e-03
1.503921568627445988e-03
1.498529411764701075e-03
1.463235294117642363e-03
1.492156862745093156e-03
1.523529411764700924e-03
1.446568627450975798e-03
1.507843137254897149e-03
1.487745098039210817e-03
1.521568627450975344e-03
1.480882352941171719e-03
1.522549019607838134e-03
1.434313725490191354e-03
1.458823529411760024e-03
1.536764705882347941e-03
1.489215686274505002e-03
1.431862745098034595e-03
1.524019607843132319e-03
1.496568627450975495e-03
1.496568627450975495e-03
1.489705882352936397e-03
1.467647058823524702e-03
1.518627450980387190e-03
1.502941176470583414e-03
1.492156862745093156e-03
1.456862745098034444e-03
1.505882352941171568e-03
1.530392156862740022e-03
1.477941176470583349e-03
1.496078431372544100e-03
1.455392156862740476e-03
1.543137254901955644e-03
1.539705882352936095e-03
1.509803921568622512e-03
1.452450980392152105e-03
1.425490196078426676e-03
1.480882352941171719e-03
1.477450980392151954e-03
1.480882352941171936e-03
1.504411764705877383e-03
1.464215686274505154e-03
1.456372549019603049e-03
1.473529411764701010e-03
1.509803921568622512e-03
1.490686274509798971e-03
1.513725490196073456e-03
1.512254901960779488e-03
1.509313725490191117e-03
1.484803921568622663e-03
1.447058823529406976e-03
1.475490196078426590e-03
1.480882352941171719e-03
1.442647058823524637e-03
1.513725490196073456e-03
1.440686274509799273e-03
1.455392156862740476e-03
1.472549019607838437e-03
1.506862745098034358e-03
1.487745098039210817e-03
1.451960784313720710e-03
1.513235294117642061e-03
1.479901960784308929e-03
1.497549019607838285e-03
1.474999999999995195e-03
1.513725490196073456e-03
1.485294117647054058e-03
1.521568627450975344e-03
1.499019607843132471e-03
1.456862745098034444e-03
1.527941176470583263e-03
1.448039215686269766e-03
1.431372549019603200e-03
1.515686274509799036e-03
1.440196078431367878e-03
1.445588235294113007e-03
1.492647058823524551e-03
1.495588235294112922e-03
1.469607843137250066e-03
1.462254901960779573e-03
1.436764705882348329e-03
1.481862745098034293e-03
1.447549019607838371e-03
1.439215686274505088e-03
1.458333333333328629e-03
1.482352941176465688e-03
1.459803921568622815e-03
1.497549019607838285e-03
1.478921568627446139e-03
1.492156862745093156e-03
1.464215686274505154e-03
1.508823529411759722e-03
1.420098039215681764e-03
1.524019607843132319e-03
1.476470588235289380e-03
1.491176470588230366e-03
1.452450980392152105e-03
1.437745098039211120e-03
1.474999999999995195e-03
1.445588235294113007e-03
1.438725490196073693e-03
1.439705882352936483e-03
1.441666666666662064e-03
1.469117647058818671e-03
1.419607843137250369e-03
1.463235294117642363e-03
1.414215686274505239e-03
1.471078431372544251e-03
1.470098039215681461e-03
1.453431372549014895e-03
1.426960784313720861e-03
1.414705882352936634e-03
1.395098039215681698e-03
1.460294117647053993e-03
1.470098039215681461e-03
1.440196078431367878e-03
1.427941176470583651e-03
1.446568627450975798e-03
1.440686274509799490e-03
1.404901960784309166e-03
1.425980392156858071e-03
1.417647058823524788e-03
1.449019607843132556e-03
1.440686274509799273e-03
1.419117647058818973e-03
1.450490196078426742e-03
1.476470588235289380e-03
1.414215686274505239e-03
1.435784313725485539e-03
1.465196078431367727e-03
1.452450980392152105e-03
1.395588235294113093e-03
1.476470588235289380e-03
1.436764705882348329e-03
1.461274509803916783e-03
1.418627450980387578e-03
1.404411764705877771e-03
1.441666666666662064e-03
1.504411764705877383e-03
1.468627450980387276e-03
1.455392156862740476e-03
1.442647058823524637e-03
1.452450980392152105e-03
1.371568627450976035e-03
1.485784313725485454e-03
1.443627450980387427e-03
1.429411764705877620e-03
1.371078431372544639e-03
1.465196078431367727e-03
1.427941176470583651e-03
1.451960784313720710e-03
1.453431372549014895e-03
1.467156862745093307e-03
1.406372549019603352e-03
1.418137254901956183e-03
1.430392156862740410e-03
1.414215686274505239e-03
1.435294117647054144e-03
1.439215686274505088e-03
1.400490196078426827e-03
1.464705882352936332e-03
1.465196078431367727e-03
1.413235294117642449e-03
1.407352941176465925e-03
1.397549019607838673e-03
1.408823529411760110e-03
1.444117647058818822e-03
1.408823529411760110e-03
1.439705882352936483e-03
1.389215686274505391e-03
1.396078431372544488e-03
1.420098039215681764e-03
1.354411764705878074e-03
1.442647058823524637e-03
1.408333333333328715e-03
1.457843137254897234e-03
1.381372549019603286e-03
1.383333333333328866e-03
1.424019607843132708e-03
1.422058823529407127e-03
1.366666666666662300e-03
1.435784313725485539e-03
1.373039215686270003e-03
1.377941176470583737e-03
1.437254901960779725e-03
1.382843137254897471e-03
1.485294117647054058e-03
1.454411764705877685e-03
1.437254901960779725e-03
1.421078431372544337e-03
1.389215686274505391e-03
1.380882352941172108e-03
1.387254901960779810e-03
1.442156862745093459e-03
1.399999999999995432e-03
1.397549019607838673e-03
1.437254901960779725e-03
1.400980392156858222e-03
1.460294117647053993e-03
1.395588235294113093e-03
1.329901960784309403e-03
1.384313725490191656e-03
1.367156862745093696e-03
1.378921568627446527e-03
1.416666666666661998e-03
1.435294117647054144e-03
1.396568627450975883e-03
1.427450980392152256e-03
1.395098039215681698e-03
1.337254901960780113e-03
1.389705882352936786e-03
1.404901960784309166e-03
1.409313725490191505e-03
1.413235294117642449e-03
1.403431372549014981e-03
1.403921568627446376e-03
1.389215686274505391e-03
1.368627450980387664e-03
1.383333333333328866e-03
1.387254901960779810e-03
1.363725490196073930e-03
1.372549019607838608e-03
1.366176470588230905e-03
1.411274509803917086e-03
1.403921568627446376e-03
1.374019607843132793e-03
1.453921568627446290e-03
1.444607843137250217e-03
1.457843137254897234e-03
1.418137254901956183e-03
1.384313725490191656e-03
1.406372549019603352e-03
1.424509803921564319e-03
1.350980392156858308e-03
1.374509803921564188e-03
1.386274509803917020e-03
1.438725490196073693e-03
1.407843137254897320e-03
1.366176470588230905e-03
1.426960784313720861e-03
1.391666666666662149e-03
1.340196078431368266e-03
1.444607843137250217e-03
1.371078431372544639e-03
1.413235294117642449e-03
1.376960784313720947e-03
1.328431372549015435e-03
1.401470588235289617e-03
1.426960784313720861e-03
1.354901960784309252e-03
1.359803921568622986e-03
1.388725490196073995e-03
1.385784313725485625e-03
1.359803921568622986e-03
1.362254901960779961e-03
1.388235294117642600e-03
1.410294117647054295e-03
1.380882352941172108e-03
1.386274509803917020e-03
1.375490196078426978e-03
1.402450980392152408e-03
1.374999999999995583e-03
1.458333333333328629e-03
1.369117647058819059e-03
1.396568627450975883e-03
1.381862745098034681e-03
1.379411764705877922e-03
1.392647058823524939e-03
1.396078431372544488e-03
1.396078431372544488e-03
1.374019607843132793e-03
1.377941176470583737e-03
1.391176470588230754e-03
1.373039215686270003e-03
1.410784313725485691e-03
1.370098039215681849e-03
1.368627450980387664e-03
1.396568627450975883e-03
1.366666666666662300e-03
1.331372549019603588e-03
1.339705882352936871e-03
1.422058823529407127e-03
1.338235294117642686e-03
1.366666666666662300e-03
1.377941176470583737e-03
1.364215686274505325e-03
1.376960784313720947e-03
1.371568627450976035e-03
1.343627450980387815e-03
1.330392156862740798e-03
1.359313725490191591e-03
1.344117647058819210e-03
1.340196078431368266e-03
1.385294117647054447e-03
1.391176470588230754e-03
1.340686274509799662e-03
1.363235294117642752e-03
1.353921568627446679e-03
1.386764705882348415e-03
1.351470588235289703e-03
1.360784313725485776e-03
1.342647058823525025e-03
1.400490196078426827e-03
1.355392156862740647e-03
1.356372549019603437e-03
1.326960784313721249e-03
1.357352941176466227e-03
1.397549019607838673e-03
1.292647058823525328e-03
1.374999999999995583e-03
1.363725490196073930e-03
1.352941176470583888e-03
1.413725490196073844e-03
1.378921568627446527e-03
1.365196078431368115e-03
1.361764705882348566e-03
1.324999999999995669e-03
1.319117647058819362e-03
1.350980392156858308e-03
1.388725490196073995e-03
1.344117647058819210e-03
1.370588235294113244e-03
1.349999999999995735e-03
1.358823529411760413e-03
1.359803921568622986e-03
1.323529411764701701e-03
1.324999999999995669e-03
1.347549019607838759e-03
1.368137254901956269e-03
1.378431372549015132e-03
1.353921568627446679e-03
1.335294117647054532e-03
1.369117647058819059e-03
1.337254901960780113e-03
1.420588235294112942e-03
1.311764705882348652e-03
1.303431372549015369e-03
1.310294117647054684e-03
1.320098039215681935e-03
1.326960784313721249e-03
1.352450980392152493e-03
1.342647058823525025e-03
1.324509803921564274e-03
1.355392156862740647e-03
1.375980392156858374e-03
1.340196078431368266e-03
1.366176470588230905e-03
1.360784313725485776e-03
1.318137254901956571e-03
1.375980392156858374e-03
1.327450980392152645e-03
1.324999999999995669e-03
1.324019607843133096e-03
1.388725490196073995e-03
1.342647058823525025e-03
1.384803921568623052e-03
1.357843137254897622e-03
1.318137254901956571e-03
1.317156862745093781e-03
1.317647058823525176e-03
1.354411764705878074e-03
1.352450980392152493e-03
1.325490196078427064e-03
1.348039215686270154e-03
1.359313725490191591e-03
1.352450980392152493e-03
1.301470588235290006e-03
1.329411764705878008e-03
1.358333333333329018e-03
1.327941176470584040e-03
1.324509803921564274e-03
1.291666666666662537e-03
1.342647058823525025e-03
1.315196078431368418e-03
1.325980392156858459e-03
1.324509803921564274e-03
1.321078431372544725e-03
1.311764705882348652e-03
1.335784313725485927e-03
1.303921568627446764e-03
1.356372549019603437e-03
1.330882352941172193e-03
1.311274509803917257e-03
1.367647058823525091e-03
1.295098039215682086e-03
1.307352941176466313e-03
