5.291666666666656332e-04
6.520833333333318814e-04
6.854166666666651215e-04
7.854166666666647333e-04
7.874999999999980540e-04
7.687499999999982759e-04
8.229166666666645064e-04
9.270833333333307596e-04
8.916666666666645241e-04
9.458333333333307546e-04
9.708333333333307117e-04
9.041666666666644484e-04
1.008333333333330918e-03
1.010416666666664239e-03
9.958333333333307773e-04
1.170833333333336224e-03
1.024999999999997918e-03
1.089583333333333029e-03
1.070833333333332926e-03
1.102083333333333821e-03
1.058333333333331483e-03
1.135416666666667820e-03
1.068749999999998954e-03
1.064583333333332747e-03
1.031249999999998748e-03
1.083333333333332850e-03
1.077083333333333321e-03
1.014583333333331314e-03
1.045833333333331993e-03
1.052083333333332388e-03
9.999999999999974187e-04
1.102083333333333170e-03
1.135416666666667820e-03
1.035416666666664955e-03
1.137500000000001140e-03
1.095833333333333642e-03
1.106250000000000679e-03
1.045833333333331993e-03
1.020833333333331060e-03
9.729166666666641409e-04
9.999999999999974187e-04
1.054166666666666360e-03
9.770833333333306739e-04
1.100000000000000717e-03
1.039583333333332681e-03
1.043749999999998238e-03
1.064583333333332747e-03
1.064583333333333397e-03
1.024999999999997918e-03
1.018749999999997305e-03
9.749999999999975700e-04
1.097916666666667179e-03
9.812499999999973153e-04
9.854166666666639568e-04
1.033333333333331418e-03
1.022916666666664814e-03
9.833333333333306361e-04
1.022916666666664164e-03
9.729166666666641409e-04
1.081249999999999096e-03
9.833333333333306361e-04
1.112500000000000858e-03
1.074999999999998916e-03
9.791666666666639946e-04
1.054166666666665276e-03
1.027083333333331672e-03
9.624999999999974288e-04
1.045833333333331776e-03
1.108333333333333566e-03
1.037499999999998276e-03
1.068749999999999388e-03
1.024999999999997701e-03
9.854166666666639568e-04
1.016666666666664852e-03
9.874999999999972775e-04
1.066666666666666284e-03
9.645833333333306411e-04
1.056249999999999464e-03
1.008333333333330702e-03
1.029166666666665210e-03
1.020833333333331493e-03
9.499999999999975044e-04
1.024999999999997918e-03
1.006249999999997381e-03
9.833333333333306361e-04
1.066666666666666718e-03
1.058333333333332784e-03
8.979166666666642694e-04
1.056249999999999030e-03
1.006249999999997598e-03
1.064583333333332313e-03
1.068750000000000039e-03
1.054166666666665059e-03
1.058333333333332568e-03
1.018749999999997956e-03
9.541666666666640375e-04
1.027083333333332106e-03
1.131250000000000961e-03
1.068749999999999605e-03
9.708333333333307117e-04
9.333333333333310470e-04
9.666666666666639618e-04
1.083333333333333284e-03
1.027083333333331672e-03
1.058333333333332784e-03
9.541666666666641459e-04
9.645833333333307495e-04
9.895833333333305983e-04
1.058333333333333001e-03
1.016666666666664635e-03
9.312499999999976179e-04
1.068749999999999605e-03
1.041666666666665351e-03
9.749999999999974616e-04
9.666666666666640702e-04
9.812499999999975322e-04
1.077083333333333105e-03
1.077083333333332888e-03
1.008333333333331135e-03
1.085416666666666821e-03
9.770833333333306739e-04
9.291666666666644056e-04
1.022916666666664380e-03
9.958333333333307773e-04
9.833333333333306361e-04
9.729166666666640324e-04
1.039583333333331814e-03
9.916666666666641358e-04
1.002083333333330739e-03
1.008333333333330918e-03
9.937499999999974565e-04
1.016666666666664418e-03
9.604166666666639996e-04
1.022916666666664380e-03
1.012499999999997994e-03
1.033333333333331201e-03
1.074999999999998916e-03
9.812499999999975322e-04
9.437499999999975422e-04
1.127083333333333236e-03
9.854166666666641736e-04
9.979166666666640980e-04
1.043749999999998889e-03
1.087500000000000142e-03
1.014583333333330664e-03
1.056249999999998596e-03
9.729166666666642493e-04
1.035416666666664955e-03
9.854166666666639568e-04
9.812499999999973153e-04
1.112500000000000424e-03
1.041666666666664917e-03
1.008333333333331135e-03
9.979166666666640980e-04
1.037499999999998493e-03
1.010416666666664239e-03
1.062499999999999859e-03
1.010416666666664239e-03
1.062499999999998342e-03
1.012499999999997994e-03
1.024999999999998135e-03
1.068749999999999605e-03
1.012499999999997777e-03
1.039583333333332464e-03
9.145833333333309436e-04
1.037499999999998927e-03
1.056249999999999030e-03
1.043749999999999106e-03
9.979166666666638812e-04
1.010416666666664239e-03
1.018749999999997956e-03
1.002083333333330523e-03
9.833333333333306361e-04
1.037499999999998493e-03
1.004166666666664060e-03
9.562499999999975750e-04
9.979166666666643148e-04
1.022916666666664380e-03
1.002083333333330523e-03
9.958333333333307773e-04
1.027083333333332106e-03
9.624999999999974288e-04
1.056249999999998596e-03
1.031249999999998097e-03
1.081249999999999312e-03
1.002083333333330739e-03
1.045833333333331993e-03
1.077083333333333105e-03
1.083333333333332633e-03
9.854166666666639568e-04
1.002083333333330739e-03
1.083333333333334151e-03
1.022916666666664597e-03
1.024999999999998352e-03
1.047916666666665313e-03
1.039583333333331814e-03
1.008333333333330918e-03
1.052083333333332388e-03
1.008333333333330702e-03
1.018749999999997522e-03
1.060416666666665455e-03
9.916666666666641358e-04
1.002083333333330739e-03
1.031249999999998314e-03
1.052083333333332172e-03
1.045833333333331993e-03
1.033333333333332068e-03
1.004166666666664060e-03
1.045833333333331776e-03
1.077083333333332888e-03
9.812499999999973153e-04
1.070833333333332926e-03
1.039583333333332030e-03
1.062499999999999426e-03
9.270833333333308680e-04
1.037499999999998059e-03
1.029166666666664993e-03
1.060416666666666105e-03
1.029166666666665210e-03
1.072916666666665596e-03
1.037499999999998710e-03
9.583333333333307873e-04
9.791666666666642115e-04
1.077083333333332671e-03
9.895833333333305983e-04
1.039583333333331597e-03
9.562499999999973582e-04
1.006249999999997598e-03
1.191666666666670298e-03
1.002083333333330739e-03
1.004166666666664277e-03
1.002083333333330739e-03
9.312499999999975095e-04
1.037499999999998710e-03
1.054166666666665492e-03
1.010416666666664239e-03
1.010416666666664239e-03
1.045833333333331776e-03
1.072916666666666897e-03
1.068749999999999171e-03
9.708333333333308201e-04
1.087500000000000359e-03
9.708333333333308201e-04
1.041666666666665785e-03
1.049999999999998851e-03
1.006249999999997598e-03
1.091666666666667434e-03
1.016666666666664418e-03
1.012499999999997994e-03
1.010416666666664239e-03
1.012499999999997560e-03
9.770833333333306739e-04
1.058333333333333001e-03
1.047916666666665313e-03
9.666666666666641787e-04
9.874999999999972775e-04
1.054166666666665926e-03
9.604166666666641081e-04
1.024999999999998569e-03
9.854166666666639568e-04
1.089583333333333896e-03
1.010416666666664456e-03
1.054166666666665709e-03
1.072916666666665813e-03
1.043749999999999322e-03
1.008333333333331135e-03
1.077083333333333321e-03
9.999999999999974187e-04
1.022916666666664597e-03
9.666666666666640702e-04
9.958333333333305604e-04
1.049999999999998634e-03
1.016666666666664635e-03
1.077083333333333105e-03
1.012499999999997777e-03
1.004166666666664277e-03
1.083333333333332850e-03
9.895833333333305983e-04
1.002083333333330739e-03
9.833333333333308529e-04
9.937499999999974565e-04
9.562499999999973582e-04
1.022916666666664380e-03
1.043749999999999106e-03
9.979166666666640980e-04
9.374999999999976885e-04
1.014583333333331098e-03
1.033333333333331635e-03
1.045833333333332209e-03
1.068749999999999171e-03
1.045833333333331776e-03
9.874999999999972775e-04
1.039583333333332030e-03
1.024999999999997918e-03
1.049999999999998200e-03
9.749999999999974616e-04
1.016666666666664852e-03
9.895833333333305983e-04
9.624999999999975372e-04
1.054166666666665492e-03
1.062499999999998992e-03
1.095833333333334075e-03
1.066666666666666284e-03
9.895833333333308151e-04
1.049999999999998851e-03
1.056249999999998379e-03
1.081249999999999746e-03
1.066666666666666067e-03
1.049999999999999068e-03
1.112499999999999340e-03
1.047916666666666181e-03
1.033333333333331851e-03
9.833333333333306361e-04
1.008333333333331135e-03
8.812499999999975952e-04
9.874999999999972775e-04
1.029166666666664993e-03
9.937499999999974565e-04
1.058333333333331700e-03
1.045833333333332209e-03
1.024999999999998352e-03
1.006249999999997598e-03
1.016666666666664418e-03
1.035416666666665389e-03
9.104166666666643022e-04
1.012499999999997560e-03
1.095833333333332991e-03
9.499999999999975044e-04
1.016666666666664201e-03
9.604166666666641081e-04
1.072916666666665379e-03
9.562499999999974666e-04
1.014583333333330881e-03
1.041666666666665568e-03
9.833333333333304192e-04
1.024999999999997918e-03
9.749999999999975700e-04
1.043749999999999106e-03
1.016666666666664852e-03
1.006249999999997598e-03
1.079166666666666642e-03
1.020833333333331277e-03
1.097916666666666962e-03
9.854166666666639568e-04
1.093749999999999454e-03
1.064583333333332313e-03
1.052083333333332388e-03
9.729166666666641409e-04
1.014583333333330664e-03
1.004166666666664277e-03
1.049999999999998851e-03
9.520833333333308252e-04
9.895833333333308151e-04
1.064583333333332963e-03
1.081250000000000180e-03
1.039583333333331814e-03
1.127083333333334970e-03
1.029166666666664993e-03
1.058333333333332784e-03
1.016666666666664418e-03
1.024999999999998135e-03
9.833333333333308529e-04
1.020833333333331493e-03
1.066666666666666284e-03
1.012499999999997777e-03
9.979166666666640980e-04
9.645833333333307495e-04
1.058333333333332568e-03
1.091666666666667217e-03
1.062499999999998775e-03
9.958333333333307773e-04
1.066666666666666284e-03
1.004166666666664060e-03
1.002083333333330739e-03
1.022916666666664597e-03
9.916666666666641358e-04
1.002083333333330739e-03
1.060416666666666105e-03
9.854166666666639568e-04
9.333333333333309386e-04
9.854166666666639568e-04
1.024999999999997918e-03
9.979166666666640980e-04
1.010416666666664239e-03
1.031249999999998314e-03
1.041666666666665134e-03
9.916666666666641358e-04
1.020833333333331060e-03
9.624999999999974288e-04
1.029166666666665210e-03
1.033333333333331635e-03
9.312499999999976179e-04
9.812499999999973153e-04
1.087500000000000359e-03
9.958333333333307773e-04
1.079166666666666642e-03
1.077083333333333321e-03
9.937499999999974565e-04
1.112500000000000424e-03
9.958333333333307773e-04
1.064583333333332963e-03
1.058333333333332568e-03
9.874999999999972775e-04
9.916666666666641358e-04
1.022916666666664597e-03
1.037499999999998493e-03
9.895833333333305983e-04
9.812499999999973153e-04
1.052083333333332172e-03
9.854166666666637400e-04
1.006249999999997381e-03
9.333333333333310470e-04
1.054166666666665276e-03
1.041666666666665351e-03
9.958333333333307773e-04
9.895833333333308151e-04
1.054166666666665492e-03
9.333333333333308302e-04
1.037499999999997842e-03
1.029166666666664126e-03
1.139583333333333811e-03
9.999999999999974187e-04
1.035416666666665389e-03
1.024999999999998352e-03
1.031249999999998531e-03
1.062499999999999643e-03
1.018749999999997739e-03
1.058333333333331917e-03
1.035416666666665172e-03
1.022916666666664597e-03
1.010416666666664456e-03
1.035416666666665389e-03
1.060416666666665888e-03
1.004166666666664060e-03
9.520833333333307167e-04
1.060416666666666322e-03
1.054166666666665276e-03
1.097916666666667396e-03
1.183333333333336799e-03
1.033333333333331635e-03
9.916666666666641358e-04
1.058333333333332568e-03
1.031249999999998748e-03
1.062499999999999643e-03
9.416666666666642215e-04
1.018749999999997739e-03
1.039583333333332030e-03
1.016666666666664635e-03
9.708333333333308201e-04
9.770833333333306739e-04
1.041666666666664917e-03
9.812499999999973153e-04
8.979166666666643778e-04
9.791666666666639946e-04
9.749999999999974616e-04
1.162500000000002290e-03
1.049999999999998851e-03
1.049999999999999068e-03
1.012499999999997777e-03
9.812499999999975322e-04
1.031249999999998314e-03
9.916666666666641358e-04
1.077083333333333321e-03
1.035416666666664955e-03
1.077083333333332671e-03
8.333333333333311100e-04
1.056249999999998596e-03
1.012499999999997560e-03
9.520833333333309336e-04
9.958333333333307773e-04
1.008333333333331135e-03
9.416666666666643299e-04
1.089583333333333463e-03
1.066666666666666284e-03
1.062499999999998992e-03
1.060416666666665455e-03
1.010416666666664239e-03
1.039583333333332030e-03
1.027083333333330805e-03
1.058333333333331917e-03
1.018749999999997305e-03
1.052083333333332172e-03
1.031249999999998748e-03
9.708333333333309285e-04
1.016666666666664852e-03
9.666666666666639618e-04
1.079166666666666425e-03
1.137500000000001357e-03
1.070833333333331841e-03
1.029166666666664993e-03
1.014583333333331531e-03
1.056249999999999030e-03
9.687499999999976078e-04
1.127083333333334537e-03
1.014583333333330881e-03
9.958333333333307773e-04
1.033333333333331201e-03
1.012499999999997777e-03
1.012499999999997560e-03
9.854166666666641736e-04
1.016666666666663985e-03
1.095833333333333642e-03
1.081249999999999963e-03
9.999999999999974187e-04
1.093749999999999670e-03
1.072916666666666246e-03
9.541666666666641459e-04
1.049999999999998851e-03
1.043749999999998238e-03
1.035416666666665389e-03
1.002083333333330739e-03
1.018749999999997739e-03
1.031249999999998964e-03
9.166666666666641559e-04
1.049999999999998634e-03
9.666666666666641787e-04
1.077083333333332888e-03
1.004166666666664277e-03
1.062499999999998775e-03
1.045833333333331993e-03
1.108333333333334000e-03
1.049999999999997984e-03
9.916666666666641358e-04
1.049999999999998417e-03
1.016666666666664418e-03
1.037499999999998059e-03
9.687499999999976078e-04
1.031249999999998314e-03
1.035416666666664522e-03
1.104166666666666925e-03
9.562499999999973582e-04
1.099999999999999849e-03
1.052083333333332388e-03
9.958333333333307773e-04
1.024999999999997918e-03
1.047916666666665313e-03
9.812499999999973153e-04
1.043749999999999106e-03
1.035416666666664522e-03
1.037499999999998493e-03
1.039583333333332247e-03
9.687499999999972826e-04
9.812499999999973153e-04
1.058333333333332784e-03
1.024999999999997918e-03
1.054166666666665276e-03
1.022916666666664380e-03
1.006249999999997598e-03
9.666666666666640702e-04
1.018749999999997522e-03
1.037499999999998059e-03
1.122916666666667028e-03
1.074999999999999567e-03
9.833333333333306361e-04
9.708333333333307117e-04
9.541666666666641459e-04
1.010416666666664456e-03
1.081249999999999746e-03
1.093750000000000104e-03
1.068749999999999822e-03
9.979166666666640980e-04
1.045833333333331559e-03
1.004166666666664277e-03
9.958333333333307773e-04
1.049999999999999285e-03
9.208333333333309058e-04
1.008333333333330918e-03
1.041666666666665785e-03
9.895833333333305983e-04
1.022916666666664814e-03
9.937499999999974565e-04
9.895833333333305983e-04
1.058333333333333001e-03
9.312499999999977263e-04
1.033333333333331635e-03
1.014583333333330664e-03
1.060416666666665888e-03
9.999999999999974187e-04
9.145833333333309436e-04
1.054166666666665276e-03
9.583333333333307873e-04
9.354166666666643678e-04
1.081249999999999096e-03
9.979166666666640980e-04
1.031249999999998314e-03
1.054166666666665276e-03
1.056249999999999030e-03
9.708333333333308201e-04
1.085416666666665954e-03
1.037499999999998493e-03
1.041666666666665134e-03
9.604166666666641081e-04
1.045833333333331559e-03
1.043749999999998889e-03
1.104166666666667358e-03
1.024999999999997701e-03
1.091666666666667868e-03
1.018749999999997956e-03
9.770833333333306739e-04
1.077083333333333321e-03
1.083333333333332633e-03
1.037499999999998276e-03
1.014583333333330881e-03
9.791666666666642115e-04
1.029166666666664993e-03
1.035416666666664955e-03
1.033333333333331851e-03
9.958333333333307773e-04
1.068749999999999822e-03
1.112500000000001292e-03
9.624999999999974288e-04
1.043749999999999322e-03
9.937499999999974565e-04
1.083333333333333067e-03
9.499999999999975044e-04
1.002083333333330739e-03
1.029166666666665210e-03
1.052083333333332605e-03
1.043749999999998889e-03
1.037499999999998493e-03
1.027083333333331022e-03
9.499999999999975044e-04
9.312499999999976179e-04
9.687499999999976078e-04
9.812499999999975322e-04
1.118750000000001254e-03
1.102083333333333604e-03
1.074999999999998700e-03
1.008333333333331135e-03
1.041666666666665351e-03
9.791666666666639946e-04
1.066666666666666284e-03
1.020833333333331493e-03
1.002083333333330523e-03
1.010416666666664239e-03
1.041666666666664917e-03
9.999999999999974187e-04
1.014583333333331314e-03
9.604166666666642165e-04
1.054166666666665492e-03
1.041666666666664701e-03
1.037499999999999143e-03
1.056249999999999030e-03
9.999999999999974187e-04
9.770833333333308907e-04
1.056249999999999030e-03
1.045833333333332209e-03
1.016666666666664635e-03
1.037499999999998493e-03
1.089583333333333463e-03
1.091666666666665916e-03
1.027083333333331672e-03
9.895833333333305983e-04
9.749999999999973532e-04
1.029166666666664776e-03
1.041666666666664917e-03
1.014583333333331098e-03
1.018749999999998173e-03
1.029166666666664993e-03
1.087499999999999925e-03
1.008333333333330918e-03
9.749999999999974616e-04
9.958333333333307773e-04
1.049999999999999068e-03
1.070833333333333793e-03
9.895833333333308151e-04
1.089583333333333463e-03
1.047916666666665530e-03
1.008333333333330918e-03
9.791666666666639946e-04
1.081250000000000180e-03
1.012499999999997777e-03
1.070833333333332492e-03
9.937499999999974565e-04
9.958333333333307773e-04
1.022916666666664597e-03
1.020833333333331060e-03
9.937499999999974565e-04
1.010416666666664456e-03
1.012499999999997994e-03
1.020833333333331493e-03
1.022916666666665248e-03
1.020833333333331277e-03
1.114583333333334396e-03
9.437499999999975422e-04
9.249999999999977641e-04
1.091666666666666350e-03
9.958333333333307773e-04
9.791666666666642115e-04
9.666666666666640702e-04
9.270833333333308680e-04
1.112500000000000858e-03
1.043749999999998889e-03
1.066666666666666501e-03
9.854166666666639568e-04
1.106250000000000679e-03
1.006249999999997381e-03
9.895833333333308151e-04
9.812499999999975322e-04
1.043749999999999106e-03
1.095833333333333858e-03
9.437499999999975422e-04
1.012499999999997777e-03
1.022916666666664380e-03
9.729166666666641409e-04
1.054166666666665276e-03
1.024999999999997918e-03
9.333333333333308302e-04
1.047916666666665747e-03
1.052083333333331955e-03
1.039583333333331597e-03
1.037499999999998710e-03
9.666666666666639618e-04
1.020833333333331493e-03
1.033333333333331635e-03
1.056249999999999030e-03
9.666666666666639618e-04
1.095833333333333425e-03
1.079166666666665992e-03
1.008333333333331135e-03
1.052083333333331738e-03
9.937499999999974565e-04
9.687499999999972826e-04
9.604166666666641081e-04
1.027083333333331672e-03
9.854166666666639568e-04
9.979166666666640980e-04
1.033333333333331418e-03
9.791666666666639946e-04
9.812499999999973153e-04
9.583333333333307873e-04
1.016666666666664418e-03
9.958333333333307773e-04
1.022916666666664597e-03
1.041666666666665351e-03
1.095833333333333858e-03
1.014583333333331098e-03
1.104166666666666925e-03
1.058333333333333218e-03
1.018749999999997956e-03
1.054166666666665709e-03
1.020833333333331493e-03
1.002083333333330739e-03
9.333333333333310470e-04
1.043749999999999106e-03
9.583333333333307873e-04
9.437499999999974338e-04
9.999999999999974187e-04
1.010416666666664239e-03
1.016666666666664635e-03
1.024999999999998135e-03
1.037499999999998927e-03
9.499999999999975044e-04
9.979166666666640980e-04
1.043749999999998672e-03
9.999999999999974187e-04
9.958333333333307773e-04
1.035416666666665172e-03
1.047916666666664880e-03
9.770833333333306739e-04
1.045833333333332209e-03
1.056249999999998813e-03
9.958333333333307773e-04
9.895833333333305983e-04
1.016666666666664635e-03
9.708333333333307117e-04
9.708333333333308201e-04
9.395833333333309008e-04
9.979166666666640980e-04
1.002083333333330739e-03
1.027083333333331889e-03
1.062499999999998342e-03
1.052083333333332605e-03
9.979166666666640980e-04
1.047916666666665097e-03
9.708333333333308201e-04
9.374999999999975801e-04
1.054166666666665492e-03
1.027083333333331672e-03
1.085416666666666387e-03
1.024999999999997918e-03
1.074999999999998700e-03
1.006249999999997381e-03
9.854166666666639568e-04
9.874999999999974944e-04
1.114583333333332444e-03
9.833333333333308529e-04
1.016666666666664201e-03
1.062499999999998775e-03
9.874999999999972775e-04
9.958333333333307773e-04
1.049999999999998417e-03
9.687499999999976078e-04
9.354166666666642593e-04
1.062499999999998992e-03
1.087500000000000576e-03
1.052083333333331955e-03
1.008333333333331135e-03
9.208333333333309058e-04
1.033333333333331635e-03
1.095833333333333858e-03
1.027083333333331456e-03
1.004166666666664060e-03
1.041666666666665134e-03
9.833333333333308529e-04
1.060416666666665888e-03
1.037499999999998710e-03
1.112500000000001292e-03
1.104166666666666491e-03
1.066666666666666718e-03
1.024999999999998352e-03
9.645833333333307495e-04
9.458333333333307546e-04
9.937499999999974565e-04
1.068749999999998737e-03
1.077083333333333105e-03
9.458333333333309714e-04
1.022916666666664814e-03
1.006249999999997598e-03
1.024999999999998135e-03
9.895833333333305983e-04
1.008333333333331135e-03
1.116666666666667066e-03
1.016666666666664635e-03
1.020833333333331493e-03
1.027083333333331672e-03
9.687499999999972826e-04
9.479166666666641837e-04
9.437499999999975422e-04
9.312499999999977263e-04
1.037499999999998059e-03
1.018749999999997739e-03
1.018749999999997739e-03
1.066666666666665850e-03
9.583333333333306789e-04
1.010416666666664239e-03
1.016666666666664201e-03
1.120833333333334358e-03
1.022916666666664597e-03
1.049999999999998200e-03
1.014583333333331314e-03
9.854166666666639568e-04
1.010416666666664456e-03
9.791666666666642115e-04
1.043749999999998455e-03
1.014583333333330664e-03
9.895833333333305983e-04
1.137500000000001574e-03
1.018749999999997739e-03
1.027083333333331889e-03
9.437499999999975422e-04
1.037499999999998276e-03
1.022916666666664597e-03
1.079166666666666642e-03
1.064583333333332963e-03
1.020833333333331710e-03
1.033333333333331851e-03
1.068749999999999822e-03
9.958333333333307773e-04
9.854166666666639568e-04
1.064583333333332530e-03
9.999999999999974187e-04
1.004166666666664060e-03
1.077083333333332888e-03
9.999999999999974187e-04
1.045833333333331776e-03
1.060416666666665455e-03
1.066666666666666067e-03
9.812499999999973153e-04
9.770833333333306739e-04
1.018749999999997956e-03
9.708333333333308201e-04
9.937499999999974565e-04
1.037499999999998493e-03
1.054166666666665276e-03
1.060416666666665888e-03
9.270833333333307596e-04
1.079166666666666642e-03
1.014583333333331314e-03
1.058333333333331917e-03
9.770833333333306739e-04
9.604166666666642165e-04
9.354166666666642593e-04
1.052083333333331955e-03
1.031249999999998314e-03
1.029166666666664559e-03
1.033333333333331635e-03
1.016666666666664418e-03
1.033333333333331418e-03
1.008333333333331135e-03
9.937499999999974565e-04
1.047916666666666181e-03
1.035416666666664955e-03
9.479166666666640753e-04
1.035416666666664522e-03
1.072916666666666463e-03
1.049999999999999285e-03
1.049999999999998851e-03
9.520833333333308252e-04
1.068749999999999171e-03
1.022916666666664597e-03
9.187499999999975851e-04
1.056249999999999247e-03
1.033333333333331635e-03
1.068749999999999605e-03
1.049999999999998851e-03
9.541666666666641459e-04
1.056249999999999464e-03
1.064583333333333180e-03
1.014583333333331098e-03
1.060416666666665888e-03
1.024999999999998352e-03
1.097916666666666529e-03
9.791666666666639946e-04
9.520833333333308252e-04
9.812499999999975322e-04
1.043749999999999539e-03
9.854166666666641736e-04
1.008333333333330918e-03
1.049999999999999068e-03
1.027083333333331022e-03
1.016666666666664418e-03
9.874999999999972775e-04
9.249999999999976557e-04
9.187499999999975851e-04
9.874999999999974944e-04
1.031249999999998531e-03
9.874999999999972775e-04
1.027083333333331022e-03
9.895833333333305983e-04
1.029166666666664776e-03
1.077083333333333321e-03
1.037499999999998493e-03
9.812499999999973153e-04
1.022916666666664164e-03
1.014583333333331098e-03
1.041666666666665134e-03
9.854166666666641736e-04
1.016666666666664635e-03
1.089583333333333463e-03
9.979166666666640980e-04
1.056249999999999247e-03
1.081250000000000397e-03
1.075000000000000001e-03
1.066666666666665850e-03
1.004166666666664060e-03
1.058333333333332134e-03
1.033333333333331418e-03
1.039583333333331814e-03
1.052083333333331955e-03
1.056249999999997946e-03
1.091666666666667434e-03
1.043749999999998238e-03
9.791666666666639946e-04
1.033333333333332068e-03
9.458333333333308630e-04
1.081249999999999963e-03
1.016666666666664852e-03
1.004166666666664060e-03
1.054166666666665926e-03
9.583333333333307873e-04
1.037499999999998710e-03
1.031249999999998314e-03
1.066666666666666067e-03
1.054166666666665492e-03
1.018749999999998173e-03
9.520833333333308252e-04
9.999999999999974187e-04
1.058333333333332568e-03
1.018749999999997956e-03
9.874999999999972775e-04
1.064583333333332747e-03
1.056249999999999897e-03
1.043749999999998672e-03
9.666666666666640702e-04
1.008333333333331135e-03
9.874999999999972775e-04
1.016666666666664418e-03
9.854166666666639568e-04
1.022916666666664814e-03
1.056249999999999247e-03
1.062499999999999426e-03
9.979166666666638812e-04
9.687499999999974994e-04
1.114583333333333311e-03
1.072916666666666897e-03
1.052083333333332605e-03
1.091666666666666350e-03
9.624999999999973204e-04
1.068749999999999388e-03
1.029166666666664993e-03
9.833333333333306361e-04
9.187499999999975851e-04
1.027083333333331456e-03
1.006249999999997381e-03
1.060416666666665455e-03
9.395833333333307924e-04
1.031249999999998748e-03
9.312499999999976179e-04
1.072916666666665379e-03
9.145833333333309436e-04
1.068749999999999388e-03
9.749999999999974616e-04
1.056249999999999247e-03
1.004166666666664060e-03
9.645833333333307495e-04
9.666666666666641787e-04
9.270833333333309764e-04
9.104166666666641938e-04
8.520833333333312134e-04
9.020833333333310193e-04
8.395833333333312890e-04
7.604166666666648845e-04
7.895833333333313747e-04
7.541666666666648139e-04
8.229166666666646148e-04
7.374999999999981397e-04
7.395833333333315688e-04
6.416666666666651694e-04
7.124999999999982910e-04
6.916666666666649753e-04
6.249999999999986035e-04
6.520833333333317730e-04
6.291666666666653534e-04
6.312499999999984573e-04
6.437499999999983817e-04
5.937499999999986842e-04
5.624999999999987649e-04
5.770833333333320100e-04
5.229166666666654542e-04
6.166666666666652122e-04
5.541666666666654820e-04
4.729166666666657025e-04
5.833333333333321890e-04
5.958333333333321134e-04
5.874999999999987220e-04
5.812499999999987598e-04
5.624999999999988733e-04
5.124999999999989590e-04
5.874999999999988304e-04
5.729166666666653685e-04
5.562499999999989111e-04
5.124999999999989590e-04
5.208333333333322419e-04
4.770833333333323440e-04
5.416666666666655576e-04
5.979166666666655425e-04
5.479166666666656282e-04
5.395833333333322369e-04
5.374999999999989161e-04
5.312499999999988455e-04
5.624999999999988733e-04
5.499999999999988405e-04
5.083333333333323175e-04
4.979166666666657139e-04
5.833333333333321890e-04
5.291666666666655248e-04
5.812499999999987598e-04
5.604166666666655526e-04
5.562499999999988027e-04
5.479166666666655198e-04
5.812499999999986514e-04
5.916666666666654719e-04
5.020833333333324638e-04
5.874999999999988304e-04
5.124999999999988506e-04
5.520833333333322697e-04
5.270833333333322041e-04
5.687499999999987271e-04
5.749999999999987977e-04
5.874999999999987220e-04
5.208333333333322419e-04
4.791666666666656647e-04
4.874999999999991103e-04
5.583333333333321234e-04
5.395833333333323453e-04
5.354166666666657038e-04
5.458333333333321991e-04
5.708333333333321562e-04
6.062499999999987170e-04
5.749999999999987977e-04
5.062499999999989968e-04
5.812499999999988683e-04
5.812499999999988683e-04
5.291666666666655248e-04
5.791666666666654391e-04
5.999999999999987548e-04
5.562499999999989111e-04
4.999999999999989262e-04
5.312499999999989540e-04
5.291666666666655248e-04
5.312499999999989540e-04
5.541666666666655904e-04
6.083333333333319293e-04
6.270833333333319243e-04
5.624999999999987649e-04
5.541666666666655904e-04
5.916666666666653635e-04
5.708333333333320478e-04
5.812499999999986514e-04
5.666666666666655148e-04
5.333333333333321663e-04
5.395833333333322369e-04
6.104166666666652500e-04
5.687499999999988355e-04
5.270833333333322041e-04
5.312499999999988455e-04
5.958333333333320049e-04
6.270833333333319243e-04
5.541666666666654820e-04
5.645833333333319772e-04
6.104166666666654669e-04
5.687499999999987271e-04
5.937499999999986842e-04
6.020833333333319671e-04
5.249999999999988834e-04
5.916666666666653635e-04
5.895833333333320428e-04
6.187499999999986414e-04
5.624999999999987649e-04
5.749999999999986892e-04
5.333333333333320578e-04
6.208333333333319621e-04
5.458333333333321991e-04
6.208333333333317453e-04
5.999999999999987548e-04
5.624999999999987649e-04
5.958333333333320049e-04
6.062499999999987170e-04
5.583333333333321234e-04
6.166666666666652122e-04
6.833333333333316923e-04
6.354166666666652072e-04
5.895833333333320428e-04
6.520833333333318814e-04
5.604166666666654441e-04
6.041666666666652879e-04
5.749999999999986892e-04
6.083333333333319293e-04
5.562499999999988027e-04
5.687499999999986186e-04
5.854166666666652929e-04
6.104166666666652500e-04
5.916666666666654719e-04
6.208333333333318537e-04
5.624999999999987649e-04
6.729166666666650887e-04
6.437499999999984901e-04
6.166666666666652122e-04
5.729166666666652601e-04
5.999999999999987548e-04
5.729166666666653685e-04
6.333333333333318865e-04
6.166666666666652122e-04
6.249999999999986035e-04
6.041666666666653963e-04
6.624999999999983766e-04
6.020833333333319671e-04
5.999999999999986464e-04
5.624999999999987649e-04
5.729166666666653685e-04
5.645833333333321940e-04
7.020833333333315789e-04
6.333333333333318865e-04
6.062499999999987170e-04
5.999999999999987548e-04
5.729166666666652601e-04
5.833333333333320806e-04
6.499999999999985607e-04
6.041666666666652879e-04
6.937499999999984044e-04
6.124999999999985708e-04
6.041666666666653963e-04
5.770833333333319016e-04
6.083333333333319293e-04
6.020833333333319671e-04
6.374999999999985279e-04
5.833333333333321890e-04
5.958333333333320049e-04
6.395833333333318486e-04
6.354166666666652072e-04
6.020833333333320755e-04
6.062499999999986086e-04
6.395833333333317402e-04
6.270833333333320327e-04
6.020833333333320755e-04
5.520833333333321612e-04
6.083333333333319293e-04
6.562499999999984145e-04
6.520833333333316646e-04
6.291666666666651366e-04
6.437499999999984901e-04
6.770833333333317302e-04
6.416666666666652778e-04
5.979166666666655425e-04
6.729166666666650887e-04
6.562499999999984145e-04
6.020833333333320755e-04
6.166666666666651038e-04
6.666666666666651265e-04
6.145833333333318915e-04
5.770833333333321184e-04
6.291666666666654618e-04
6.187499999999986414e-04
6.333333333333318865e-04
6.416666666666652778e-04
6.812499999999984800e-04
6.249999999999986035e-04
6.312499999999985657e-04
7.166666666666650408e-04
7.062499999999982203e-04
6.895833333333316545e-04
6.645833333333319142e-04
6.520833333333316646e-04
6.333333333333319949e-04
6.395833333333319571e-04
6.374999999999985279e-04
6.229166666666652828e-04
6.708333333333318764e-04
6.687499999999985557e-04
6.520833333333316646e-04
6.374999999999985279e-04
7.124999999999982910e-04
6.624999999999983766e-04
6.520833333333317730e-04
6.562499999999984145e-04
6.249999999999987120e-04
6.770833333333318386e-04
6.437499999999985985e-04
6.562499999999985229e-04
6.166666666666652122e-04
7.374999999999981397e-04
6.770833333333317302e-04
6.895833333333316545e-04
7.124999999999981825e-04
6.770833333333318386e-04
6.770833333333318386e-04
6.937499999999984044e-04
6.479166666666651316e-04
6.458333333333318108e-04
6.479166666666651316e-04
6.270833333333319243e-04
6.687499999999985557e-04
6.479166666666652400e-04
6.624999999999983766e-04
6.541666666666650937e-04
6.374999999999984195e-04
6.666666666666651265e-04
7.437499999999981019e-04
7.312499999999982859e-04
6.499999999999984523e-04
6.874999999999984422e-04
6.562499999999984145e-04
6.854166666666650131e-04
6.458333333333318108e-04
6.791666666666650509e-04
6.770833333333318386e-04
6.104166666666652500e-04
7.354166666666648190e-04
7.104166666666649702e-04
6.333333333333318865e-04
6.333333333333318865e-04
7.229166666666650030e-04
7.124999999999983994e-04
6.916666666666650837e-04
6.812499999999982632e-04
7.041666666666650080e-04
6.770833333333318386e-04
6.708333333333318764e-04
7.291666666666649652e-04
7.229166666666650030e-04
6.562499999999984145e-04
6.979166666666648290e-04
7.583333333333315638e-04
6.895833333333317629e-04
7.187499999999983616e-04
6.979166666666649374e-04
7.062499999999983288e-04
6.666666666666651265e-04
7.187499999999982531e-04
7.062499999999982203e-04
6.979166666666650459e-04
6.833333333333318008e-04
6.645833333333319142e-04
7.062499999999982203e-04
6.791666666666651593e-04
6.624999999999982682e-04
6.479166666666652400e-04
7.124999999999983994e-04
6.958333333333316167e-04
6.916666666666649753e-04
6.708333333333317680e-04
6.958333333333316167e-04
7.541666666666648139e-04
7.229166666666651114e-04
7.374999999999982481e-04
7.208333333333316823e-04
6.666666666666652349e-04
6.291666666666652450e-04
6.812499999999983716e-04
7.312499999999981775e-04
6.416666666666651694e-04
7.791666666666646627e-04
7.916666666666646954e-04
6.541666666666650937e-04
7.333333333333317151e-04
7.562499999999982431e-04
7.374999999999981397e-04
7.208333333333315739e-04
6.916666666666649753e-04
7.041666666666650080e-04
6.729166666666650887e-04
7.687499999999979506e-04
6.854166666666651215e-04
7.479166666666647433e-04
7.187499999999984700e-04
7.499999999999980640e-04
6.708333333333318764e-04
6.854166666666650131e-04
6.749999999999984094e-04
6.916666666666650837e-04
7.499999999999979556e-04
7.333333333333314982e-04
7.062499999999983288e-04
7.062499999999983288e-04
6.937499999999984044e-04
7.895833333333313747e-04
6.854166666666651215e-04
7.749999999999981296e-04
6.958333333333317251e-04
7.041666666666648996e-04
7.499999999999981725e-04
7.479166666666648517e-04
7.249999999999981069e-04
7.562499999999981347e-04
7.749999999999981296e-04
6.874999999999983338e-04
7.312499999999982859e-04
7.270833333333315360e-04
7.562499999999981347e-04
6.708333333333317680e-04
7.145833333333316117e-04
6.645833333333316974e-04
7.187499999999982531e-04
7.354166666666649274e-04
7.645833333333315260e-04
6.770833333333318386e-04
7.479166666666648517e-04
6.833333333333316923e-04
7.145833333333317201e-04
6.791666666666650509e-04
7.479166666666647433e-04
7.583333333333315638e-04
7.291666666666649652e-04
6.604166666666651643e-04
7.854166666666647333e-04
7.645833333333315260e-04
6.416666666666651694e-04
8.333333333333312184e-04
7.437499999999982103e-04
8.208333333333312941e-04
8.249999999999980439e-04
8.208333333333312941e-04
6.499999999999985607e-04
7.249999999999982153e-04
7.395833333333314604e-04
7.083333333333317579e-04
7.208333333333316823e-04
7.270833333333315360e-04
7.354166666666650358e-04
8.437499999999979305e-04
7.020833333333315789e-04
7.937499999999980162e-04
7.166666666666649324e-04
6.749999999999984094e-04
7.520833333333316016e-04
7.604166666666648845e-04
7.374999999999981397e-04
7.374999999999981397e-04
7.958333333333313369e-04
7.874999999999980540e-04
7.520833333333316016e-04
7.416666666666648896e-04
7.604166666666647761e-04
6.958333333333317251e-04
7.520833333333316016e-04
7.374999999999982481e-04
6.874999999999983338e-04
7.479166666666649602e-04
7.833333333333314125e-04
7.687499999999980590e-04
7.374999999999982481e-04
7.333333333333314982e-04
6.874999999999984422e-04
7.166666666666649324e-04
7.604166666666647761e-04
7.666666666666648467e-04
8.458333333333312512e-04
7.979166666666646576e-04
7.374999999999982481e-04
7.166666666666650408e-04
8.645833333333311378e-04
7.729166666666648089e-04
7.812499999999980918e-04
7.166666666666650408e-04
7.645833333333314176e-04
7.124999999999982910e-04
7.604166666666647761e-04
7.687499999999980590e-04
7.187499999999983616e-04
7.708333333333313797e-04
7.874999999999980540e-04
7.604166666666648845e-04
6.812499999999984800e-04
7.562499999999981347e-04
7.895833333333313747e-04
7.645833333333315260e-04
7.874999999999980540e-04
7.437499999999982103e-04
7.145833333333317201e-04
7.624999999999980968e-04
8.104166666666645820e-04
7.916666666666645870e-04
7.687499999999981674e-04
8.083333333333313697e-04
7.812499999999980918e-04
7.645833333333315260e-04
7.874999999999979456e-04
8.104166666666647988e-04
7.833333333333313041e-04
7.749999999999980212e-04
6.624999999999983766e-04
7.583333333333315638e-04
8.187499999999979733e-04
8.541666666666646425e-04
7.291666666666649652e-04
7.187499999999982531e-04
7.999999999999979784e-04
7.354166666666649274e-04
8.374999999999977515e-04
8.479166666666645719e-04
7.812499999999982002e-04
7.416666666666648896e-04
7.562499999999981347e-04
7.499999999999982809e-04
7.833333333333315210e-04
7.249999999999983237e-04
7.958333333333314453e-04
8.062499999999980490e-04
7.958333333333314453e-04
6.979166666666649374e-04
7.770833333333314503e-04
7.958333333333314453e-04
7.979166666666647660e-04
7.729166666666648089e-04
8.062499999999980490e-04
8.104166666666645820e-04
7.229166666666650030e-04
7.437499999999982103e-04
7.666666666666648467e-04
7.395833333333315688e-04
7.187499999999983616e-04
7.854166666666647333e-04
8.395833333333312890e-04
8.333333333333311100e-04
7.666666666666647383e-04
7.770833333333313419e-04
7.624999999999980968e-04
7.520833333333316016e-04
8.354166666666646476e-04
9.562499999999974666e-04
7.666666666666648467e-04
7.166666666666649324e-04
7.854166666666646248e-04
7.604166666666648845e-04
7.937499999999980162e-04
8.395833333333312890e-04
7.937499999999977993e-04
8.062499999999980490e-04
8.333333333333312184e-04
8.124999999999980111e-04
8.604166666666644963e-04
7.520833333333316016e-04
7.687499999999981674e-04
7.562499999999982431e-04
7.749999999999981296e-04
8.166666666666646526e-04
7.999999999999980868e-04
8.187499999999979733e-04
7.541666666666648139e-04
7.687499999999980590e-04
8.666666666666643501e-04
8.187499999999980817e-04
8.270833333333313647e-04
8.104166666666645820e-04
7.791666666666646627e-04
7.312499999999982859e-04
9.062499999999976607e-04
8.270833333333312562e-04
7.458333333333315310e-04
