5.999999999999985380e-04
7.638888888888869773e-04
8.055555555555535003e-04
8.499999999999975674e-04
1.030555555555552789e-03
1.036111111111108311e-03
1.136111111111107923e-03
1.224999999999996274e-03
1.377777777777773561e-03
1.455555555555551302e-03
1.499999999999995478e-03
1.636111111111106416e-03
1.783333333333328181e-03
1.855555555555549966e-03
1.872222222222216749e-03
1.858333333333327944e-03
2.041666666666660818e-03
2.005555555555549492e-03
1.880555555555550032e-03
2.041666666666660385e-03
2.074999999999993950e-03
2.080555555555549472e-03
2.105555555555549321e-03
2.074999999999993950e-03
2.108333333333327082e-03
2.191666666666660344e-03
2.047222222222216340e-03
2.066666666666660667e-03
2.277777777777770501e-03
2.277777777777770934e-03
2.169444444444437823e-03
2.047222222222216340e-03
2.330555555555548393e-03
2.130555555555549169e-03
2.174999999999993779e-03
2.299999999999993022e-03
2.380555555555548090e-03
2.230555555555548998e-03
2.180555555555549301e-03
2.233333333333326325e-03
2.252777777777771086e-03
2.294444444444437500e-03
2.174999999999993779e-03
2.163888888888882735e-03
2.299999999999993022e-03
2.233333333333326759e-03
2.305555555555548544e-03
2.352777777777770914e-03
2.277777777777771368e-03
2.480555555555547919e-03
2.369444444444437480e-03
2.191666666666660344e-03
2.333333333333326588e-03
2.161111111111104974e-03
2.344444444444437631e-03
2.288888888888881978e-03
2.344444444444437631e-03
2.449999999999992548e-03
2.341666666666659437e-03
2.469444444444436875e-03
2.288888888888881978e-03
2.269444444444437652e-03
2.269444444444437652e-03
2.305555555555548544e-03
2.366666666666660153e-03
2.499999999999992246e-03
2.327777777777770198e-03
2.252777777777771086e-03
2.322222222222215110e-03
2.438888888888881504e-03
2.372222222222215241e-03
2.408333333333326134e-03
2.291666666666659739e-03
2.247222222222215564e-03
2.399999999999992851e-03
2.188888888888882583e-03
2.336111111111104349e-03
2.499999999999992679e-03
2.319444444444437349e-03
2.311111111111104066e-03
2.366666666666660153e-03
2.344444444444437198e-03
2.316666666666659588e-03
2.216666666666660193e-03
2.188888888888882583e-03
2.366666666666659719e-03
2.394444444444437329e-03
2.363888888888881958e-03
2.313888888888881827e-03
2.283333333333326456e-03
2.233333333333326759e-03
2.474999999999992397e-03
2.327777777777770632e-03
2.461111111111103592e-03
2.480555555555547919e-03
2.288888888888881978e-03
2.433333333333325983e-03
2.211111111111104671e-03
2.458333333333325831e-03
2.405555555555548373e-03
2.274999999999993174e-03
2.349999999999993153e-03
2.411111111111103895e-03
2.322222222222215110e-03
2.377777777777770763e-03
2.222222222222215715e-03
2.163888888888882735e-03
2.408333333333326134e-03
2.480555555555547919e-03
2.411111111111103895e-03
2.299999999999993022e-03
2.441666666666659265e-03
2.213888888888882432e-03
2.366666666666659286e-03
2.416666666666659417e-03
2.461111111111103592e-03
2.313888888888881827e-03
2.344444444444437631e-03
2.322222222222215110e-03
2.455555555555548070e-03
2.297222222222215261e-03
2.336111111111104349e-03
2.549999999999992377e-03
2.349999999999993153e-03
2.283333333333326456e-03
2.233333333333326759e-03
2.397222222222215090e-03
2.197222222222215866e-03
2.272222222222215413e-03
2.327777777777770632e-03
2.411111111111103895e-03
2.311111111111104066e-03
2.305555555555548544e-03
2.330555555555548393e-03
2.352777777777770914e-03
2.302777777777770783e-03
2.272222222222215413e-03
2.405555555555548373e-03
2.383333333333326285e-03
2.280555555555548695e-03
2.322222222222215110e-03
2.352777777777770914e-03
2.386111111111104046e-03
2.411111111111103895e-03
2.297222222222215261e-03
2.461111111111103592e-03
2.302777777777770783e-03
2.327777777777770632e-03
2.363888888888881958e-03
2.383333333333326285e-03
2.358333333333326436e-03
2.216666666666660193e-03
2.313888888888881827e-03
2.274999999999993174e-03
2.369444444444437480e-03
2.299999999999993022e-03
2.299999999999993022e-03
2.444444444444437026e-03
2.372222222222215241e-03
2.316666666666659588e-03
2.374999999999993436e-03
2.444444444444437026e-03
2.274999999999993174e-03
2.311111111111104066e-03
2.383333333333326285e-03
2.394444444444437329e-03
2.372222222222215241e-03
2.427777777777770461e-03
2.308333333333326305e-03
2.316666666666659588e-03
2.433333333333325983e-03
2.374999999999993002e-03
2.283333333333326456e-03
2.130555555555549169e-03
2.358333333333326436e-03
2.324999999999992871e-03
2.388888888888881807e-03
2.155555555555549018e-03
2.294444444444437500e-03
2.313888888888881827e-03
2.166666666666660496e-03
2.163888888888882735e-03
2.355555555555548675e-03
2.308333333333326305e-03
2.211111111111104238e-03
2.399999999999992851e-03
2.283333333333326456e-03
2.277777777777770501e-03
2.361111111111104197e-03
2.338888888888882110e-03
2.419444444444437178e-03
2.488888888888881202e-03
2.433333333333325983e-03
2.283333333333326456e-03
2.363888888888881958e-03
2.291666666666659739e-03
2.377777777777770763e-03
2.352777777777770914e-03
2.166666666666660496e-03
2.388888888888881373e-03
2.297222222222215261e-03
2.319444444444437349e-03
2.263888888888882130e-03
2.302777777777770783e-03
2.391666666666659568e-03
2.405555555555548373e-03
2.497222222222214051e-03
2.413888888888881656e-03
2.283333333333326456e-03
2.272222222222215413e-03
2.205555555555549149e-03
2.311111111111104066e-03
2.413888888888881656e-03
2.366666666666659719e-03
2.324999999999992871e-03
2.311111111111104066e-03
2.363888888888881958e-03
2.241666666666660042e-03
2.397222222222215090e-03
2.249999999999993325e-03
2.358333333333326436e-03
2.405555555555548373e-03
2.336111111111104349e-03
2.383333333333326285e-03
2.402777777777770612e-03
2.394444444444437329e-03
2.274999999999993174e-03
2.355555555555548675e-03
2.374999999999993002e-03
2.219444444444437954e-03
2.211111111111104238e-03
2.519444444444437006e-03
2.291666666666659739e-03
2.377777777777770763e-03
2.369444444444437480e-03
2.372222222222214807e-03
2.247222222222215564e-03
2.391666666666659568e-03
2.377777777777770763e-03
2.461111111111103592e-03
2.472222222222214202e-03
2.361111111111104197e-03
2.380555555555548090e-03
2.261111111111104369e-03
2.377777777777770763e-03
2.180555555555548867e-03
2.313888888888881827e-03
2.427777777777770461e-03
2.283333333333326456e-03
2.583333333333325509e-03
2.283333333333326456e-03
2.436111111111103743e-03
2.297222222222215261e-03
2.366666666666659719e-03
2.416666666666659417e-03
2.347222222222215392e-03
2.430555555555548222e-03
2.369444444444437480e-03
2.255555555555548847e-03
2.399999999999992851e-03
2.219444444444437954e-03
2.438888888888881071e-03
2.405555555555548373e-03
2.252777777777771086e-03
2.216666666666660193e-03
2.399999999999992851e-03
2.349999999999993153e-03
2.344444444444437631e-03
2.483333333333325680e-03
2.363888888888881958e-03
2.302777777777770783e-03
2.255555555555548847e-03
2.411111111111103895e-03
2.202777777777771388e-03
2.372222222222215241e-03
2.347222222222214959e-03
2.227777777777771237e-03
2.416666666666659417e-03
2.358333333333326436e-03
2.197222222222215866e-03
2.491666666666659397e-03
2.363888888888881958e-03
2.433333333333325983e-03
2.305555555555548544e-03
2.280555555555548695e-03
2.280555555555548695e-03
2.416666666666659417e-03
2.347222222222214959e-03
2.283333333333326456e-03
2.327777777777770632e-03
2.347222222222215392e-03
2.274999999999993174e-03
2.405555555555548373e-03
2.483333333333325680e-03
2.305555555555548544e-03
2.344444444444437631e-03
2.205555555555549149e-03
2.372222222222215241e-03
2.313888888888881827e-03
2.405555555555548373e-03
2.299999999999993022e-03
2.197222222222215866e-03
2.411111111111103895e-03
2.458333333333326265e-03
2.349999999999993153e-03
2.261111111111104369e-03
2.513888888888881484e-03
2.269444444444437652e-03
2.369444444444437480e-03
2.274999999999993174e-03
2.383333333333326285e-03
2.261111111111104369e-03
2.511111111111103723e-03
2.502777777777770007e-03
2.502777777777770007e-03
2.305555555555548544e-03
2.258333333333326608e-03
2.508333333333325962e-03
2.461111111111103592e-03
2.361111111111104197e-03
2.241666666666660042e-03
2.216666666666660193e-03
2.372222222222215241e-03
2.466666666666659114e-03
2.249999999999992891e-03
2.199999999999993627e-03
2.383333333333326285e-03
2.274999999999993174e-03
2.297222222222215261e-03
2.205555555555549149e-03
2.286111111111104217e-03
2.366666666666659719e-03
2.472222222222214636e-03
2.316666666666659588e-03
2.383333333333326285e-03
2.402777777777770612e-03
2.247222222222215564e-03
2.305555555555548544e-03
2.427777777777770461e-03
2.391666666666659568e-03
2.280555555555548695e-03
2.374999999999993002e-03
2.324999999999992871e-03
2.436111111111103743e-03
2.380555555555548524e-03
2.469444444444436875e-03
2.308333333333326305e-03
2.333333333333326588e-03
2.416666666666659417e-03
2.391666666666659568e-03
2.305555555555548111e-03
2.272222222222215413e-03
2.369444444444437047e-03
2.377777777777771197e-03
2.336111111111104349e-03
2.174999999999993779e-03
2.302777777777770783e-03
2.280555555555548695e-03
2.386111111111104046e-03
2.413888888888881656e-03
2.249999999999993325e-03
2.374999999999993002e-03
2.474999999999992397e-03
2.349999999999993153e-03
2.297222222222215261e-03
2.399999999999992851e-03
2.344444444444437631e-03
2.222222222222215715e-03
2.483333333333325680e-03
2.405555555555548373e-03
2.252777777777771086e-03
2.338888888888882110e-03
2.291666666666659739e-03
2.444444444444437026e-03
2.324999999999992871e-03
2.369444444444437480e-03
2.408333333333326134e-03
2.358333333333326436e-03
2.377777777777770763e-03
2.397222222222215090e-03
2.402777777777770612e-03
2.347222222222215392e-03
2.358333333333326436e-03
2.297222222222215261e-03
2.247222222222215564e-03
2.466666666666659114e-03
2.338888888888882110e-03
2.333333333333326588e-03
2.374999999999993002e-03
2.366666666666659719e-03
2.324999999999993305e-03
2.341666666666659870e-03
2.399999999999992851e-03
2.505555555555548201e-03
2.391666666666659568e-03
2.466666666666659114e-03
2.383333333333326285e-03
2.361111111111104197e-03
2.555555555555547899e-03
2.336111111111104349e-03
2.374999999999993002e-03
2.388888888888881807e-03
2.380555555555548524e-03
2.433333333333325983e-03
2.322222222222215544e-03
2.330555555555548393e-03
2.511111111111103723e-03
2.319444444444437349e-03
2.227777777777771237e-03
2.236111111111104520e-03
2.422222222222214939e-03
2.322222222222215110e-03
2.502777777777770007e-03
2.397222222222215090e-03
2.330555555555548393e-03
2.511111111111103723e-03
2.416666666666659850e-03
2.372222222222215241e-03
2.380555555555548524e-03
2.449999999999992548e-03
2.252777777777771086e-03
2.366666666666659719e-03
2.361111111111104197e-03
2.405555555555548373e-03
2.441666666666659265e-03
2.349999999999993153e-03
2.413888888888881656e-03
2.324999999999992871e-03
2.252777777777771086e-03
2.291666666666659739e-03
2.299999999999993022e-03
2.336111111111104349e-03
2.372222222222214807e-03
2.455555555555548070e-03
2.405555555555548373e-03
2.511111111111103723e-03
2.252777777777771086e-03
2.408333333333325700e-03
2.419444444444437178e-03
2.402777777777770612e-03
2.574999999999992226e-03
2.544444444444436855e-03
2.441666666666659265e-03
2.316666666666659588e-03
2.372222222222215241e-03
2.413888888888881656e-03
2.366666666666659719e-03
2.424999999999992700e-03
2.458333333333325831e-03
2.349999999999993153e-03
2.374999999999993002e-03
2.266666666666659891e-03
2.411111111111103895e-03
2.333333333333326588e-03
2.197222222222215866e-03
2.352777777777770914e-03
2.238888888888882281e-03
2.316666666666659588e-03
2.330555555555548393e-03
2.280555555555548695e-03
2.305555555555548544e-03
2.438888888888881504e-03
2.369444444444437480e-03
2.461111111111103592e-03
2.286111111111104217e-03
2.266666666666659457e-03
2.344444444444437631e-03
2.324999999999992871e-03
2.419444444444437178e-03
2.569444444444436704e-03
2.397222222222215090e-03
2.324999999999992871e-03
2.349999999999993153e-03
2.405555555555548373e-03
2.330555555555548393e-03
2.397222222222215090e-03
2.388888888888881807e-03
2.402777777777770612e-03
2.313888888888881827e-03
2.302777777777770783e-03
2.394444444444437329e-03
2.297222222222215261e-03
2.302777777777770783e-03
2.272222222222215413e-03
2.322222222222215110e-03
2.299999999999993022e-03
2.413888888888881656e-03
2.249999999999993325e-03
2.366666666666659719e-03
2.324999999999992871e-03
2.305555555555548544e-03
2.308333333333326305e-03
2.338888888888882110e-03
2.408333333333326134e-03
2.219444444444437954e-03
2.419444444444437178e-03
2.502777777777770007e-03
2.291666666666659739e-03
2.227777777777771237e-03
2.316666666666659154e-03
2.513888888888881484e-03
2.238888888888882281e-03
2.397222222222215090e-03
2.372222222222215241e-03
2.247222222222215130e-03
2.344444444444437631e-03
2.327777777777770632e-03
2.369444444444437480e-03
2.424999999999992700e-03
2.327777777777770632e-03
2.313888888888881393e-03
2.269444444444437218e-03
2.449999999999992548e-03
2.258333333333326608e-03
2.305555555555548544e-03
2.322222222222214676e-03
2.444444444444436593e-03
2.380555555555548524e-03
2.252777777777771086e-03
2.391666666666659568e-03
2.383333333333325851e-03
2.380555555555548524e-03
2.433333333333325983e-03
2.205555555555549149e-03
2.205555555555549149e-03
2.324999999999993305e-03
2.430555555555548222e-03
2.449999999999992548e-03
2.366666666666659719e-03
2.272222222222215413e-03
2.355555555555548675e-03
2.494444444444437158e-03
2.422222222222214939e-03
2.397222222222215090e-03
2.416666666666659417e-03
2.324999999999992871e-03
2.241666666666660042e-03
2.363888888888881958e-03
2.224999999999993476e-03
2.252777777777771086e-03
2.194444444444438105e-03
2.299999999999993022e-03
2.255555555555548847e-03
2.144444444444437974e-03
2.258333333333326608e-03
2.347222222222215392e-03
2.369444444444437480e-03
2.413888888888881656e-03
2.374999999999993002e-03
2.313888888888881827e-03
2.205555555555548716e-03
2.352777777777770914e-03
2.402777777777770612e-03
2.380555555555548524e-03
2.416666666666659417e-03
2.261111111111104369e-03
2.299999999999993022e-03
2.294444444444437500e-03
2.566666666666658943e-03
2.355555555555548675e-03
2.402777777777770612e-03
2.308333333333326305e-03
2.383333333333326285e-03
2.302777777777770783e-03
2.236111111111104520e-03
2.494444444444436724e-03
2.447222222222214787e-03
2.313888888888881827e-03
2.372222222222215241e-03
2.399999999999992851e-03
2.227777777777771237e-03
2.283333333333326456e-03
2.436111111111103743e-03
2.402777777777770612e-03
2.233333333333326759e-03
2.324999999999992871e-03
2.294444444444437500e-03
2.288888888888881978e-03
2.394444444444437329e-03
2.469444444444436875e-03
2.486111111111103441e-03
2.102777777777771560e-03
2.380555555555548524e-03
2.402777777777770612e-03
2.305555555555548544e-03
2.447222222222214787e-03
2.186111111111104822e-03
2.269444444444437652e-03
2.236111111111104520e-03
2.297222222222215261e-03
2.424999999999992700e-03
2.299999999999992589e-03
2.383333333333326285e-03
2.291666666666659739e-03
2.272222222222215413e-03
2.405555555555548373e-03
2.280555555555548695e-03
2.258333333333326608e-03
2.297222222222215261e-03
2.444444444444436593e-03
2.299999999999993022e-03
2.455555555555548070e-03
2.311111111111104066e-03
2.402777777777770612e-03
2.322222222222215110e-03
2.172222222222216018e-03
2.455555555555548070e-03
2.366666666666659719e-03
2.216666666666660193e-03
2.319444444444437349e-03
2.308333333333326305e-03
2.419444444444437178e-03
2.402777777777770612e-03
2.424999999999993133e-03
2.374999999999993002e-03
2.399999999999992851e-03
2.430555555555548222e-03
2.324999999999992871e-03
2.286111111111104217e-03
2.355555555555548675e-03
2.302777777777770783e-03
2.333333333333326588e-03
2.380555555555548524e-03
2.313888888888881827e-03
2.358333333333326436e-03
2.247222222222215564e-03
2.230555555555548998e-03
2.266666666666659457e-03
2.349999999999993153e-03
2.519444444444437006e-03
2.388888888888881807e-03
2.224999999999993476e-03
2.366666666666659719e-03
2.274999999999993174e-03
2.327777777777770632e-03
2.347222222222215392e-03
2.444444444444437026e-03
2.272222222222215413e-03
2.311111111111104066e-03
2.377777777777770763e-03
2.361111111111103764e-03
2.499999999999991812e-03
2.422222222222214939e-03
2.394444444444437329e-03
2.399999999999992851e-03
2.263888888888882130e-03
2.338888888888882110e-03
2.355555555555548675e-03
2.402777777777770612e-03
2.430555555555548222e-03
2.283333333333326456e-03
2.308333333333326305e-03
2.358333333333326436e-03
2.272222222222215413e-03
2.347222222222215392e-03
2.391666666666659568e-03
2.427777777777770461e-03
2.355555555555548675e-03
2.347222222222215392e-03
2.469444444444436441e-03
2.266666666666659891e-03
2.394444444444437329e-03
2.244444444444437803e-03
2.369444444444437480e-03
2.369444444444437480e-03
2.202777777777771388e-03
2.308333333333326305e-03
2.199999999999993627e-03
2.380555555555548524e-03
2.372222222222215241e-03
2.352777777777770914e-03
2.349999999999993153e-03
2.374999999999993002e-03
2.283333333333326456e-03
2.308333333333326305e-03
2.363888888888881958e-03
2.305555555555548544e-03
2.386111111111104046e-03
2.322222222222215110e-03
2.422222222222214939e-03
2.411111111111103895e-03
2.316666666666659588e-03
2.355555555555548242e-03
2.558333333333325660e-03
2.311111111111104066e-03
2.416666666666659417e-03
2.316666666666659588e-03
2.491666666666658963e-03
2.511111111111103723e-03
2.338888888888882110e-03
2.380555555555548524e-03
2.302777777777770783e-03
2.480555555555547485e-03
2.352777777777770914e-03
2.424999999999992700e-03
2.369444444444437480e-03
2.358333333333326436e-03
2.413888888888881222e-03
2.305555555555548111e-03
2.374999999999993002e-03
2.277777777777770934e-03
2.294444444444437500e-03
2.341666666666659870e-03
2.305555555555548544e-03
2.302777777777770350e-03
2.341666666666659437e-03
2.405555555555548373e-03
2.344444444444437198e-03
2.238888888888881847e-03
2.349999999999993153e-03
2.269444444444437652e-03
2.319444444444437349e-03
2.363888888888881958e-03
2.233333333333326759e-03
2.369444444444437480e-03
2.266666666666659891e-03
2.299999999999993022e-03
2.399999999999992851e-03
2.438888888888881504e-03
2.486111111111103441e-03
2.330555555555548393e-03
2.441666666666659265e-03
2.255555555555548847e-03
2.377777777777770763e-03
2.263888888888882130e-03
2.394444444444437329e-03
2.311111111111104066e-03
2.369444444444437480e-03
2.397222222222215090e-03
2.305555555555548544e-03
2.363888888888881958e-03
2.294444444444437500e-03
2.391666666666659568e-03
2.291666666666659739e-03
2.333333333333326588e-03
2.458333333333325831e-03
2.383333333333325851e-03
2.358333333333326436e-03
2.330555555555548393e-03
2.397222222222215090e-03
2.519444444444437006e-03
2.408333333333326134e-03
2.283333333333326456e-03
2.341666666666659870e-03
2.247222222222215564e-03
2.266666666666659891e-03
2.358333333333326436e-03
2.255555555555549280e-03
2.419444444444437178e-03
2.630555555555547445e-03
2.408333333333326134e-03
2.224999999999993476e-03
2.336111111111104349e-03
2.463888888888881353e-03
2.358333333333326436e-03
2.322222222222215110e-03
2.294444444444437500e-03
2.388888888888881807e-03
2.388888888888881807e-03
2.533333333333325811e-03
2.374999999999993002e-03
2.338888888888882110e-03
2.241666666666660042e-03
2.355555555555548675e-03
2.394444444444437329e-03
2.366666666666659719e-03
2.302777777777770783e-03
2.288888888888881978e-03
2.399999999999992417e-03
2.386111111111104046e-03
2.324999999999992871e-03
2.255555555555548847e-03
2.388888888888881807e-03
2.411111111111103461e-03
2.302777777777770783e-03
2.369444444444437480e-03
2.358333333333326436e-03
2.224999999999993476e-03
2.322222222222215110e-03
2.297222222222215261e-03
2.347222222222215392e-03
2.441666666666659265e-03
2.374999999999993002e-03
2.574999999999992226e-03
2.291666666666659739e-03
2.311111111111104066e-03
2.386111111111104046e-03
2.319444444444437349e-03
2.211111111111104671e-03
2.338888888888882110e-03
2.397222222222215090e-03
2.205555555555549149e-03
2.341666666666659870e-03
2.516666666666659245e-03
2.313888888888881827e-03
2.324999999999992437e-03
2.386111111111104046e-03
2.347222222222214959e-03
2.305555555555548111e-03
2.313888888888881827e-03
2.449999999999992548e-03
2.186111111111104822e-03
2.369444444444437480e-03
2.444444444444437026e-03
2.344444444444437631e-03
2.380555555555548524e-03
2.536111111111103572e-03
2.399999999999992851e-03
2.302777777777770783e-03
2.241666666666660042e-03
2.402777777777770612e-03
2.230555555555548998e-03
2.422222222222214939e-03
2.358333333333326436e-03
2.411111111111103895e-03
2.358333333333326003e-03
2.294444444444437500e-03
2.427777777777770461e-03
2.358333333333326436e-03
2.224999999999993476e-03
2.249999999999993325e-03
2.461111111111103592e-03
2.327777777777770632e-03
2.344444444444437631e-03
2.255555555555549280e-03
2.305555555555548544e-03
2.374999999999993002e-03
2.491666666666658963e-03
2.297222222222215261e-03
2.311111111111104066e-03
2.488888888888881202e-03
2.302777777777770783e-03
2.258333333333326608e-03
2.316666666666659588e-03
2.397222222222215090e-03
2.541666666666659094e-03
2.474999999999992397e-03
2.330555555555548393e-03
2.324999999999992871e-03
2.358333333333326436e-03
2.347222222222215392e-03
2.341666666666659870e-03
2.369444444444437480e-03
2.388888888888881807e-03
2.388888888888881807e-03
2.388888888888881807e-03
2.497222222222214485e-03
2.291666666666659739e-03
2.280555555555548695e-03
2.266666666666659891e-03
2.438888888888881938e-03
2.294444444444437067e-03
2.513888888888881484e-03
2.286111111111104217e-03
2.302777777777770783e-03
2.419444444444437178e-03
2.352777777777770914e-03
2.327777777777770632e-03
2.377777777777770763e-03
2.463888888888881353e-03
2.388888888888881807e-03
2.247222222222215564e-03
2.322222222222215110e-03
2.305555555555548544e-03
2.388888888888881807e-03
2.530555555555548050e-03
2.188888888888882150e-03
2.302777777777770783e-03
2.374999999999993002e-03
2.472222222222214636e-03
2.486111111111103441e-03
2.380555555555548524e-03
2.322222222222214676e-03
2.397222222222215090e-03
2.247222222222215564e-03
2.336111111111104349e-03
2.438888888888881504e-03
2.311111111111103632e-03
2.461111111111103592e-03
2.461111111111103592e-03
2.349999999999993153e-03
2.302777777777770783e-03
2.366666666666659719e-03
2.238888888888882281e-03
2.463888888888881353e-03
2.297222222222215261e-03
2.302777777777770783e-03
2.255555555555548413e-03
2.316666666666659588e-03
2.233333333333326759e-03
2.291666666666659739e-03
2.286111111111104217e-03
2.316666666666659588e-03
2.372222222222215241e-03
2.277777777777770934e-03
2.366666666666659719e-03
2.349999999999993153e-03
2.458333333333325831e-03
2.499999999999992246e-03
2.311111111111103632e-03
2.233333333333326759e-03
2.316666666666659588e-03
2.333333333333326588e-03
2.361111111111104197e-03
2.461111111111103592e-03
2.294444444444437500e-03
2.230555555555548564e-03
2.274999999999993174e-03
2.119444444444438126e-03
2.405555555555548373e-03
2.305555555555548544e-03
2.083333333333327233e-03
2.377777777777770763e-03
2.316666666666659588e-03
2.444444444444437026e-03
2.411111111111103895e-03
2.361111111111104197e-03
2.313888888888881827e-03
2.416666666666659417e-03
2.302777777777770783e-03
2.391666666666659568e-03
2.388888888888881807e-03
2.211111111111104671e-03
2.361111111111104197e-03
2.388888888888881807e-03
2.288888888888881978e-03
2.502777777777770007e-03
2.377777777777770763e-03
2.480555555555547919e-03
2.227777777777771237e-03
2.366666666666659719e-03
2.363888888888881958e-03
2.336111111111104349e-03
2.269444444444437652e-03
2.408333333333326134e-03
2.280555555555548695e-03
2.333333333333326588e-03
2.269444444444437218e-03
2.433333333333325983e-03
2.263888888888882130e-03
2.477777777777770158e-03
2.247222222222215564e-03
2.424999999999992700e-03
2.533333333333325811e-03
2.469444444444436875e-03
2.352777777777770914e-03
2.349999999999993153e-03
2.305555555555548544e-03
2.344444444444437198e-03
2.324999999999992871e-03
2.486111111111103441e-03
2.438888888888881504e-03
2.447222222222214787e-03
2.344444444444437631e-03
2.461111111111103592e-03
2.366666666666659719e-03
2.472222222222214636e-03
2.336111111111104782e-03
2.352777777777770914e-03
2.349999999999993153e-03
2.374999999999993002e-03
2.416666666666659417e-03
2.227777777777770803e-03
2.288888888888881978e-03
2.363888888888881958e-03
2.272222222222215413e-03
2.291666666666659739e-03
2.344444444444437631e-03
2.466666666666659114e-03
2.361111111111104197e-03
2.238888888888882281e-03
2.338888888888882110e-03
2.419444444444437178e-03
2.430555555555548222e-03
2.255555555555548847e-03
2.291666666666659739e-03
2.286111111111104217e-03
2.283333333333326456e-03
2.324999999999992871e-03
2.319444444444437349e-03
2.438888888888881504e-03
2.355555555555548675e-03
2.213888888888882432e-03
2.413888888888881656e-03
2.380555555555548524e-03
2.369444444444437047e-03
2.297222222222215261e-03
2.449999999999992548e-03
2.469444444444436875e-03
2.258333333333326608e-03
2.383333333333326285e-03
2.288888888888881978e-03
2.302777777777770783e-03
2.436111111111103743e-03
2.402777777777770612e-03
2.488888888888881636e-03
2.291666666666659739e-03
2.508333333333325962e-03
2.452777777777770309e-03
2.369444444444437480e-03
2.519444444444437006e-03
2.808333333333324581e-03
3.008333333333323804e-03
3.255555555555545832e-03
3.324999999999989422e-03
3.777777777777766195e-03
3.922222222222209766e-03
3.852777777777765741e-03
3.827777777777765893e-03
3.958333333333320658e-03
4.061111111111099549e-03
4.497222222222234909e-03
4.061111111111101284e-03
4.383333333333338903e-03
4.297222222222223977e-03
4.283333333333336906e-03
4.425000000000007920e-03
4.555555555555566155e-03
4.372222222222229594e-03
4.230555555555551642e-03
4.455555555555561556e-03
4.375000000000004753e-03
4.505555555555563856e-03
4.419444444444449796e-03
4.533333333333345802e-03
4.538888888888903926e-03
4.608333333333347083e-03
4.516666666666671430e-03
4.411111111111119983e-03
4.391666666666674788e-03
4.391666666666673921e-03
4.305555555555557259e-03
4.038888888888879196e-03
4.391666666666671319e-03
4.430555555555560840e-03
4.308333333333335020e-03
4.294444444444442746e-03
4.419444444444453265e-03
4.522222222222229554e-03
4.166666666666659670e-03
4.330555555555560578e-03
4.144444444444436715e-03
4.286111111111108596e-03
4.172222222222215192e-03
4.286111111111109463e-03
4.294444444444444481e-03
4.186111111111107466e-03
4.094444444444437017e-03
4.347222222222229746e-03
4.127777777777773618e-03
4.194444444444439882e-03
4.319444444444447799e-03
4.099999999999989937e-03
4.208333333333331289e-03
4.397222222222225106e-03
4.302777777777779498e-03
4.130555555555548777e-03
4.219444444444444067e-03
4.016666666666655373e-03
4.055555555555546629e-03
3.797222222222210088e-03
4.266666666666666871e-03
4.216666666666668041e-03
4.172222222222216927e-03
4.233333333333332005e-03
4.080555555555546478e-03
3.955555555555542897e-03
4.105555555555548929e-03
4.149999999999994839e-03
4.069444444444433699e-03
4.080555555555545610e-03
4.058333333333323523e-03
4.233333333333334607e-03
4.008333333333322090e-03
3.958333333333320658e-03
3.922222222222209766e-03
3.997222222222210179e-03
3.747222222222210825e-03
3.966666666666653941e-03
4.105555555555548061e-03
4.302777777777781233e-03
4.108333333333326690e-03
4.058333333333323523e-03
3.872222222222210068e-03
3.827777777777765893e-03
4.088888888888883230e-03
4.247222222222220810e-03
4.049999999999990240e-03
3.747222222222210825e-03
3.833333333333320981e-03
3.883333333333321112e-03
3.705555555555543976e-03
4.058333333333323523e-03
3.891666666666654829e-03
4.061111111111102151e-03
4.099999999999994274e-03
4.024999999999988656e-03
3.869444444444432307e-03
3.905555555555543634e-03
3.944444444444431853e-03
3.961111111111098419e-03
3.869444444444432307e-03
4.036111111111099700e-03
3.855555555555543502e-03
3.872222222222210068e-03
3.874999999999987829e-03
3.858333333333320830e-03
4.119444444444437733e-03
3.922222222222209766e-03
3.738888888888877542e-03
3.674999999999988606e-03
3.799999999999988283e-03
3.783333333333321717e-03
3.855555555555543502e-03
3.816666666666654849e-03
3.980555555555543613e-03
3.913888888888876483e-03
4.030555555555545046e-03
3.841666666666654698e-03
3.952777777777765136e-03
3.827777777777765893e-03
3.736111111111099781e-03
3.799999999999988283e-03
3.830555555555543654e-03
3.844444444444432459e-03
3.794444444444432761e-03
3.786111111111099044e-03
3.811111111111099327e-03
3.938888888888876331e-03
3.794444444444432327e-03
3.852777777777765741e-03
3.855555555555543502e-03
3.741666666666655303e-03
3.955555555555542897e-03
3.655555555555544279e-03
3.827777777777765459e-03
3.883333333333321112e-03
3.908333333333320961e-03
3.827777777777765459e-03
3.699999999999988021e-03
3.802777777777766478e-03
3.874999999999987829e-03
3.680555555555543694e-03
3.872222222222210068e-03
3.719444444444433215e-03
3.808333333333321566e-03
3.777777777777766195e-03
3.761111111111099629e-03
3.858333333333320830e-03
3.861111111111099024e-03
3.611111111111099670e-03
3.747222222222210825e-03
3.769444444444432912e-03
3.580555555555544733e-03
3.783333333333321717e-03
3.766666666666655151e-03
3.672222222222210845e-03
3.499999999999988797e-03
3.730555555555543825e-03
3.733333333333322020e-03
3.663888888888877562e-03
3.758333333333321868e-03
3.813888888888877088e-03
3.905555555555543634e-03
3.902777777777765873e-03
3.780555555555544390e-03
3.674999999999988606e-03
3.516666666666655797e-03
3.769444444444432912e-03
3.677777777777766367e-03
3.613888888888877864e-03
3.813888888888877088e-03
3.852777777777765741e-03
3.716666666666655454e-03
3.677777777777766367e-03
3.913888888888876483e-03
3.511111111111100275e-03
3.780555555555543523e-03
3.797222222222210522e-03
3.724999999999988303e-03
3.691666666666655171e-03
3.636111111111099952e-03
3.661111111111099801e-03
3.655555555555544279e-03
3.558333333333322211e-03
3.763888888888876957e-03
3.855555555555543069e-03
3.691666666666654738e-03
3.558333333333322211e-03
3.688888888888876977e-03
3.630555555555543996e-03
3.683333333333321889e-03
3.666666666666654889e-03
3.838888888888876937e-03
3.713888888888877259e-03
3.747222222222210825e-03
3.488888888888877753e-03
3.574999999999989211e-03
3.594444444444433104e-03
3.638888888888877279e-03
3.469444444444433860e-03
3.633333333333322191e-03
3.658333333333322040e-03
3.605555555555544581e-03
3.636111111111099952e-03
3.666666666666655323e-03
3.838888888888876503e-03
3.624999999999988908e-03
3.488888888888877753e-03
3.724999999999988737e-03
3.608333333333321909e-03
3.477777777777766709e-03
3.724999999999988737e-03
3.555555555555544884e-03
3.552777777777767123e-03
3.441666666666656250e-03
3.630555555555544430e-03
3.544444444444433840e-03
3.708333333333321304e-03
3.674999999999988606e-03
3.605555555555544581e-03
3.349999999999989271e-03
3.541666666666655645e-03
3.791666666666655000e-03
3.499999999999989231e-03
3.511111111111099841e-03
3.594444444444433104e-03
3.433333333333322968e-03
3.711111111111099498e-03
3.666666666666655323e-03
3.541666666666655645e-03
3.469444444444433860e-03
3.455555555555545055e-03
3.402777777777767163e-03
3.658333333333322040e-03
3.438888888888878056e-03
3.602777777777766387e-03
3.411111111111100880e-03
3.419444444444433729e-03
3.569444444444433255e-03
3.763888888888877390e-03
3.597222222222211298e-03
3.441666666666656250e-03
3.519444444444433124e-03
3.619444444444432953e-03
3.724999999999988737e-03
3.605555555555544581e-03
3.311111111111100617e-03
3.711111111111099498e-03
3.644444444444433235e-03
3.491666666666655514e-03
3.555555555555544450e-03
3.477777777777766709e-03
3.408333333333322685e-03
3.697222222222210693e-03
3.427777777777767012e-03
3.483333333333322665e-03
3.336111111111100466e-03
3.369444444444434465e-03
3.324999999999989856e-03
3.466666666666656099e-03
3.386111111111100597e-03
3.647222222222210996e-03
3.347222222222211510e-03
3.369444444444433598e-03
3.649999999999988757e-03
3.408333333333322685e-03
3.458333333333322816e-03
3.497222222222211470e-03
3.499999999999989231e-03
3.602777777777766820e-03
3.466666666666656099e-03
3.613888888888877431e-03
3.391666666666656119e-03
3.374999999999989553e-03
3.377777777777767748e-03
3.544444444444433840e-03
3.622222222222210714e-03
3.594444444444433538e-03
3.433333333333322534e-03
3.511111111111099841e-03
3.516666666666655797e-03
3.516666666666655797e-03
3.361111111111100315e-03
3.297222222222211813e-03
3.499999999999989231e-03
3.394444444444434314e-03
3.436111111111100295e-03
3.444444444444433578e-03
3.516666666666655363e-03
3.438888888888878056e-03
3.374999999999989987e-03
3.186111111111101374e-03
3.558333333333322645e-03
3.536111111111099690e-03
3.355555555555545227e-03
3.288888888888878530e-03
3.249999999999989876e-03
3.277777777777767486e-03
3.494444444444433275e-03
3.380555555555545509e-03
3.402777777777767163e-03
3.483333333333322231e-03
3.405555555555545358e-03
3.313888888888878378e-03
3.436111111111100729e-03
3.269444444444434637e-03
3.372222222222211359e-03
3.505555555555544753e-03
3.341666666666655988e-03
3.383333333333322836e-03
3.474999999999988948e-03
3.516666666666655797e-03
3.236111111111101505e-03
3.330555555555544944e-03
3.394444444444433880e-03
3.261111111111101354e-03
3.255555555555545398e-03
3.202777777777767940e-03
3.319444444444433900e-03
3.297222222222211813e-03
3.558333333333322645e-03
3.369444444444433598e-03
3.380555555555545075e-03
3.344444444444433749e-03
3.405555555555545358e-03
3.369444444444433598e-03
3.438888888888878056e-03
3.477777777777766709e-03
3.483333333333322231e-03
3.347222222222211944e-03
3.341666666666655988e-03
3.363888888888878510e-03
3.280555555555545681e-03
3.199999999999990179e-03
3.538888888888877451e-03
3.186111111111100940e-03
3.430555555555544773e-03
3.508333333333322514e-03
3.319444444444433900e-03
3.358333333333322988e-03
3.433333333333322534e-03
3.563888888888878167e-03
3.227777777777768222e-03
3.372222222222212226e-03
3.380555555555545509e-03
3.333333333333323139e-03
3.644444444444432801e-03
3.197222222222211984e-03
3.361111111111100315e-03
3.274999999999989725e-03
3.405555555555544924e-03
3.413888888888878207e-03
3.233333333333323744e-03
3.422222222222211490e-03
3.161111111111101091e-03
3.174999999999990330e-03
3.302777777777767335e-03
3.247222222222212549e-03
3.263888888888878681e-03
3.172222222222212135e-03
3.583333333333322494e-03
3.216666666666656745e-03
3.361111111111100315e-03
3.366666666666655837e-03
3.158333333333323764e-03
3.272222222222212398e-03
3.294444444444434485e-03
3.388888888888878358e-03
3.308333333333323290e-03
3.247222222222212549e-03
3.255555555555545398e-03
3.399999999999989402e-03
3.286111111111101202e-03
3.186111111111100940e-03
3.322222222222211661e-03
3.302777777777767335e-03
3.358333333333322554e-03
3.130555555555546154e-03
3.452777777777766861e-03
3.319444444444433900e-03
3.447222222222211339e-03
3.530555555555544168e-03
3.252777777777768071e-03
3.386111111111100597e-03
3.274999999999989725e-03
3.361111111111100749e-03
3.327777777777767617e-03
3.277777777777767486e-03
3.208333333333323462e-03
3.336111111111100466e-03
3.311111111111100617e-03
3.316666666666656139e-03
3.188888888888879135e-03
3.144444444444434526e-03
3.405555555555545358e-03
3.230555555555545983e-03
3.230555555555545983e-03
3.188888888888878701e-03
3.158333333333323764e-03
3.391666666666656553e-03
3.236111111111101505e-03
3.152777777777768242e-03
3.286111111111101202e-03
3.324999999999989856e-03
3.336111111111100466e-03
3.263888888888879115e-03
3.172222222222212135e-03
3.180555555555545418e-03
3.036111111111101848e-03
3.336111111111100466e-03
3.099999999999990350e-03
2.924999999999991409e-03
3.341666666666655988e-03
3.302777777777767335e-03
3.138888888888879004e-03
3.261111111111100920e-03
3.330555555555544944e-03
3.291666666666656724e-03
3.174999999999989896e-03
2.936111111111102019e-03
3.141666666666656765e-03
3.138888888888879437e-03
3.194444444444434657e-03
3.063888888888879891e-03
3.377777777777767748e-03
3.280555555555545247e-03
3.138888888888879004e-03
3.274999999999990159e-03
3.180555555555545418e-03
3.299999999999989574e-03
3.258333333333323593e-03
3.149999999999990048e-03
3.327777777777767617e-03
3.355555555555544793e-03
3.299999999999989574e-03
3.311111111111101051e-03
3.136111111111101243e-03
3.174999999999989896e-03
3.286111111111100769e-03
3.138888888888879437e-03
3.313888888888878812e-03
3.224999999999990461e-03
3.252777777777767637e-03
3.199999999999990179e-03
3.124999999999990199e-03
2.972222222222212912e-03
3.133333333333323482e-03
3.161111111111101091e-03
3.180555555555545852e-03
3.247222222222212115e-03
3.197222222222211984e-03
3.230555555555545549e-03
3.297222222222211813e-03
3.349999999999989705e-03
2.994444444444435433e-03
3.183333333333323613e-03
3.172222222222212135e-03
3.038888888888879609e-03
3.130555555555546154e-03
3.061111111111102130e-03
3.105555555555545872e-03
3.163888888888878852e-03
3.119444444444434677e-03
3.180555555555545418e-03
3.169444444444434374e-03
3.199999999999990612e-03
3.286111111111100769e-03
3.002777777777768282e-03
3.116666666666656916e-03
3.166666666666656613e-03
3.188888888888879135e-03
3.408333333333323119e-03
3.216666666666656745e-03
3.155555555555545569e-03
3.069444444444434979e-03
3.072222222222213174e-03
3.169444444444434808e-03
3.091666666666657067e-03
2.999999999999990521e-03
3.130555555555545721e-03
3.066666666666657218e-03
2.986111111111101717e-03
3.027777777777768999e-03
3.008333333333324238e-03
3.074999999999990501e-03
3.124999999999990199e-03
3.297222222222211813e-03
3.188888888888878701e-03
3.049999999999990653e-03
3.041666666666657370e-03
3.177777777777767657e-03
3.138888888888879004e-03
3.011111111111101565e-03
3.111111111111101394e-03
3.063888888888879457e-03
3.024999999999990370e-03
2.994444444444435433e-03
3.255555555555545398e-03
3.066666666666657218e-03
