4.944444444444434043e-04
6.583333333333317352e-04
8.277777777777754796e-04
7.472222222222204115e-04
8.833333333333310243e-04
1.099999999999997031e-03
1.152777777777774706e-03
1.286111111111107232e-03
1.305555555555551776e-03
1.516666666666662260e-03
1.491666666666662195e-03
1.524999999999995760e-03
1.722222222222217223e-03
1.741666666666661333e-03
1.802777777777772508e-03
1.849999999999994444e-03
1.816666666666661312e-03
1.969444444444438166e-03
1.919444444444438685e-03
1.933333333333327273e-03
2.044444444444438579e-03
2.080555555555549472e-03
2.080555555555549038e-03
1.958333333333327122e-03
2.086111111111104994e-03
2.091666666666660516e-03
2.099999999999993799e-03
1.949999999999994489e-03
2.113888888888882170e-03
2.172222222222215584e-03
2.266666666666659891e-03
2.074999999999993950e-03
2.169444444444438257e-03
2.263888888888882130e-03
2.061111111111105145e-03
2.155555555555549018e-03
2.055555555555549623e-03
2.255555555555548847e-03
2.174999999999993779e-03
2.191666666666660344e-03
2.311111111111104066e-03
2.297222222222215261e-03
2.130555555555548736e-03
2.122222222222215886e-03
2.291666666666659739e-03
2.111111111111104843e-03
2.219444444444437954e-03
2.119444444444438126e-03
2.222222222222215715e-03
2.124999999999993647e-03
2.247222222222215564e-03
2.311111111111104066e-03
2.283333333333326456e-03
2.197222222222215866e-03
2.169444444444438257e-03
2.205555555555549149e-03
2.341666666666659870e-03
2.224999999999993476e-03
2.255555555555548847e-03
2.266666666666659891e-03
2.258333333333326608e-03
2.052777777777771862e-03
2.199999999999993627e-03
2.233333333333326759e-03
2.280555555555548695e-03
2.158333333333327213e-03
2.205555555555549149e-03
2.188888888888882583e-03
2.222222222222215715e-03
2.316666666666659588e-03
2.380555555555548524e-03
2.288888888888881978e-03
2.349999999999993153e-03
2.263888888888882130e-03
2.288888888888881978e-03
2.244444444444437803e-03
2.327777777777770632e-03
2.194444444444438105e-03
2.383333333333326285e-03
2.297222222222214828e-03
2.255555555555548847e-03
2.455555555555548070e-03
2.283333333333326456e-03
2.161111111111104974e-03
2.183333333333327061e-03
2.266666666666659891e-03
2.261111111111104369e-03
2.261111111111104369e-03
2.266666666666659891e-03
2.288888888888881978e-03
2.149999999999993496e-03
2.222222222222215715e-03
2.283333333333326456e-03
2.311111111111104066e-03
2.424999999999992700e-03
2.088888888888882755e-03
2.247222222222215564e-03
2.286111111111104217e-03
2.311111111111104066e-03
2.297222222222215261e-03
2.205555555555549149e-03
2.391666666666659568e-03
2.319444444444437349e-03
2.216666666666660193e-03
2.180555555555549301e-03
2.388888888888881807e-03
2.191666666666660344e-03
2.205555555555549149e-03
2.280555555555548262e-03
2.274999999999993174e-03
2.161111111111104974e-03
2.236111111111104520e-03
2.236111111111104520e-03
2.205555555555549149e-03
2.419444444444437178e-03
2.280555555555548695e-03
2.297222222222215261e-03
2.247222222222215564e-03
2.136111111111104691e-03
2.297222222222215261e-03
2.249999999999993325e-03
2.322222222222215110e-03
2.274999999999993174e-03
2.258333333333326174e-03
2.347222222222215392e-03
2.152777777777771257e-03
2.288888888888881978e-03
2.336111111111104349e-03
2.308333333333326305e-03
2.199999999999993627e-03
2.208333333333326910e-03
2.213888888888882432e-03
2.163888888888882735e-03
2.316666666666659588e-03
2.430555555555548222e-03
2.177777777777771540e-03
2.297222222222215261e-03
2.249999999999993325e-03
2.213888888888882432e-03
2.238888888888882281e-03
2.219444444444437954e-03
2.341666666666659870e-03
2.327777777777770632e-03
2.327777777777770632e-03
2.286111111111104217e-03
2.288888888888881978e-03
2.241666666666660042e-03
2.288888888888881978e-03
2.294444444444437500e-03
2.261111111111104369e-03
2.363888888888881958e-03
2.236111111111104520e-03
2.199999999999993627e-03
2.369444444444437480e-03
2.311111111111104066e-03
2.213888888888882432e-03
2.266666666666659891e-03
2.377777777777770763e-03
2.272222222222215413e-03
2.383333333333325851e-03
2.199999999999993194e-03
2.288888888888881978e-03
2.166666666666660496e-03
2.388888888888881807e-03
2.286111111111104217e-03
2.369444444444437047e-03
2.336111111111104349e-03
2.319444444444437349e-03
2.241666666666660042e-03
2.138888888888882452e-03
2.408333333333326134e-03
2.447222222222214787e-03
2.308333333333325871e-03
2.344444444444437631e-03
2.183333333333327061e-03
2.152777777777770823e-03
2.241666666666660042e-03
2.297222222222215261e-03
2.369444444444437480e-03
2.283333333333326456e-03
2.274999999999993174e-03
2.347222222222215392e-03
2.219444444444437954e-03
2.227777777777771237e-03
2.338888888888882110e-03
2.158333333333327213e-03
2.380555555555548524e-03
2.352777777777770914e-03
2.252777777777771086e-03
2.280555555555548695e-03
2.433333333333325983e-03
2.088888888888882755e-03
2.163888888888882735e-03
2.216666666666660193e-03
2.333333333333326588e-03
2.233333333333326759e-03
2.383333333333326285e-03
2.313888888888881827e-03
2.302777777777770783e-03
2.211111111111104671e-03
2.297222222222215261e-03
2.172222222222216018e-03
2.227777777777771237e-03
2.305555555555548544e-03
2.297222222222215261e-03
2.347222222222215392e-03
2.299999999999993022e-03
2.247222222222215130e-03
2.366666666666659719e-03
2.144444444444437974e-03
2.158333333333327213e-03
2.261111111111104369e-03
2.266666666666659891e-03
2.324999999999992871e-03
2.413888888888881656e-03
2.277777777777770934e-03
2.333333333333326588e-03
2.344444444444437198e-03
2.102777777777771126e-03
2.261111111111104369e-03
2.158333333333327213e-03
2.311111111111103632e-03
2.230555555555548564e-03
2.316666666666659588e-03
2.363888888888881958e-03
2.322222222222215110e-03
2.219444444444437954e-03
2.338888888888882110e-03
2.291666666666659739e-03
2.216666666666660193e-03
2.208333333333326910e-03
2.233333333333326759e-03
2.269444444444437652e-03
2.205555555555548716e-03
2.272222222222215413e-03
2.249999999999993325e-03
2.336111111111104349e-03
2.294444444444437500e-03
2.288888888888881978e-03
2.244444444444437803e-03
2.405555555555548373e-03
2.124999999999993647e-03
2.291666666666659739e-03
2.313888888888881827e-03
2.199999999999993627e-03
2.288888888888881978e-03
2.238888888888882281e-03
2.416666666666658983e-03
2.258333333333326608e-03
2.330555555555548393e-03
2.308333333333326305e-03
2.411111111111103895e-03
2.174999999999993345e-03
2.122222222222215886e-03
2.169444444444438257e-03
2.422222222222214939e-03
2.244444444444437803e-03
2.266666666666659891e-03
2.233333333333326759e-03
2.355555555555548675e-03
2.197222222222215866e-03
2.266666666666659891e-03
2.277777777777770501e-03
2.186111111111104822e-03
2.486111111111103441e-03
2.263888888888882130e-03
2.238888888888882281e-03
2.252777777777770652e-03
2.338888888888882110e-03
2.299999999999993022e-03
2.238888888888882281e-03
2.255555555555548847e-03
2.280555555555548695e-03
2.316666666666659588e-03
2.194444444444438105e-03
2.219444444444437520e-03
2.211111111111104671e-03
2.155555555555549018e-03
2.372222222222215241e-03
2.277777777777770934e-03
2.374999999999993002e-03
2.299999999999993022e-03
2.355555555555548675e-03
2.255555555555548847e-03
2.247222222222215564e-03
2.163888888888882301e-03
2.172222222222216018e-03
2.294444444444437500e-03
2.252777777777771086e-03
2.255555555555548847e-03
2.386111111111104046e-03
2.297222222222215261e-03
2.199999999999993627e-03
2.288888888888881978e-03
2.230555555555548998e-03
2.313888888888881827e-03
2.524999999999992528e-03
2.269444444444437652e-03
2.230555555555548998e-03
2.091666666666660516e-03
2.272222222222215413e-03
2.138888888888882452e-03
2.277777777777771368e-03
2.336111111111104349e-03
2.186111111111104822e-03
2.127777777777771408e-03
2.355555555555548675e-03
2.408333333333326134e-03
2.255555555555548847e-03
2.177777777777771540e-03
2.291666666666659739e-03
2.224999999999993476e-03
2.247222222222215564e-03
2.266666666666659891e-03
2.213888888888882432e-03
2.294444444444437500e-03
2.388888888888881807e-03
2.216666666666660193e-03
2.330555555555548393e-03
2.316666666666659588e-03
2.224999999999993476e-03
2.299999999999993022e-03
2.152777777777770823e-03
2.122222222222215886e-03
2.338888888888882110e-03
2.258333333333326608e-03
2.383333333333326285e-03
2.119444444444438126e-03
2.177777777777771106e-03
2.327777777777770632e-03
2.249999999999993325e-03
2.299999999999993022e-03
2.263888888888882130e-03
2.391666666666659568e-03
2.394444444444437329e-03
2.230555555555548998e-03
2.333333333333326588e-03
2.255555555555548847e-03
2.311111111111104066e-03
2.349999999999993153e-03
2.247222222222215564e-03
2.238888888888881847e-03
2.349999999999993153e-03
2.274999999999993174e-03
2.133333333333326930e-03
2.316666666666659588e-03
2.299999999999993022e-03
2.313888888888881827e-03
2.288888888888881978e-03
2.152777777777771257e-03
2.247222222222215564e-03
2.299999999999993022e-03
2.263888888888882130e-03
2.366666666666659719e-03
2.294444444444437500e-03
2.247222222222215564e-03
2.122222222222215453e-03
2.249999999999993325e-03
2.194444444444437672e-03
2.174999999999993345e-03
2.172222222222216018e-03
2.355555555555548675e-03
2.411111111111103895e-03
2.152777777777771257e-03
2.288888888888881978e-03
2.283333333333326456e-03
2.347222222222214959e-03
2.227777777777771237e-03
2.174999999999993779e-03
2.397222222222215090e-03
2.241666666666660042e-03
2.216666666666660193e-03
2.294444444444437500e-03
2.427777777777770461e-03
2.188888888888882583e-03
2.288888888888881978e-03
2.341666666666659870e-03
2.308333333333326305e-03
2.408333333333326134e-03
2.255555555555548847e-03
2.236111111111104520e-03
2.291666666666659739e-03
2.216666666666660193e-03
2.308333333333326305e-03
2.308333333333326305e-03
2.208333333333326910e-03
2.249999999999993325e-03
2.202777777777771388e-03
2.302777777777770783e-03
2.224999999999993476e-03
2.183333333333326628e-03
2.294444444444437500e-03
2.174999999999993345e-03
2.374999999999993002e-03
2.266666666666659891e-03
2.238888888888882281e-03
2.258333333333326608e-03
2.311111111111104066e-03
2.266666666666659891e-03
2.219444444444437954e-03
2.363888888888881525e-03
2.169444444444438257e-03
2.377777777777770763e-03
2.111111111111104843e-03
2.055555555555549623e-03
2.141666666666660213e-03
2.249999999999993325e-03
2.161111111111104974e-03
2.288888888888881978e-03
2.383333333333326285e-03
2.144444444444437541e-03
2.305555555555548544e-03
2.338888888888882110e-03
2.336111111111104349e-03
2.280555555555548695e-03
2.230555555555548998e-03
2.186111111111104822e-03
2.372222222222215241e-03
2.269444444444437652e-03
2.222222222222215715e-03
2.077777777777771711e-03
2.324999999999992871e-03
2.308333333333326305e-03
2.272222222222215413e-03
2.152777777777770823e-03
2.213888888888882432e-03
2.194444444444438105e-03
2.216666666666659759e-03
2.252777777777771086e-03
2.283333333333326456e-03
2.197222222222215866e-03
2.305555555555548544e-03
2.149999999999993496e-03
2.372222222222215241e-03
2.222222222222215715e-03
2.255555555555548847e-03
2.308333333333326305e-03
2.208333333333326910e-03
2.283333333333326456e-03
2.127777777777771408e-03
2.272222222222214979e-03
2.130555555555549169e-03
2.177777777777771540e-03
2.302777777777770783e-03
2.241666666666660042e-03
2.291666666666659739e-03
2.324999999999992871e-03
2.333333333333326588e-03
2.266666666666659891e-03
2.319444444444437349e-03
2.305555555555548544e-03
2.280555555555548695e-03
2.272222222222215413e-03
2.302777777777770783e-03
2.249999999999993325e-03
2.338888888888882110e-03
2.294444444444437500e-03
2.338888888888881676e-03
2.163888888888882735e-03
2.291666666666659739e-03
2.299999999999993022e-03
2.269444444444437652e-03
2.166666666666660496e-03
2.236111111111104520e-03
2.138888888888882452e-03
2.488888888888881202e-03
2.266666666666659891e-03
2.188888888888882583e-03
2.280555555555548695e-03
2.383333333333325851e-03
2.183333333333327061e-03
2.197222222222215866e-03
2.327777777777770632e-03
2.277777777777770934e-03
2.166666666666660496e-03
2.091666666666660516e-03
2.327777777777770632e-03
2.430555555555548222e-03
2.313888888888881827e-03
2.197222222222215866e-03
2.213888888888881998e-03
2.305555555555548544e-03
2.291666666666659739e-03
2.197222222222215866e-03
2.313888888888881393e-03
2.199999999999993627e-03
2.380555555555548524e-03
2.102777777777771560e-03
2.172222222222215584e-03
2.086111111111104994e-03
2.247222222222215130e-03
2.149999999999993496e-03
2.283333333333326456e-03
2.263888888888882130e-03
2.274999999999993174e-03
2.208333333333326910e-03
2.352777777777770914e-03
2.280555555555548695e-03
2.061111111111105145e-03
2.269444444444437652e-03
2.194444444444438105e-03
2.274999999999993174e-03
2.333333333333326588e-03
2.347222222222214959e-03
2.322222222222215110e-03
2.294444444444437067e-03
2.205555555555549149e-03
2.344444444444437631e-03
2.433333333333325983e-03
2.272222222222215413e-03
2.316666666666659588e-03
2.263888888888882130e-03
2.308333333333326305e-03
2.197222222222215866e-03
2.305555555555548544e-03
2.208333333333326910e-03
2.269444444444437652e-03
2.266666666666659457e-03
2.269444444444437652e-03
2.169444444444438257e-03
2.122222222222215886e-03
2.169444444444438257e-03
2.144444444444437541e-03
2.149999999999993496e-03
2.283333333333326456e-03
2.366666666666659719e-03
2.091666666666660516e-03
2.274999999999993174e-03
2.294444444444437500e-03
2.288888888888881978e-03
2.419444444444437178e-03
2.330555555555548393e-03
2.291666666666659739e-03
2.280555555555548695e-03
2.288888888888881978e-03
2.319444444444437349e-03
2.249999999999993325e-03
2.286111111111104217e-03
2.358333333333326436e-03
2.333333333333326588e-03
2.283333333333326456e-03
2.149999999999993496e-03
2.291666666666659739e-03
2.269444444444438085e-03
2.324999999999992871e-03
2.366666666666659719e-03
2.399999999999992851e-03
2.258333333333326608e-03
2.349999999999993153e-03
2.324999999999992871e-03
2.205555555555549149e-03
2.177777777777771540e-03
2.305555555555548544e-03
2.180555555555549301e-03
2.372222222222215241e-03
2.130555555555549169e-03
2.230555555555548998e-03
2.294444444444437500e-03
2.347222222222215392e-03
2.141666666666660213e-03
2.199999999999993627e-03
2.247222222222215564e-03
2.316666666666659588e-03
2.219444444444437954e-03
2.355555555555548675e-03
2.305555555555548111e-03
2.261111111111104369e-03
2.163888888888882301e-03
2.244444444444437803e-03
2.291666666666659739e-03
2.211111111111104671e-03
2.272222222222215413e-03
2.355555555555548675e-03
2.144444444444437541e-03
2.274999999999993174e-03
2.208333333333326910e-03
2.274999999999993174e-03
2.227777777777771237e-03
2.305555555555548544e-03
2.416666666666659417e-03
2.316666666666659154e-03
2.241666666666660042e-03
2.147222222222215735e-03
2.263888888888882130e-03
2.247222222222215564e-03
2.441666666666659265e-03
2.294444444444437934e-03
2.299999999999993022e-03
2.299999999999993022e-03
2.302777777777770783e-03
2.230555555555548998e-03
2.208333333333326477e-03
2.358333333333326436e-03
2.341666666666659870e-03
2.291666666666659739e-03
2.352777777777770914e-03
2.249999999999993325e-03
2.272222222222215413e-03
2.158333333333327213e-03
2.197222222222215866e-03
2.188888888888882583e-03
2.274999999999993174e-03
2.361111111111104631e-03
2.291666666666659306e-03
2.199999999999993627e-03
2.205555555555549149e-03
2.186111111111104822e-03
2.163888888888882301e-03
2.288888888888881978e-03
2.302777777777770783e-03
2.274999999999993174e-03
2.391666666666659568e-03
2.202777777777771388e-03
2.374999999999993002e-03
2.172222222222215584e-03
2.194444444444438105e-03
2.138888888888882452e-03
2.238888888888882281e-03
2.369444444444437480e-03
2.124999999999993647e-03
2.263888888888882130e-03
2.208333333333326910e-03
2.297222222222215261e-03
2.136111111111104691e-03
2.286111111111104217e-03
2.402777777777770612e-03
2.163888888888882735e-03
2.330555555555548393e-03
2.291666666666659739e-03
2.399999999999992851e-03
2.233333333333326759e-03
2.299999999999993022e-03
2.269444444444437652e-03
2.291666666666659306e-03
2.219444444444437954e-03
2.249999999999993325e-03
2.208333333333326910e-03
2.236111111111104520e-03
2.302777777777770783e-03
2.347222222222215392e-03
2.422222222222214939e-03
2.438888888888881504e-03
2.294444444444437500e-03
2.249999999999993325e-03
2.263888888888882130e-03
2.191666666666660344e-03
2.283333333333326456e-03
2.202777777777771388e-03
2.202777777777771388e-03
2.222222222222215715e-03
2.288888888888881978e-03
2.174999999999993779e-03
2.286111111111104217e-03
2.144444444444437974e-03
2.244444444444437803e-03
2.380555555555548524e-03
2.269444444444437652e-03
2.061111111111105145e-03
2.147222222222215735e-03
2.313888888888881827e-03
2.319444444444437349e-03
2.283333333333326456e-03
2.233333333333326759e-03
2.219444444444437520e-03
2.455555555555548070e-03
2.191666666666660344e-03
2.252777777777771086e-03
2.258333333333326608e-03
2.347222222222215392e-03
2.169444444444438257e-03
2.263888888888882130e-03
2.222222222222215715e-03
2.324999999999992871e-03
2.394444444444437329e-03
2.313888888888881827e-03
2.352777777777770914e-03
2.127777777777771408e-03
2.288888888888881978e-03
2.294444444444437500e-03
2.211111111111104671e-03
2.233333333333326759e-03
2.133333333333326930e-03
2.247222222222215564e-03
2.327777777777770632e-03
2.077777777777771277e-03
2.169444444444438257e-03
2.113888888888882604e-03
2.099999999999993365e-03
2.213888888888882432e-03
2.330555555555548393e-03
2.244444444444437803e-03
2.322222222222215110e-03
2.399999999999992851e-03
2.430555555555548222e-03
2.258333333333326608e-03
2.341666666666659437e-03
2.194444444444438105e-03
2.413888888888881656e-03
2.413888888888881656e-03
2.344444444444437631e-03
2.155555555555549018e-03
2.341666666666659870e-03
2.344444444444437631e-03
2.349999999999993153e-03
2.152777777777771257e-03
2.327777777777770632e-03
2.249999999999993325e-03
2.344444444444437631e-03
2.391666666666659568e-03
2.174999999999993779e-03
2.249999999999993325e-03
2.308333333333326305e-03
2.297222222222215261e-03
2.327777777777770632e-03
2.199999999999993627e-03
2.263888888888881696e-03
2.449999999999992548e-03
2.172222222222216018e-03
2.230555555555548998e-03
2.249999999999992891e-03
2.138888888888882452e-03
2.252777777777771086e-03
2.213888888888881998e-03
2.113888888888882604e-03
2.338888888888881676e-03
2.119444444444438126e-03
2.349999999999993153e-03
2.363888888888881958e-03
2.249999999999993325e-03
2.338888888888882110e-03
2.236111111111104520e-03
2.272222222222214979e-03
2.291666666666659739e-03
2.241666666666660042e-03
2.208333333333326910e-03
2.361111111111104197e-03
2.172222222222216018e-03
2.347222222222215392e-03
2.255555555555548847e-03
2.305555555555548544e-03
2.291666666666659306e-03
2.205555555555549149e-03
2.269444444444437652e-03
2.263888888888882130e-03
2.169444444444438257e-03
2.388888888888881807e-03
2.294444444444437500e-03
2.355555555555548675e-03
2.211111111111104671e-03
2.244444444444437803e-03
2.308333333333326305e-03
2.233333333333326759e-03
2.133333333333326930e-03
2.227777777777771237e-03
2.452777777777770309e-03
2.380555555555548524e-03
2.272222222222215413e-03
2.255555555555548847e-03
2.124999999999993647e-03
2.288888888888881978e-03
2.261111111111104369e-03
2.266666666666659891e-03
2.102777777777771560e-03
2.291666666666659739e-03
2.347222222222215392e-03
2.319444444444437349e-03
2.205555555555549149e-03
2.172222222222216018e-03
2.141666666666660213e-03
2.349999999999993153e-03
2.227777777777771237e-03
2.224999999999993476e-03
2.238888888888882281e-03
2.383333333333326719e-03
2.386111111111104046e-03
2.247222222222215564e-03
2.316666666666659588e-03
2.222222222222215715e-03
2.363888888888881958e-03
2.363888888888881958e-03
2.291666666666659739e-03
2.313888888888881393e-03
2.224999999999993910e-03
2.024999999999993819e-03
2.163888888888882301e-03
2.341666666666659870e-03
2.319444444444437349e-03
2.297222222222215261e-03
2.316666666666659588e-03
2.252777777777771086e-03
2.216666666666660193e-03
2.469444444444436875e-03
2.194444444444438105e-03
2.274999999999992740e-03
2.355555555555548675e-03
2.283333333333326456e-03
2.455555555555548070e-03
2.377777777777770763e-03
2.438888888888881504e-03
2.311111111111104066e-03
2.302777777777770350e-03
2.238888888888882281e-03
2.411111111111103895e-03
2.347222222222215392e-03
2.277777777777770934e-03
2.272222222222214979e-03
2.266666666666659457e-03
2.138888888888882452e-03
2.097222222222216038e-03
2.183333333333327061e-03
2.180555555555549301e-03
2.324999999999992871e-03
2.177777777777771540e-03
2.238888888888881847e-03
2.186111111111104822e-03
2.291666666666659739e-03
2.241666666666660042e-03
2.402777777777770612e-03
2.249999999999993325e-03
2.027777777777771580e-03
2.399999999999992851e-03
2.233333333333326759e-03
2.327777777777770632e-03
2.158333333333327213e-03
2.136111111111104691e-03
2.416666666666659417e-03
2.158333333333327213e-03
2.266666666666659891e-03
2.338888888888882110e-03
2.322222222222215110e-03
2.166666666666660496e-03
2.494444444444436724e-03
2.363888888888881958e-03
2.405555555555548373e-03
2.327777777777770632e-03
2.172222222222216018e-03
2.297222222222215261e-03
2.272222222222214979e-03
2.274999999999992740e-03
2.388888888888881807e-03
2.288888888888881978e-03
2.286111111111104217e-03
2.305555555555548544e-03
2.219444444444437520e-03
2.341666666666659870e-03
2.258333333333326608e-03
2.330555555555548393e-03
2.219444444444437954e-03
2.347222222222215392e-03
2.377777777777770763e-03
2.202777777777771388e-03
2.183333333333327061e-03
2.319444444444437349e-03
2.197222222222215866e-03
2.305555555555548544e-03
2.216666666666660193e-03
2.308333333333326305e-03
2.244444444444437803e-03
2.316666666666659588e-03
2.319444444444437783e-03
2.152777777777770823e-03
2.169444444444437823e-03
2.255555555555548413e-03
2.249999999999993325e-03
2.180555555555549301e-03
2.308333333333325871e-03
2.222222222222215715e-03
2.377777777777770763e-03
2.197222222222215866e-03
2.322222222222215110e-03
2.247222222222215564e-03
2.233333333333326759e-03
2.294444444444437067e-03
2.374999999999993002e-03
2.244444444444437803e-03
2.258333333333326608e-03
2.166666666666660496e-03
2.211111111111104671e-03
2.272222222222215413e-03
2.274999999999993174e-03
2.199999999999993627e-03
2.344444444444437631e-03
2.338888888888882110e-03
2.413888888888881656e-03
2.208333333333326910e-03
2.169444444444437823e-03
2.258333333333326608e-03
2.258333333333326608e-03
2.294444444444437500e-03
2.269444444444437652e-03
2.363888888888881958e-03
2.255555555555548847e-03
2.169444444444437823e-03
2.149999999999993496e-03
2.194444444444438105e-03
2.461111111111103592e-03
2.369444444444437480e-03
2.277777777777770934e-03
2.361111111111104197e-03
2.424999999999992700e-03
2.322222222222215110e-03
2.280555555555548695e-03
2.383333333333326285e-03
2.338888888888882110e-03
2.247222222222215564e-03
2.344444444444437631e-03
2.141666666666659780e-03
2.266666666666659891e-03
2.294444444444437500e-03
2.163888888888882735e-03
2.241666666666660042e-03
2.391666666666659568e-03
2.177777777777771540e-03
2.419444444444437178e-03
2.252777777777771086e-03
2.455555555555548070e-03
2.313888888888881827e-03
2.224999999999993042e-03
2.141666666666660213e-03
2.252777777777771086e-03
2.269444444444437652e-03
2.169444444444438257e-03
2.211111111111104671e-03
2.358333333333326436e-03
2.263888888888882130e-03
2.205555555555549149e-03
2.311111111111104066e-03
2.241666666666660042e-03
2.247222222222215564e-03
2.352777777777770914e-03
2.052777777777771862e-03
2.369444444444437480e-03
2.269444444444437652e-03
2.102777777777771560e-03
2.233333333333326759e-03
2.174999999999993345e-03
2.341666666666659437e-03
2.219444444444437954e-03
2.241666666666659608e-03
2.327777777777770632e-03
2.155555555555549018e-03
2.188888888888882583e-03
2.227777777777771237e-03
2.094444444444437843e-03
2.183333333333327061e-03
2.249999999999993325e-03
2.274999999999992740e-03
2.180555555555549301e-03
2.280555555555548695e-03
2.236111111111104520e-03
2.294444444444437500e-03
2.094444444444438277e-03
2.308333333333326305e-03
2.236111111111104520e-03
2.438888888888881071e-03
2.083333333333327233e-03
2.199999999999993627e-03
2.233333333333326759e-03
2.311111111111104066e-03
2.147222222222215735e-03
2.202777777777771388e-03
2.366666666666659719e-03
2.302777777777770783e-03
2.263888888888882130e-03
2.258333333333326608e-03
2.230555555555548564e-03
2.338888888888882110e-03
2.366666666666659719e-03
2.216666666666660193e-03
2.241666666666659608e-03
2.258333333333326608e-03
2.258333333333326608e-03
2.152777777777771257e-03
2.358333333333326436e-03
2.355555555555548675e-03
2.161111111111104106e-03
2.116666666666660365e-03
2.224999999999993042e-03
2.299999999999993022e-03
2.199999999999993627e-03
2.236111111111104520e-03
2.288888888888881978e-03
2.294444444444437500e-03
2.147222222222215735e-03
2.263888888888882130e-03
2.144444444444437974e-03
2.336111111111104349e-03
2.274999999999993174e-03
2.286111111111104217e-03
2.322222222222215110e-03
2.280555555555548695e-03
2.136111111111104258e-03
2.188888888888882583e-03
2.419444444444437178e-03
2.272222222222214979e-03
2.161111111111104106e-03
2.138888888888882452e-03
2.205555555555548716e-03
2.138888888888882452e-03
2.291666666666659739e-03
2.397222222222215090e-03
2.780555555555546971e-03
3.088888888888879306e-03
3.361111111111100315e-03
3.502777777777766992e-03
3.774999999999988434e-03
3.869444444444431874e-03
4.388888888888899630e-03
4.252777777777776332e-03
4.274999999999999287e-03
4.688888888888906488e-03
4.555555555555564420e-03
4.688888888888909957e-03
4.811111111111132307e-03
4.955555555555582817e-03
5.008333333333367214e-03
4.997222222222243160e-03
4.941666666666690542e-03
4.983333333333364763e-03
5.113888888888922131e-03
5.097222222222255565e-03
5.188888888888932086e-03
5.197222222222254093e-03
5.422222222222259670e-03
5.127777777777810068e-03
5.055555555555586549e-03
5.188888888888919942e-03
5.222222222222262615e-03
5.152777777777808182e-03
5.486111111111158581e-03
5.547222222222268455e-03
5.344444444444484098e-03
5.333333333333373921e-03
5.175000000000031138e-03
5.383333333333368415e-03
5.563888888888929816e-03
5.266666666666700719e-03
5.463888888888930422e-03
5.588888888888934869e-03
5.294444444444480931e-03
5.652777777777825974e-03
5.519444444444483906e-03
5.438888888888935777e-03
5.383333333333372751e-03
5.219444444444479650e-03
5.538888888888931702e-03
5.172222222222256846e-03
5.302777777777818551e-03
5.486111111111160316e-03
5.583333333333374143e-03
5.322222222222256806e-03
5.444444444444488697e-03
5.383333333333370149e-03
5.297222222222265631e-03
5.247222222222256392e-03
5.316666666666704753e-03
5.227777777777813800e-03
5.377777777777816362e-03
5.433333333333375918e-03
5.516666666666713084e-03
5.447222222222263856e-03
5.377777777777809423e-03
5.283333333333370754e-03
5.502777777777821677e-03
5.230555555555588959e-03
5.322222222222264612e-03
5.172222222222247305e-03
5.408333333333374335e-03
5.341666666666702867e-03
5.241666666666700003e-03
5.333333333333370452e-03
5.250000000000037623e-03
5.400000000000041919e-03
5.336111111111145611e-03
5.380555555555595858e-03
5.283333333333371622e-03
5.380555555555593256e-03
5.361111111111148929e-03
5.130555555555589564e-03
5.416666666666705883e-03
5.419444444444483644e-03
5.386111111111156584e-03
5.144444444444478369e-03
5.152777777777810785e-03
5.255555555555587940e-03
5.158333333333367174e-03
5.316666666666696947e-03
5.297222222222263029e-03
5.511111111111155828e-03
5.177777777777807164e-03
5.283333333333369887e-03
5.183333333333367023e-03
5.213888888888924128e-03
5.233333333333371057e-03
5.119444444444475051e-03
5.297222222222255222e-03
5.152777777777811652e-03
5.169444444444479085e-03
5.158333333333368909e-03
5.233333333333371924e-03
5.158333333333362837e-03
5.297222222222255222e-03
5.052777777777807053e-03
5.144444444444474900e-03
5.291666666666704905e-03
5.275000000000041808e-03
5.216666666666704491e-03
5.158333333333364572e-03
5.025000000000029443e-03
5.136111111111139015e-03
5.022222222222247345e-03
5.119444444444478520e-03
5.319444444444484249e-03
5.150000000000039095e-03
5.197222222222256695e-03
5.122222222222255414e-03
5.063888888888920699e-03
5.172222222222252509e-03
5.150000000000032156e-03
5.075000000000038682e-03
5.008333333333362877e-03
4.988888888888918551e-03
5.080555555555577724e-03
5.113888888888922131e-03
5.119444444444474183e-03
4.783333333333355565e-03
4.986111111111137320e-03
4.969444444444472489e-03
5.005555555555581647e-03
4.936111111111135021e-03
4.958333333333360578e-03
4.916666666666696765e-03
5.011111111111140638e-03
4.888888888888917421e-03
5.036111111111137885e-03
5.102777777777813689e-03
4.994444444444472338e-03
4.891666666666687376e-03
4.725000000000018248e-03
5.047222222222246327e-03
5.125000000000030573e-03
4.983333333333358692e-03
5.000000000000031329e-03
4.863888888888919307e-03
4.888888888888905278e-03
4.688888888888904753e-03
4.850000000000028767e-03
4.944444444444474375e-03
4.911111111111141243e-03
4.919444444444468455e-03
4.655555555555573356e-03
4.613888888888902605e-03
4.794444444444462272e-03
4.855555555555581687e-03
4.983333333333359559e-03
4.711111111111125974e-03
4.888888888888908747e-03
4.891666666666692580e-03
5.086111111111141052e-03
4.827777777777802343e-03
4.794444444444457935e-03
4.866666666666685792e-03
4.772222222222235848e-03
4.991666666666691107e-03
4.722222222222243956e-03
4.750000000000020699e-03
4.666666666666680063e-03
4.722222222222243956e-03
4.861111111111134607e-03
4.677777777777791107e-03
4.836111111111135626e-03
4.608333333333350552e-03
4.636111111111124693e-03
4.550000000000009766e-03
4.883333333333355827e-03
4.544444444444453376e-03
4.602777777777792428e-03
4.802777777777799892e-03
4.775000000000019680e-03
4.613888888888907809e-03
4.686111111111126992e-03
4.761111111111123936e-03
4.630555555555568303e-03
4.608333333333344481e-03
4.519444444444453528e-03
4.836111111111127819e-03
4.636111111111127295e-03
4.633333333333350401e-03
4.408333333333339620e-03
4.616666666666677764e-03
4.905555555555578783e-03
4.730555555555578974e-03
4.283333333333329968e-03
4.486111111111120396e-03
4.608333333333341879e-03
4.619444444444456392e-03
4.488888888888895555e-03
4.686111111111128727e-03
4.630555555555568303e-03
4.466666666666670865e-03
4.669444444444462161e-03
4.550000000000010633e-03
4.572222222222232721e-03
4.530555555555568908e-03
4.425000000000007053e-03
4.611111111111123109e-03
4.641666666666684551e-03
4.708333333333352549e-03
4.538888888888900457e-03
4.561111111111119942e-03
4.555555555555564420e-03
4.488888888888896422e-03
4.422222222222231026e-03
4.722222222222241354e-03
4.444444444444450512e-03
4.313888888888887940e-03
4.444444444444453982e-03
4.547222222222232005e-03
4.563888888888903775e-03
4.288888888888889826e-03
4.500000000000005732e-03
4.527777777777785076e-03
4.513888888888900608e-03
4.416666666666674637e-03
4.427777777777782212e-03
4.166666666666660537e-03
4.383333333333338036e-03
4.333333333333335737e-03
4.372222222222228727e-03
4.700000000000011460e-03
4.444444444444453982e-03
4.355555555555561294e-03
4.483333333333338298e-03
4.641666666666680215e-03
4.452777777777785530e-03
4.299999999999997401e-03
4.633333333333347799e-03
4.380555555555562877e-03
4.500000000000010936e-03
4.502777777777786962e-03
4.569444444444455827e-03
4.205555555555551793e-03
4.375000000000003018e-03
4.191666666666663855e-03
4.202777777777776634e-03
4.269444444444443765e-03
4.363888888888895444e-03
4.419444444444452398e-03
4.063888888888879045e-03
4.225000000000000457e-03
4.391666666666668717e-03
4.450000000000006034e-03
4.405555555555559256e-03
4.208333333333329554e-03
4.413888888888891672e-03
4.358333333333336453e-03
4.194444444444440749e-03
4.194444444444438147e-03
4.400000000000003735e-03
4.169444444444440900e-03
4.180555555555552812e-03
4.283333333333335172e-03
4.261111111111111349e-03
4.461111111111120547e-03
4.391666666666671319e-03
4.266666666666669473e-03
4.388888888888893558e-03
4.277777777777778782e-03
4.386111111111120134e-03
4.208333333333327819e-03
4.244444444444443916e-03
4.227777777777777350e-03
4.163888888888881042e-03
4.316666666666667436e-03
4.224999999999995252e-03
4.327777777777781082e-03
4.044444444444433850e-03
4.183333333333330573e-03
4.216666666666662837e-03
4.144444444444441052e-03
4.136111111111105167e-03
4.019444444444432267e-03
4.247222222222219075e-03
4.113888888888881344e-03
4.191666666666662121e-03
4.136111111111103432e-03
4.063888888888879912e-03
4.361111111111114214e-03
3.974999999999987224e-03
4.049999999999990240e-03
4.177777777777775051e-03
3.802777777777766044e-03
4.097222222222213911e-03
4.086111111111102000e-03
4.011111111111098984e-03
4.116666666666661707e-03
4.072222222222212328e-03
4.205555555555553528e-03
4.180555555555548475e-03
3.938888888888876331e-03
4.102777777777768566e-03
4.441666666666671884e-03
4.116666666666656503e-03
3.936111111111098571e-03
4.024999999999987789e-03
4.047222222222211611e-03
4.099999999999993407e-03
4.197222222222220245e-03
3.994444444444431551e-03
4.230555555555551642e-03
4.061111111111102151e-03
4.063888888888878177e-03
4.199999999999996271e-03
3.924999999999988394e-03
4.155555555555552963e-03
4.002777777777765701e-03
4.086111111111101132e-03
4.008333333333320356e-03
3.913888888888876483e-03
3.788888888888877239e-03
4.149999999999994839e-03
4.169444444444440033e-03
3.852777777777765741e-03
3.852777777777765741e-03
3.986111111111099135e-03
4.005555555555543462e-03
3.894444444444432156e-03
3.844444444444432459e-03
3.994444444444432418e-03
3.947222222222209614e-03
4.044444444444434718e-03
3.916666666666654244e-03
3.905555555555543200e-03
3.794444444444432761e-03
3.880555555555543351e-03
3.944444444444431853e-03
3.797222222222210522e-03
3.805555555555543805e-03
3.791666666666655000e-03
3.883333333333321112e-03
4.102777777777768566e-03
3.949999999999987375e-03
3.947222222222209614e-03
3.894444444444432590e-03
3.872222222222209635e-03
3.983333333333321374e-03
4.099999999999991672e-03
4.011111111111099851e-03
3.927777777777765288e-03
3.888888888888876634e-03
3.897222222222209917e-03
3.824999999999988132e-03
3.883333333333321112e-03
3.922222222222209766e-03
3.913888888888876483e-03
3.986111111111099135e-03
3.863888888888876785e-03
3.980555555555543613e-03
3.794444444444432761e-03
3.883333333333321112e-03
3.727777777777766498e-03
3.799999999999988283e-03
3.741666666666654869e-03
3.711111111111099498e-03
3.872222222222210068e-03
3.819444444444432610e-03
3.927777777777765288e-03
3.686111111111099650e-03
3.763888888888876957e-03
3.738888888888877542e-03
3.855555555555543502e-03
3.863888888888877219e-03
3.788888888888876805e-03
3.672222222222210411e-03
3.702777777777766215e-03
3.658333333333321606e-03
3.749999999999988586e-03
3.949999999999987375e-03
3.738888888888877542e-03
3.752777777777766346e-03
3.808333333333321566e-03
3.672222222222210845e-03
3.774999999999988001e-03
3.713888888888877259e-03
3.688888888888877410e-03
3.863888888888876785e-03
3.722222222222210976e-03
3.819444444444432176e-03
3.819444444444432610e-03
3.866666666666654546e-03
3.674999999999988172e-03
3.730555555555544259e-03
3.569444444444433255e-03
3.880555555555543351e-03
3.697222222222210260e-03
3.766666666666654718e-03
3.558333333333322211e-03
3.766666666666655151e-03
3.572222222222211016e-03
3.672222222222210845e-03
3.861111111111099024e-03
3.627777777777766669e-03
3.577777777777766972e-03
3.699999999999988021e-03
3.786111111111099478e-03
3.672222222222210845e-03
3.519444444444433558e-03
3.552777777777767123e-03
3.783333333333321283e-03
3.591666666666655777e-03
3.663888888888877128e-03
3.638888888888877713e-03
3.799999999999988283e-03
3.766666666666654718e-03
3.683333333333321455e-03
3.566666666666655494e-03
3.766666666666654718e-03
3.677777777777766367e-03
3.499999999999988797e-03
3.572222222222211016e-03
3.608333333333321909e-03
3.624999999999988908e-03
3.474999999999989382e-03
3.602777777777766387e-03
3.588888888888878016e-03
3.527777777777766841e-03
3.447222222222211772e-03
3.972222222222209463e-03
3.555555555555544884e-03
3.447222222222211772e-03
3.472222222222211187e-03
3.558333333333322211e-03
3.713888888888877259e-03
3.658333333333322040e-03
3.583333333333322060e-03
3.608333333333322342e-03
3.755555555555544107e-03
3.655555555555543845e-03
3.524999999999989080e-03
3.686111111111099650e-03
3.516666666666655363e-03
3.547222222222211601e-03
3.536111111111099690e-03
3.663888888888877562e-03
3.583333333333322494e-03
3.472222222222211621e-03
3.405555555555545358e-03
3.380555555555545075e-03
3.511111111111100275e-03
3.480555555555544470e-03
3.574999999999988777e-03
3.602777777777766820e-03
3.483333333333322665e-03
3.647222222222210996e-03
3.533333333333321929e-03
3.630555555555544430e-03
3.433333333333322534e-03
3.530555555555544602e-03
3.599999999999989059e-03
3.511111111111099841e-03
3.549999999999989362e-03
3.316666666666656573e-03
3.491666666666655948e-03
3.530555555555544602e-03
3.422222222222211924e-03
3.436111111111100729e-03
3.349999999999989271e-03
3.394444444444433880e-03
3.361111111111100315e-03
3.294444444444434052e-03
3.508333333333322080e-03
3.541666666666655645e-03
3.527777777777766841e-03
3.527777777777766407e-03
3.555555555555544884e-03
3.511111111111099841e-03
3.558333333333322211e-03
3.674999999999988606e-03
3.477777777777766709e-03
3.488888888888878187e-03
3.447222222222211339e-03
3.505555555555544753e-03
3.474999999999988948e-03
3.494444444444433709e-03
3.399999999999989402e-03
3.211111111111101656e-03
3.436111111111100295e-03
3.291666666666656291e-03
3.474999999999988948e-03
3.674999999999988606e-03
3.508333333333322514e-03
3.547222222222211601e-03
3.427777777777767012e-03
3.449999999999989533e-03
3.480555555555544470e-03
3.608333333333321909e-03
3.488888888888877753e-03
3.394444444444433880e-03
3.458333333333322816e-03
3.580555555555544733e-03
