5.338235294117630193e-04
5.959558823529393116e-04
6.003676470588216506e-04
5.985294117647040274e-04
6.040441176470568970e-04
6.386029411764685164e-04
6.363970588235273469e-04
6.397058823529391553e-04
6.371323529411744395e-04
6.433823529411744017e-04
6.672794117647037199e-04
6.702205882352919820e-04
6.628676470588214893e-04
6.647058823529391125e-04
6.801470588235271906e-04
6.499999999999979102e-04
6.779411764705861295e-04
6.474264705882331944e-04
6.624999999999978345e-04
6.845588235294095296e-04
6.805147058823507369e-04
7.018382352941153392e-04
6.900735294117626159e-04
7.088235294117623941e-04
7.294117647058800122e-04
7.308823529411740891e-04
7.327205882352918207e-04
7.077205882352918635e-04
7.334558823529388049e-04
7.176470588235270721e-04
7.209558823529389890e-04
7.386029411764682365e-04
7.415441176470564987e-04
7.253676470588212195e-04
6.959558823529390318e-04
7.202205882352918963e-04
7.249999999999976732e-04
7.132352941176447331e-04
7.650735294117622706e-04
7.330882352941152586e-04
7.003676470588212624e-04
7.213235294117623184e-04
7.176470588235270721e-04
7.279411764705858269e-04
7.466911764705858219e-04
7.238970588235270343e-04
7.551470588235270620e-04
7.691176470588211717e-04
7.511029411764681609e-04
7.301470588235269964e-04
7.661764705882329095e-04
7.694852941176445011e-04
7.382352941176446902e-04
7.610294117647033695e-04
7.742647058823503865e-04
7.110294117647035636e-04
7.253676470588212195e-04
7.503676470588210683e-04
7.536764705882328767e-04
7.389705882352917829e-04
7.143382352941153720e-04
7.647058823529387242e-04
7.900735294117621193e-04
7.617647058823504621e-04
7.290441176470565743e-04
7.643382352941152863e-04
7.316176470588212901e-04
7.613970588235270242e-04
7.308823529411740891e-04
7.669117647058800022e-04
7.529411764705858925e-04
7.647058823529387242e-04
7.757352941176446802e-04
7.463235294117622756e-04
7.305147058823505428e-04
7.360294117647035207e-04
7.621323529411740084e-04
7.437499999999976682e-04
7.261029411764682038e-04
7.562499999999974841e-04
7.761029411764681181e-04
7.452205882352918535e-04
7.371323529411740513e-04
7.290441176470565743e-04
7.628676470588209926e-04
7.316176470588211817e-04
7.345588235294094439e-04
7.503676470588210683e-04
7.297794117647036670e-04
7.312499999999976354e-04
7.544117647058799694e-04
7.566176470588210305e-04
7.643382352941151779e-04
7.503676470588210683e-04
7.191176470588211489e-04
7.400735294117623134e-04
7.584558823529387621e-04
7.433823529411740134e-04
7.768382352941152107e-04
7.231617647058800500e-04
7.602941176470563852e-04
7.194852941176448037e-04
7.676470588235269864e-04
7.158088235294094489e-04
7.558823529411740462e-04
7.470588235294094766e-04
7.683823529411740790e-04
7.477941176470563524e-04
7.419117647058800450e-04
7.591911764705857463e-04
7.455882352941152914e-04
7.371323529411741597e-04
7.264705882352917501e-04
7.503676470588210683e-04
7.264705882352917501e-04
7.235294117647034879e-04
7.632352941176446474e-04
7.514705882352917072e-04
7.819852941176445339e-04
7.808823529411740034e-04
7.716911764705857791e-04
7.687499999999975169e-04
7.400735294117624218e-04
7.448529411764681987e-04
7.297794117647035585e-04
7.341911764705860060e-04
7.624999999999976632e-04
7.349264705882328818e-04
7.724264705882328717e-04
7.647058823529388327e-04
7.345588235294093354e-04
7.672794117647033316e-04
7.654411764705858169e-04
7.191176470588211489e-04
7.452205882352917450e-04
7.613970588235270242e-04
7.437499999999976682e-04
7.658088235294092548e-04
7.150735294117624647e-04
7.606617647058798231e-04
7.470588235294093682e-04
7.886029411764680424e-04
7.746323529411740412e-04
7.687499999999975169e-04
7.154411764705859026e-04
7.698529411764680475e-04
7.441176470588211061e-04
7.275735294117623890e-04
7.415441176470564987e-04
7.474264705882329145e-04
7.422794117647034829e-04
7.334558823529389133e-04
7.536764705882329851e-04
7.547794117647035157e-04
7.536764705882329851e-04
7.330882352941152586e-04
7.628676470588209926e-04
7.533088235294093304e-04
7.305147058823505428e-04
7.632352941176445390e-04
7.683823529411739706e-04
7.374999999999975976e-04
7.444852941176447608e-04
7.459558823529388377e-04
7.488970588235269914e-04
7.481617647058798988e-04
7.702205882352915938e-04
7.511029411764682693e-04
7.591911764705857463e-04
7.459558823529387293e-04
7.496323529411741925e-04
7.477941176470563524e-04
7.654411764705857085e-04
7.499999999999976304e-04
7.492647058823506461e-04
7.562499999999974841e-04
7.106617647058800172e-04
7.308823529411740891e-04
7.518382352941151451e-04
7.577205882352916694e-04
7.871323529411739656e-04
7.044117647058800551e-04
7.797794117647034728e-04
7.345588235294094439e-04
7.632352941176446474e-04
7.761029411764681181e-04
7.389705882352917829e-04
7.374999999999975976e-04
7.518382352941151451e-04
7.658088235294093632e-04
7.176470588235271805e-04
7.246323529411741269e-04
7.845588235294092497e-04
7.650735294117622706e-04
7.415441176470563903e-04
7.514705882352917072e-04
7.334558823529389133e-04
7.444852941176447608e-04
7.470588235294093682e-04
7.591911764705857463e-04
7.386029411764683450e-04
7.488970588235269914e-04
7.580882352941152157e-04
7.529411764705858925e-04
7.827205882352915181e-04
7.477941176470563524e-04
7.264705882352917501e-04
7.735294117647035107e-04
7.547794117647034073e-04
7.613970588235270242e-04
7.356617647058799744e-04
7.580882352941152157e-04
7.606617647058798231e-04
7.742647058823504949e-04
7.345588235294094439e-04
7.624999999999975547e-04
7.404411764705858597e-04
7.268382352941152964e-04
7.334558823529389133e-04
7.452205882352918535e-04
7.492647058823505377e-04
7.790441176470563802e-04
7.341911764705858975e-04
7.492647058823505377e-04
7.382352941176446902e-04
7.610294117647034779e-04
7.812499999999974413e-04
7.397058823529388755e-04
7.636029411764681937e-04
7.753676470588211338e-04
7.290441176470564659e-04
7.639705882352916316e-04
7.481617647058798988e-04
7.481617647058798988e-04
7.580882352941152157e-04
7.823529411764680802e-04
7.496323529411739756e-04
7.397058823529387671e-04
7.330882352941153670e-04
7.735294117647034022e-04
7.433823529411740134e-04
7.882352941176446045e-04
7.466911764705858219e-04
7.632352941176445390e-04
7.308823529411740891e-04
7.624999999999975547e-04
7.658088235294093632e-04
7.610294117647034779e-04
7.463235294117622756e-04
7.547794117647034073e-04
7.577205882352916694e-04
7.595588235294092926e-04
7.569852941176446852e-04
7.283088235294093733e-04
7.426470588235271376e-04
7.698529411764680475e-04
7.871323529411738571e-04
7.599264705882329473e-04
7.268382352941152964e-04
7.323529411764681659e-04
7.551470588235269536e-04
7.352941176470564281e-04
7.455882352941151829e-04
7.349264705882328818e-04
7.658088235294092548e-04
7.441176470588212145e-04
7.643382352941151779e-04
7.566176470588211389e-04
7.602941176470563852e-04
7.514705882352918156e-04
7.419117647058799366e-04
7.687499999999976253e-04
7.378676470588212523e-04
7.253676470588212195e-04
7.599264705882328389e-04
7.345588235294094439e-04
7.323529411764681659e-04
7.437499999999975598e-04
7.227941176470565037e-04
7.488970588235270998e-04
7.628676470588209926e-04
7.231617647058800500e-04
7.481617647058800072e-04
7.415441176470563903e-04
7.492647058823506461e-04
7.492647058823506461e-04
7.533088235294094388e-04
7.180147058823507268e-04
7.286764705882329196e-04
7.279411764705858269e-04
7.323529411764681659e-04
7.444852941176446524e-04
7.485294117647034451e-04
7.257352941176447659e-04
7.507352941176447230e-04
7.477941176470563524e-04
7.448529411764683071e-04
7.202205882352918963e-04
7.408088235294095145e-04
7.562499999999975926e-04
7.404411764705859681e-04
7.610294117647034779e-04
7.419117647058799366e-04
7.742647058823503865e-04
7.819852941176446423e-04
7.492647058823506461e-04
7.926470588235268351e-04
7.628676470588209926e-04
7.577205882352917778e-04
7.389705882352917829e-04
7.886029411764681508e-04
7.481617647058800072e-04
7.411764705882329524e-04
7.290441176470565743e-04
7.378676470588211439e-04
7.676470588235269864e-04
7.499999999999976304e-04
7.588235294117622000e-04
7.727941176470564180e-04
7.448529411764683071e-04
7.617647058823504621e-04
7.349264705882328818e-04
7.305147058823506512e-04
7.477941176470564609e-04
7.580882352941152157e-04
7.374999999999975976e-04
7.624999999999976632e-04
7.216911764705858648e-04
7.661764705882329095e-04
7.661764705882329095e-04
7.724264705882328717e-04
7.330882352941152586e-04
7.595588235294092926e-04
7.301470588235271049e-04
7.055147058823506940e-04
7.518382352941151451e-04
7.897058823529386814e-04
7.595588235294094010e-04
7.518382352941153620e-04
7.827205882352916266e-04
7.426470588235271376e-04
7.466911764705858219e-04
7.470588235294093682e-04
7.647058823529388327e-04
7.669117647058800022e-04
7.569852941176445768e-04
7.470588235294094766e-04
7.525735294117622378e-04
7.610294117647033695e-04
7.341911764705860060e-04
7.408088235294095145e-04
7.749999999999975875e-04
7.547794117647035157e-04
7.812499999999974413e-04
7.768382352941152107e-04
7.477941176470563524e-04
7.687499999999976253e-04
7.683823529411740790e-04
7.463235294117622756e-04
7.474264705882330230e-04
7.577205882352917778e-04
7.705882352941152485e-04
7.621323529411741168e-04
7.327205882352918207e-04
7.485294117647034451e-04
7.492647058823506461e-04
7.452205882352917450e-04
7.371323529411741597e-04
7.746323529411740412e-04
7.261029411764683122e-04
7.845588235294093582e-04
7.522058823529386914e-04
7.227941176470565037e-04
7.669117647058798937e-04
7.599264705882328389e-04
7.761029411764681181e-04
7.628676470588209926e-04
7.507352941176446146e-04
7.257352941176446574e-04
7.459558823529388377e-04
8.084558823529386764e-04
7.481617647058800072e-04
7.488970588235269914e-04
7.772058823529387570e-04
7.819852941176446423e-04
7.363970588235270670e-04
7.477941176470564609e-04
7.441176470588211061e-04
7.492647058823505377e-04
7.386029411764682365e-04
7.650735294117622706e-04
7.397058823529388755e-04
7.448529411764681987e-04
7.801470588235270192e-04
7.676470588235268780e-04
7.749999999999974791e-04
7.437499999999975598e-04
7.305147058823505428e-04
7.485294117647034451e-04
7.360294117647035207e-04
7.371323529411740513e-04
7.672794117647033316e-04
7.588235294117623084e-04
7.727941176470564180e-04
7.492647058823506461e-04
7.584558823529386536e-04
7.139705882352918257e-04
7.676470588235269864e-04
7.305147058823506512e-04
7.444852941176447608e-04
7.555147058823504999e-04
7.768382352941151023e-04
7.176470588235270721e-04
7.602941176470564937e-04
7.389705882352917829e-04
7.801470588235270192e-04
7.455882352941151829e-04
7.522058823529386914e-04
7.702205882352917022e-04
7.551470588235269536e-04
7.477941176470564609e-04
7.279411764705859354e-04
7.455882352941151829e-04
7.367647058823506134e-04
7.371323529411741597e-04
7.536764705882329851e-04
7.511029411764682693e-04
7.566176470588210305e-04
7.617647058823505705e-04
7.621323529411740084e-04
7.661764705882329095e-04
7.334558823529389133e-04
7.566176470588211389e-04
7.496323529411739756e-04
7.632352941176445390e-04
7.562499999999975926e-04
7.661764705882329095e-04
7.257352941176447659e-04
7.452205882352917450e-04
7.415441176470563903e-04
7.621323529411740084e-04
7.573529411764681231e-04
7.687499999999975169e-04
7.588235294117623084e-04
7.301470588235271049e-04
7.448529411764681987e-04
7.529411764705857841e-04
7.382352941176446902e-04
7.599264705882329473e-04
7.470588235294094766e-04
7.812499999999974413e-04
7.327205882352918207e-04
7.599264705882328389e-04
7.647058823529388327e-04
7.158088235294095573e-04
7.496323529411741925e-04
7.430147058823506840e-04
7.246323529411741269e-04
7.297794117647035585e-04
7.352941176470565365e-04
7.698529411764680475e-04
7.297794117647035585e-04
7.503676470588210683e-04
7.488970588235269914e-04
7.400735294117624218e-04
7.547794117647034073e-04
7.599264705882329473e-04
7.643382352941152863e-04
7.595588235294094010e-04
7.941176470588210204e-04
7.169117647058800879e-04
7.636029411764680853e-04
7.349264705882328818e-04
7.672794117647034401e-04
7.540441176470565315e-04
7.290441176470564659e-04
7.937499999999973656e-04
7.477941176470563524e-04
7.382352941176446902e-04
7.408088235294094060e-04
7.312499999999977438e-04
7.415441176470563903e-04
7.518382352941153620e-04
7.606617647058799316e-04
7.209558823529388805e-04
7.944852941176445667e-04
7.599264705882328389e-04
7.624999999999975547e-04
7.422794117647035913e-04
7.525735294117622378e-04
7.580882352941153242e-04
7.713235294117622327e-04
7.496323529411741925e-04
7.242647058823505806e-04
7.661764705882328011e-04
7.455882352941152914e-04
7.536764705882329851e-04
7.580882352941152157e-04
7.367647058823505049e-04
7.330882352941152586e-04
7.573529411764682315e-04
7.386029411764682365e-04
7.551470588235269536e-04
7.867647058823505277e-04
7.511029411764681609e-04
7.397058823529388755e-04
7.466911764705858219e-04
7.613970588235269158e-04
7.856617647058797803e-04
7.496323529411739756e-04
7.279411764705858269e-04
7.297794117647036670e-04
7.768382352941151023e-04
7.650735294117621621e-04
7.477941176470564609e-04
7.128676470588212952e-04
7.562499999999974841e-04
7.452205882352917450e-04
7.610294117647034779e-04
7.624999999999975547e-04
7.397058823529387671e-04
7.308823529411740891e-04
7.341911764705858975e-04
7.426470588235271376e-04
7.305147058823505428e-04
7.584558823529387621e-04
7.584558823529386536e-04
7.378676470588211439e-04
7.694852941176445011e-04
7.569852941176445768e-04
7.150735294117624647e-04
7.727941176470563096e-04
7.533088235294093304e-04
7.411764705882329524e-04
7.669117647058798937e-04
7.533088235294093304e-04
7.496323529411739756e-04
7.731617647058799643e-04
7.639705882352917400e-04
7.297794117647036670e-04
7.511029411764682693e-04
7.602941176470563852e-04
7.606617647058799316e-04
7.327205882352917123e-04
7.691176470588211717e-04
7.235294117647034879e-04
7.786764705882327255e-04
7.624999999999975547e-04
7.720588235294092170e-04
7.647058823529388327e-04
7.624999999999976632e-04
7.441176470588211061e-04
7.606617647058799316e-04
7.889705882352916972e-04
7.650735294117622706e-04
7.452205882352917450e-04
7.356617647058799744e-04
7.132352941176448415e-04
7.452205882352917450e-04
7.658088235294092548e-04
7.404411764705858597e-04
7.430147058823506840e-04
7.400735294117623134e-04
7.665441176470564558e-04
7.330882352941152586e-04
7.580882352941152157e-04
7.731617647058798559e-04
7.411764705882328439e-04
7.643382352941151779e-04
7.459558823529388377e-04
7.397058823529387671e-04
7.488970588235269914e-04
7.448529411764681987e-04
7.801470588235270192e-04
7.569852941176445768e-04
7.584558823529386536e-04
7.261029411764683122e-04
7.790441176470562718e-04
7.639705882352916316e-04
7.474264705882329145e-04
7.404411764705859681e-04
7.544117647058799694e-04
7.238970588235271427e-04
7.165441176470565415e-04
7.680147058823505327e-04
7.591911764705858547e-04
7.316176470588211817e-04
7.566176470588210305e-04
7.544117647058798609e-04
7.147058823529389184e-04
7.397058823529387671e-04
7.268382352941154048e-04
7.474264705882329145e-04
7.569852941176446852e-04
7.419117647058800450e-04
7.499999999999976304e-04
7.742647058823503865e-04
7.235294117647034879e-04
7.503676470588210683e-04
7.466911764705858219e-04
7.485294117647034451e-04
7.345588235294093354e-04
7.481617647058798988e-04
7.363970588235270670e-04
7.665441176470563474e-04
7.856617647058798887e-04
7.540441176470563146e-04
7.448529411764681987e-04
7.397058823529388755e-04
7.360294117647036291e-04
7.507352941176447230e-04
7.249999999999977816e-04
7.658088235294092548e-04
7.551470588235270620e-04
7.426470588235270292e-04
7.466911764705858219e-04
7.709558823529386864e-04
7.448529411764681987e-04
7.709558823529387948e-04
7.742647058823503865e-04
7.676470588235269864e-04
7.518382352941151451e-04
7.481617647058798988e-04
7.408088235294095145e-04
7.503676470588210683e-04
7.246323529411742353e-04
7.441176470588211061e-04
7.621323529411740084e-04
7.816176470588210960e-04
7.268382352941152964e-04
7.639705882352916316e-04
7.908088235294093203e-04
7.485294117647034451e-04
7.419117647058800450e-04
7.536764705882328767e-04
7.463235294117622756e-04
7.794117647058798181e-04
7.419117647058799366e-04
7.257352941176447659e-04
7.584558823529386536e-04
7.485294117647034451e-04
7.452205882352917450e-04
7.584558823529387621e-04
7.238970588235270343e-04
7.680147058823504243e-04
7.882352941176446045e-04
7.363970588235271755e-04
7.742647058823504949e-04
7.485294117647035535e-04
7.522058823529386914e-04
7.551470588235269536e-04
7.477941176470564609e-04
7.499999999999976304e-04
7.400735294117624218e-04
7.687499999999976253e-04
7.205882352941153342e-04
7.249999999999976732e-04
7.444852941176447608e-04
7.499999999999975219e-04
7.345588235294093354e-04
7.724264705882328717e-04
7.599264705882328389e-04
7.408088235294094060e-04
7.389705882352916744e-04
7.636029411764680853e-04
7.536764705882329851e-04
7.433823529411740134e-04
7.481617647058800072e-04
7.724264705882327633e-04
7.316176470588211817e-04
7.547794117647034073e-04
7.533088235294093304e-04
7.242647058823506890e-04
7.544117647058799694e-04
7.499999999999975219e-04
7.595588235294094010e-04
7.397058823529387671e-04
7.404411764705858597e-04
7.481617647058798988e-04
7.334558823529388049e-04
7.669117647058800022e-04
7.753676470588211338e-04
7.338235294117623512e-04
7.496323529411739756e-04
7.665441176470563474e-04
7.555147058823506083e-04
7.731617647058798559e-04
7.569852941176445768e-04
7.584558823529386536e-04
7.514705882352918156e-04
7.360294117647035207e-04
7.533088235294093304e-04
7.437499999999976682e-04
7.397058823529387671e-04
7.415441176470563903e-04
7.349264705882329902e-04
7.639705882352916316e-04
7.264705882352917501e-04
7.463235294117622756e-04
8.165441176470562617e-04
7.316176470588211817e-04
7.540441176470563146e-04
7.676470588235268780e-04
7.533088235294093304e-04
7.617647058823504621e-04
7.577205882352916694e-04
7.529411764705858925e-04
7.768382352941151023e-04
7.694852941176445011e-04
7.573529411764681231e-04
7.794117647058799265e-04
7.360294117647036291e-04
7.341911764705858975e-04
7.488970588235270998e-04
7.624999999999976632e-04
7.393382352941152208e-04
7.474264705882329145e-04
7.518382352941153620e-04
7.286764705882329196e-04
7.595588235294092926e-04
7.235294117647035964e-04
7.371323529411740513e-04
7.547794117647035157e-04
7.503676470588210683e-04
7.661764705882328011e-04
7.555147058823504999e-04
7.591911764705858547e-04
7.735294117647034022e-04
7.319852941176448365e-04
7.463235294117622756e-04
7.459558823529388377e-04
7.768382352941152107e-04
7.595588235294094010e-04
7.121323529411742025e-04
7.433823529411741219e-04
7.529411764705858925e-04
7.426470588235270292e-04
7.459558823529388377e-04
7.588235294117622000e-04
7.488970588235270998e-04
7.602941176470564937e-04
7.569852941176445768e-04
7.415441176470564987e-04
7.330882352941153670e-04
7.408088235294095145e-04
8.180147058823502302e-04
7.713235294117622327e-04
7.279411764705859354e-04
7.551470588235270620e-04
7.819852941176446423e-04
7.323529411764682744e-04
7.558823529411741547e-04
7.419117647058800450e-04
7.547794117647034073e-04
7.569852941176446852e-04
7.349264705882328818e-04
7.408088235294094060e-04
7.411764705882328439e-04
7.463235294117623840e-04
7.455882352941152914e-04
7.485294117647035535e-04
7.757352941176446802e-04
7.389705882352916744e-04
7.430147058823505755e-04
7.613970588235269158e-04
7.643382352941151779e-04
7.297794117647035585e-04
7.415441176470564987e-04
7.555147058823504999e-04
7.323529411764681659e-04
7.080882352941155183e-04
7.658088235294092548e-04
7.481617647058798988e-04
7.312499999999977438e-04
7.397058823529388755e-04
7.680147058823504243e-04
7.481617647058800072e-04
7.749999999999975875e-04
7.345588235294094439e-04
7.492647058823506461e-04
7.363970588235270670e-04
7.452205882352917450e-04
7.632352941176446474e-04
7.764705882352916644e-04
7.452205882352918535e-04
7.624999999999976632e-04
7.319852941176447280e-04
7.808823529411740034e-04
7.338235294117623512e-04
7.382352941176446902e-04
7.161764705882329952e-04
7.249999999999977816e-04
7.426470588235270292e-04
7.514705882352917072e-04
7.352941176470565365e-04
7.437499999999975598e-04
7.444852941176447608e-04
7.551470588235269536e-04
7.658088235294093632e-04
7.683823529411740790e-04
7.569852941176445768e-04
7.562499999999975926e-04
7.419117647058800450e-04
7.720588235294093254e-04
7.253676470588213280e-04
7.694852941176446096e-04
7.716911764705857791e-04
7.172794117647035258e-04
7.477941176470564609e-04
7.669117647058798937e-04
7.602941176470564937e-04
7.367647058823505049e-04
7.470588235294094766e-04
7.639705882352917400e-04
7.404411764705858597e-04
7.555147058823504999e-04
7.639705882352917400e-04
7.540441176470565315e-04
7.558823529411741547e-04
7.503676470588210683e-04
7.724264705882328717e-04
7.430147058823506840e-04
7.507352941176446146e-04
7.569852941176445768e-04
7.566176470588210305e-04
7.275735294117623890e-04
7.246323529411741269e-04
7.680147058823504243e-04
7.389705882352917829e-04
7.713235294117622327e-04
7.507352941176447230e-04
7.419117647058799366e-04
7.599264705882329473e-04
7.606617647058799316e-04
7.448529411764683071e-04
7.569852941176445768e-04
7.400735294117623134e-04
7.753676470588210254e-04
7.492647058823505377e-04
7.544117647058798609e-04
7.775735294117623033e-04
7.492647058823506461e-04
7.308823529411741975e-04
7.591911764705857463e-04
7.367647058823506134e-04
7.382352941176447986e-04
7.599264705882329473e-04
7.621323529411740084e-04
7.624999999999976632e-04
7.308823529411740891e-04
7.511029411764682693e-04
7.477941176470564609e-04
7.499999999999975219e-04
7.474264705882330230e-04
7.408088235294095145e-04
7.658088235294092548e-04
7.224264705882329574e-04
7.294117647058801206e-04
7.488970588235270998e-04
7.544117647058799694e-04
7.426470588235270292e-04
7.610294117647033695e-04
7.562499999999975926e-04
7.257352941176446574e-04
7.481617647058798988e-04
7.452205882352918535e-04
7.408088235294094060e-04
7.503676470588210683e-04
7.294117647058801206e-04
7.470588235294093682e-04
7.503676470588211767e-04
7.382352941176446902e-04
7.698529411764681559e-04
7.452205882352917450e-04
7.150735294117624647e-04
7.305147058823505428e-04
7.264705882352917501e-04
7.555147058823504999e-04
7.411764705882328439e-04
7.488970588235270998e-04
7.544117647058798609e-04
7.374999999999977060e-04
7.702205882352917022e-04
7.290441176470564659e-04
7.198529411764683500e-04
7.522058823529387999e-04
7.338235294117624596e-04
7.580882352941152157e-04
7.790441176470563802e-04
7.297794117647035585e-04
7.415441176470563903e-04
7.599264705882328389e-04
7.555147058823504999e-04
7.382352941176447986e-04
7.591911764705857463e-04
7.577205882352916694e-04
7.503676470588210683e-04
7.551470588235270620e-04
7.033088235294095245e-04
7.992647058823504520e-04
7.544117647058799694e-04
7.205882352941153342e-04
7.334558823529388049e-04
7.595588235294092926e-04
7.683823529411740790e-04
7.595588235294094010e-04
7.591911764705857463e-04
7.628676470588209926e-04
7.474264705882330230e-04
7.330882352941153670e-04
7.459558823529388377e-04
7.643382352941152863e-04
7.636029411764681937e-04
7.492647058823506461e-04
7.555147058823506083e-04
7.783088235294091791e-04
7.808823529411738950e-04
7.408088235294095145e-04
7.588235294117622000e-04
7.378676470588211439e-04
7.463235294117622756e-04
7.378676470588212523e-04
7.544117647058798609e-04
7.716911764705856706e-04
7.404411764705858597e-04
7.393382352941152208e-04
7.492647058823506461e-04
7.444852941176447608e-04
7.687499999999975169e-04
7.636029411764681937e-04
7.588235294117623084e-04
7.551470588235269536e-04
7.525735294117623462e-04
7.544117647058798609e-04
7.540441176470563146e-04
7.555147058823506083e-04
7.382352941176446902e-04
7.558823529411741547e-04
7.463235294117622756e-04
7.249999999999977816e-04
7.665441176470563474e-04
7.128676470588211867e-04
7.507352941176447230e-04
7.680147058823504243e-04
7.408088235294094060e-04
7.408088235294094060e-04
7.507352941176447230e-04
7.499999999999976304e-04
7.577205882352916694e-04
7.220588235294095195e-04
7.514705882352918156e-04
7.477941176470563524e-04
7.621323529411740084e-04
7.400735294117623134e-04
7.455882352941152914e-04
7.507352941176446146e-04
7.547794117647035157e-04
7.595588235294094010e-04
7.547794117647034073e-04
7.286764705882329196e-04
7.749999999999975875e-04
7.613970588235269158e-04
7.371323529411741597e-04
7.566176470588211389e-04
7.242647058823506890e-04
7.654411764705858169e-04
7.422794117647035913e-04
7.558823529411740462e-04
7.746323529411739328e-04
7.753676470588211338e-04
7.713235294117622327e-04
7.643382352941151779e-04
7.433823529411740134e-04
7.463235294117622756e-04
7.444852941176447608e-04
7.411764705882328439e-04
7.433823529411741219e-04
7.441176470588211061e-04
7.830882352941150645e-04
7.205882352941153342e-04
6.911764705882331465e-04
7.507352941176446146e-04
7.422794117647035913e-04
7.419117647058800450e-04
7.371323529411740513e-04
7.481617647058798988e-04
7.742647058823504949e-04
7.540441176470565315e-04
7.242647058823505806e-04
7.536764705882329851e-04
7.547794117647034073e-04
7.352941176470564281e-04
7.268382352941154048e-04
7.610294117647034779e-04
7.731617647058798559e-04
7.573529411764681231e-04
7.411764705882328439e-04
7.551470588235270620e-04
7.352941176470565365e-04
7.518382352941153620e-04
7.610294117647034779e-04
7.588235294117623084e-04
7.525735294117623462e-04
7.687499999999975169e-04
7.503676470588210683e-04
7.518382352941151451e-04
7.547794117647034073e-04
7.246323529411741269e-04
7.261029411764683122e-04
7.301470588235269964e-04
7.272058823529389511e-04
7.176470588235270721e-04
6.977941176470566550e-04
6.900735294117626159e-04
6.974264705882331087e-04
7.011029411764684634e-04
6.838235294117625453e-04
6.676470588235272662e-04
6.716911764705860589e-04
6.356617647058803626e-04
6.477941176470568491e-04
6.595588235294096808e-04
6.290441176470568541e-04
6.345588235294097237e-04
6.253676470588214993e-04
6.378676470588215321e-04
6.069852941176451591e-04
6.154411764705862908e-04
6.231617647058803298e-04
5.911764705882334263e-04
6.033088235294098043e-04
6.169117647058803677e-04
6.426470588235273090e-04
6.099264705882333128e-04
5.834558823529392788e-04
6.084558823529392360e-04
5.691176470588217313e-04
5.786764705882335019e-04
5.382352941176453583e-04
5.705882352941158081e-04
5.764705882352923324e-04
5.797794117647040325e-04
5.794117647058804861e-04
5.647058823529393923e-04
5.507352941176453911e-04
5.533088235294099985e-04
5.661764705882334691e-04
5.830882352941158409e-04
5.488970588235276594e-04
5.463235294117629436e-04
5.327205882352924887e-04
5.680147058823510923e-04
5.555147058823511680e-04
5.522058823529394679e-04
5.632352941176453154e-04
5.257352941176454339e-04
5.518382352941159216e-04
5.591911764705865227e-04
5.558823529411747143e-04
5.562499999999982606e-04
5.540441176470570911e-04
5.371323529411748277e-04
5.426470588235276973e-04
5.330882352941159266e-04
5.183823529411748328e-04
5.455882352941159594e-04
5.374999999999982656e-04
5.444852941176453204e-04
5.503676470588218447e-04
5.430147058823512436e-04
5.202205882352924559e-04
5.757352941176452398e-04
5.426470588235276973e-04
5.742647058823511629e-04
5.231617647058807181e-04
5.522058823529394679e-04
5.154411764705866790e-04
5.220588235294100791e-04
5.393382352941161056e-04
5.437499999999983362e-04
5.374999999999982656e-04
5.257352941176454339e-04
5.363970588235277351e-04
5.430147058823512436e-04
5.422794117647041509e-04
5.393382352941159972e-04
5.514705882352923753e-04
5.261029411764689802e-04
5.488970588235276594e-04
5.360294117647041888e-04
5.169117647058807559e-04
5.257352941176454339e-04
5.522058823529395763e-04
5.363970588235277351e-04
5.433823529411747899e-04
5.430147058823512436e-04
5.430147058823512436e-04
5.650735294117629386e-04
5.154411764705866790e-04
5.441176470588217741e-04
5.121323529411748706e-04
5.716911764705864471e-04
5.415441176470571667e-04
5.426470588235276973e-04
5.205882352941160023e-04
5.518382352941159216e-04
5.444852941176453204e-04
5.499999999999982984e-04
5.360294117647041888e-04
5.470588235294100363e-04
5.507352941176452826e-04
5.492647058823512058e-04
5.455882352941159594e-04
5.316176470588218498e-04
5.477941176470571289e-04
5.452205882352924131e-04
5.749999999999981471e-04
5.687499999999981850e-04
5.389705882352925593e-04
5.632352941176453154e-04
5.470588235294100363e-04
5.477941176470571289e-04
5.499999999999982984e-04
5.919117647058805189e-04
5.816176470588216556e-04
5.389705882352924509e-04
5.720588235294099934e-04
5.555147058823511680e-04
5.430147058823512436e-04
5.606617647058805996e-04
5.496323529411747521e-04
5.536764705882335448e-04
5.669117647058805618e-04
5.496323529411747521e-04
5.400735294117629814e-04
5.602941176470570533e-04
5.536764705882335448e-04
5.669117647058805618e-04
5.621323529411746765e-04
5.705882352941158081e-04
5.558823529411747143e-04
5.536764705882335448e-04
5.415441176470571667e-04
5.393382352941159972e-04
5.558823529411747143e-04
5.525735294117630142e-04
5.606617647058807080e-04
5.805147058823511251e-04
5.812499999999981093e-04
5.488970588235276594e-04
5.345588235294101119e-04
5.882352941176451641e-04
5.871323529411746336e-04
5.610294117647041459e-04
5.617647058823511301e-04
5.441176470588217741e-04
5.672794117647041081e-04
5.654411764705864849e-04
5.694852941176452776e-04
5.702205882352922618e-04
5.698529411764688239e-04
5.617647058823511301e-04
5.959558823529393116e-04
5.757352941176452398e-04
5.613970588235276922e-04
5.503676470588218447e-04
5.908088235294099884e-04
5.558823529411747143e-04
5.669117647058805618e-04
5.518382352941159216e-04
5.632352941176453154e-04
5.628676470588217691e-04
5.551470588235276216e-04
5.797794117647040325e-04
5.529411764705864521e-04
5.577205882352923375e-04
5.562499999999982606e-04
5.797794117647040325e-04
5.805147058823511251e-04
5.738970588235276166e-04
5.812499999999981093e-04
5.757352941176452398e-04
5.731617647058805240e-04
5.805147058823511251e-04
5.786764705882335019e-04
5.724264705882334313e-04
5.580882352941158838e-04
5.819852941176452020e-04
5.764705882352923324e-04
5.944852941176451263e-04
5.897058823529393494e-04
5.867647058823510873e-04
5.639705882352922996e-04
5.919117647058805189e-04
5.555147058823511680e-04
5.496323529411747521e-04
5.621323529411746765e-04
5.882352941176451641e-04
5.845588235294099178e-04
5.768382352941157703e-04
5.904411764705863336e-04
5.404411764705865278e-04
5.808823529411746714e-04
5.790441176470569398e-04
5.889705882352922568e-04
5.889705882352922568e-04
5.801470588235275788e-04
5.753676470588216935e-04
5.606617647058805996e-04
5.647058823529393923e-04
5.613970588235276922e-04
5.841911764705863715e-04
5.996323529411745580e-04
5.775735294117628630e-04
5.933823529411745958e-04
5.878676470588216178e-04
6.003676470588216506e-04
6.036764705882333507e-04
5.599264705882335070e-04
5.992647058823510117e-04
5.764705882352923324e-04
6.102941176470568592e-04
5.977941176470569348e-04
5.834558823529392788e-04
5.889705882352923652e-04
5.981617647058804811e-04
6.143382352941157603e-04
6.025735294117628201e-04
5.786764705882335019e-04
6.022058823529392738e-04
5.922794117647039568e-04
5.823529411764687483e-04
5.922794117647039568e-04
5.805147058823511251e-04
6.051470588235275359e-04
5.669117647058805618e-04
6.084558823529392360e-04
5.731617647058806324e-04
5.790441176470569398e-04
5.977941176470569348e-04
5.863970588235275410e-04
5.716911764705864471e-04
5.878676470588217262e-04
5.764705882352923324e-04
6.073529411764688139e-04
5.867647058823510873e-04
5.886029411764687105e-04
5.871323529411746336e-04
6.084558823529392360e-04
5.856617647058804483e-04
5.999999999999981043e-04
6.044117647058804433e-04
5.944852941176451263e-04
5.863970588235275410e-04
6.117647058823509360e-04
5.970588235294098422e-04
5.746323529411746008e-04
6.187499999999979908e-04
5.930147058823510495e-04
5.911764705882334263e-04
5.724264705882334313e-04
5.922794117647039568e-04
6.055147058823509738e-04
5.996323529411745580e-04
6.033088235294098043e-04
5.966911764705862958e-04
6.069852941176452675e-04
5.764705882352923324e-04
5.794117647058804861e-04
5.911764705882334263e-04
5.944852941176451263e-04
6.224264705882333456e-04
5.988970588235274653e-04
6.165441176470568213e-04
6.073529411764688139e-04
5.867647058823510873e-04
6.187499999999979908e-04
6.080882352941156897e-04
6.102941176470568592e-04
5.860294117647039946e-04
5.922794117647039568e-04
6.069852941176451591e-04
6.209558823529391603e-04
5.919117647058805189e-04
6.062499999999980665e-04
5.624999999999982228e-04
6.062499999999980665e-04
6.055147058823509738e-04
5.992647058823510117e-04
6.091911764705863286e-04
6.209558823529392688e-04
6.084558823529392360e-04
6.242647058823509688e-04
6.124999999999981371e-04
6.253676470588216078e-04
6.110294117647039518e-04
5.742647058823511629e-04
6.136029411764686676e-04
6.393382352941156090e-04
6.022058823529392738e-04
6.143382352941156518e-04
6.132352941176451213e-04
6.216911764705862530e-04
6.102941176470568592e-04
6.235294117647038762e-04
6.165441176470568213e-04
6.194852941176450835e-04
6.305147058823509310e-04
6.172794117647040224e-04
5.970588235294099506e-04
6.283088235294097615e-04
5.911764705882334263e-04
6.091911764705863286e-04
5.930147058823510495e-04
6.323529411764685542e-04
6.404411764705861395e-04
5.988970588235274653e-04
6.216911764705862530e-04
6.194852941176450835e-04
6.165441176470568213e-04
5.827205882352922946e-04
6.275735294117626688e-04
6.176470588235274603e-04
6.007352941176451969e-04
5.963235294117628579e-04
6.209558823529391603e-04
6.316176470588214615e-04
6.393382352941156090e-04
6.117647058823509360e-04
6.051470588235275359e-04
6.121323529411744823e-04
6.091911764705863286e-04
6.029411764705863664e-04
6.397058823529391553e-04
6.154411764705862908e-04
6.191176470588216456e-04
6.257352941176450457e-04
6.378676470588216406e-04
6.444852941176450406e-04
6.213235294117628151e-04
6.316176470588214615e-04
6.356617647058803626e-04
6.158088235294098371e-04
6.261029411764685920e-04
6.378676470588215321e-04
5.988970588235274653e-04
6.323529411764685542e-04
6.033088235294098043e-04
6.367647058823510016e-04
5.874999999999981799e-04
6.459558823529391175e-04
6.264705882352921383e-04
6.150735294117627445e-04
6.290441176470568541e-04
6.124999999999980287e-04
6.363970588235273469e-04
6.459558823529391175e-04
6.628676470588213809e-04
6.161764705882332750e-04
6.488970588235273796e-04
6.124999999999980287e-04
6.231617647058803298e-04
5.992647058823510117e-04
6.330882352941156468e-04
6.257352941176450457e-04
6.426470588235273090e-04
6.367647058823508932e-04
6.213235294117627067e-04
6.088235294117627823e-04
6.360294117647038005e-04
6.183823529411744445e-04
6.279411764705862152e-04
6.352941176470568163e-04
6.448529411764684785e-04
6.455882352941155712e-04
6.529411764705861723e-04
6.330882352941156468e-04
6.452205882352920249e-04
6.249999999999979530e-04
6.400735294117627016e-04
6.084558823529392360e-04
6.562499999999979808e-04
6.455882352941155712e-04
6.444852941176450406e-04
6.374999999999979858e-04
6.227941176470567835e-04
6.522058823529390797e-04
6.558823529411743260e-04
6.297794117647038383e-04
6.430147058823508554e-04
6.242647058823509688e-04
6.312499999999980236e-04
6.397058823529391553e-04
6.161764705882332750e-04
6.433823529411744017e-04
6.378676470588215321e-04
6.444852941176450406e-04
6.588235294117626966e-04
6.319852941176450078e-04
6.492647058823509260e-04
6.301470588235273847e-04
6.433823529411745101e-04
6.268382352941156846e-04
6.522058823529390797e-04
6.161764705882332750e-04
6.238970588235274225e-04
6.249999999999979530e-04
6.514705882352919870e-04
6.444852941176451491e-04
6.562499999999978724e-04
6.433823529411744017e-04
6.455882352941155712e-04
6.341911764705862858e-04
6.194852941176450835e-04
6.551470588235273418e-04
6.702205882352920904e-04
6.507352941176450028e-04
6.485294117647039417e-04
6.367647058823508932e-04
6.238970588235274225e-04
6.220588235294097993e-04
6.272058823529391225e-04
6.496323529411743639e-04
6.533088235294097186e-04
6.452205882352920249e-04
6.422794117647038711e-04
6.382352941176449700e-04
6.496323529411744723e-04
6.051470588235275359e-04
6.676470588235272662e-04
6.683823529411743588e-04
6.448529411764684785e-04
6.595588235294096808e-04
6.746323529411743210e-04
6.492647058823508175e-04
6.536764705882331565e-04
6.496323529411743639e-04
6.496323529411743639e-04
6.566176470588214187e-04
6.786764705882331137e-04
6.463235294117626638e-04
6.452205882352920249e-04
6.698529411764684357e-04
6.382352941176449700e-04
6.768382352941154905e-04
6.441176470588214943e-04
6.764705882352920526e-04
6.415441176470567785e-04
6.577205882352919492e-04
6.437499999999979480e-04
6.558823529411743260e-04
6.716911764705860589e-04
6.481617647058803954e-04
6.415441176470567785e-04
6.606617647058802114e-04
6.566176470588214187e-04
6.540441176470567029e-04
6.433823529411745101e-04
6.525735294117626260e-04
6.558823529411743260e-04
6.499999999999979102e-04
6.562499999999978724e-04
6.544117647058802492e-04
6.400735294117627016e-04
6.676470588235273746e-04
6.591911764705861345e-04
6.558823529411743260e-04
6.749999999999979758e-04
6.551470588235273418e-04
6.448529411764684785e-04
6.569852941176449650e-04
6.617647058823508503e-04
6.735294117647036821e-04
6.389705882352920627e-04
6.496323529411743639e-04
6.511029411764685491e-04
6.415441176470567785e-04
6.514705882352919870e-04
6.481617647058802870e-04
6.599264705882331187e-04
6.764705882352919442e-04
6.555147058823508881e-04
6.430147058823508554e-04
6.525735294117627344e-04
6.591911764705861345e-04
6.316176470588214615e-04
6.371323529411744395e-04
6.783088235294095674e-04
6.470588235294096480e-04
6.727941176470568063e-04
6.904411764705861623e-04
6.352941176470568163e-04
6.812499999999979379e-04
6.606617647058802114e-04
6.794117647058802063e-04
6.544117647058802492e-04
6.466911764705862101e-04
6.547794117647037955e-04
6.753676470588213052e-04
6.231617647058803298e-04
