5.348039215686258094e-04
5.838235294117628251e-04
6.107843137254882543e-04
5.980392156862726323e-04
6.264705882352921383e-04
6.200980392156843274e-04
6.499999999999979102e-04
6.450980392156841761e-04
6.617647058823508503e-04
6.264705882352921383e-04
6.735294117647036821e-04
6.426470588235274175e-04
6.897058823529389612e-04
6.651960784313703991e-04
6.642156862745077174e-04
6.705882352941155283e-04
6.838235294117626538e-04
6.931372549019585100e-04
6.872549019607822026e-04
6.852941176470566222e-04
7.014705882352919013e-04
7.093137254901937892e-04
7.210784313725468377e-04
7.259803921568603550e-04
7.073529411764683172e-04
6.960784313725467722e-04
7.264705882352917501e-04
7.112745098039192611e-04
7.196078431372525440e-04
7.053921568627428453e-04
7.181372549019584672e-04
7.225490196078408062e-04
7.039215686274486600e-04
7.367647058823506134e-04
7.225490196078408062e-04
7.294117647058800122e-04
7.210784313725468377e-04
7.441176470588211061e-04
7.318627450980369877e-04
7.044117647058800551e-04
6.955882352941153771e-04
7.387254901960761937e-04
7.480392156862721584e-04
7.215686274509781244e-04
7.063725490196055270e-04
7.171568627450956770e-04
7.691176470588211717e-04
7.573529411764682315e-04
7.205882352941154426e-04
7.357843137254878232e-04
7.299019607843114073e-04
7.529411764705857841e-04
7.725490196078406121e-04
7.470588235294093682e-04
7.303921568627428024e-04
7.333333333333310645e-04
7.504901960784289170e-04
7.475490196078407633e-04
7.553921568627427596e-04
7.563725490196053329e-04
7.392156862745074804e-04
7.617647058823505705e-04
7.470588235294094766e-04
7.372549019607820085e-04
7.612745098039191754e-04
7.147058823529389184e-04
7.274509803921545403e-04
7.269607843137231452e-04
7.299019607843115157e-04
7.465686274509779731e-04
7.529411764705857841e-04
7.602941176470563852e-04
7.450980392156838963e-04
7.965686274509778874e-04
7.284313725490173305e-04
7.612745098039190670e-04
7.132352941176447331e-04
7.367647058823506134e-04
7.578431372548996266e-04
7.539215686274485743e-04
7.392156862745074804e-04
7.622549019607819656e-04
7.661764705882329095e-04
7.563725490196053329e-04
7.024509803921546915e-04
7.593137254901935950e-04
7.499999999999975219e-04
7.313725490196054842e-04
7.465686274509780816e-04
7.044117647058800551e-04
7.661764705882329095e-04
7.455882352941152914e-04
7.191176470588212574e-04
7.593137254901935950e-04
7.568627450980368364e-04
7.299019607843114073e-04
7.504901960784289170e-04
7.308823529411741975e-04
7.627450980392132523e-04
7.519607843137231023e-04
7.343137254901938547e-04
7.308823529411740891e-04
7.294117647058800122e-04
7.661764705882328011e-04
7.730392156862720071e-04
7.308823529411740891e-04
7.666666666666641962e-04
7.583333333333309133e-04
7.789215686274485314e-04
7.642156862745073291e-04
7.446078431372525012e-04
7.397058823529388755e-04
7.392156862745074804e-04
7.450980392156838963e-04
7.411764705882328439e-04
7.705882352941151401e-04
7.725490196078406121e-04
7.950980392156838106e-04
7.593137254901935950e-04
7.294117647058800122e-04
7.362745098039192183e-04
7.509803921568603121e-04
7.313725490196054842e-04
7.401960784313701622e-04
7.524509803921543890e-04
7.872549019607817059e-04
7.475490196078407633e-04
7.382352941176447986e-04
7.450980392156840047e-04
7.754901960784288742e-04
7.593137254901935950e-04
7.519607843137231023e-04
7.607843137254876719e-04
7.529411764705858925e-04
7.460784313725465780e-04
7.460784313725465780e-04
7.382352941176446902e-04
7.269607843137231452e-04
7.299019607843114073e-04
7.441176470588212145e-04
7.465686274509779731e-04
7.460784313725465780e-04
7.514705882352918156e-04
7.406862745098016657e-04
7.549019607843112560e-04
7.602941176470563852e-04
7.539215686274486827e-04
7.524509803921543890e-04
7.676470588235268780e-04
7.392156862745073720e-04
7.578431372548995182e-04
7.642156862745073291e-04
7.867647058823505277e-04
7.651960784313700109e-04
7.529411764705858925e-04
8.230392156862718130e-04
7.357843137254878232e-04
7.794117647058798181e-04
7.901960784313700765e-04
7.823529411764680802e-04
7.857843137254877375e-04
7.696078431372523499e-04
7.651960784313701193e-04
7.338235294117624596e-04
7.529411764705857841e-04
7.392156862745073720e-04
7.406862745098015573e-04
7.411764705882328439e-04
7.132352941176447331e-04
7.196078431372526524e-04
7.808823529411738950e-04
7.686274509803896681e-04
7.906862745098014716e-04
7.588235294117623084e-04
7.661764705882329095e-04
7.166666666666643903e-04
7.465686274509779731e-04
7.485294117647034451e-04
7.632352941176446474e-04
7.323529411764681659e-04
7.490196078431349486e-04
7.529411764705857841e-04
7.749999999999974791e-04
7.627450980392132523e-04
7.426470588235270292e-04
7.656862745098014060e-04
7.338235294117623512e-04
7.774509803921543461e-04
7.534313725490171792e-04
7.308823529411740891e-04
7.828431372548994753e-04
7.338235294117623512e-04
7.553921568627427596e-04
7.588235294117623084e-04
7.318627450980368793e-04
7.710784313725466436e-04
7.431372549019583159e-04
7.348039215686250330e-04
7.588235294117622000e-04
7.514705882352917072e-04
7.799019607843113216e-04
7.387254901960759769e-04
7.730392156862720071e-04
7.083333333333309990e-04
7.446078431372525012e-04
7.406862745098016657e-04
7.549019607843113645e-04
7.789215686274484230e-04
7.774509803921543461e-04
7.598039215686249901e-04
7.338235294117623512e-04
7.519607843137229939e-04
7.583333333333309133e-04
7.784313725490171363e-04
7.549019607843112560e-04
7.436274509803898194e-04
7.754901960784289826e-04
7.549019607843112560e-04
7.789215686274484230e-04
7.514705882352917072e-04
7.642156862745074376e-04
8.117647058823502680e-04
7.833333333333308704e-04
7.710784313725466436e-04
7.725490196078407205e-04
7.279411764705858269e-04
7.392156862745074804e-04
7.799019607843113216e-04
7.441176470588211061e-04
7.338235294117624596e-04
7.524509803921543890e-04
7.818627450980366851e-04
7.882352941176444961e-04
7.857843137254876291e-04
7.401960784313701622e-04
7.578431372548995182e-04
7.764705882352916644e-04
7.686274509803896681e-04
7.264705882352918585e-04
7.642156862745074376e-04
7.416666666666643475e-04
7.176470588235270721e-04
7.352941176470565365e-04
7.392156862745073720e-04
7.426470588235270292e-04
7.539215686274485743e-04
7.931372549019582302e-04
7.730392156862721156e-04
7.916666666666640449e-04
7.627450980392133607e-04
7.495098039215663437e-04
7.328431372548996695e-04
7.249999999999976732e-04
7.593137254901935950e-04
7.514705882352917072e-04
7.426470588235271376e-04
7.328431372548995610e-04
7.436274509803898194e-04
7.818627450980366851e-04
7.249999999999976732e-04
7.529411764705858925e-04
7.730392156862720071e-04
7.509803921568604206e-04
7.151960784313703134e-04
7.470588235294094766e-04
7.352941176470564281e-04
7.681372549019582730e-04
7.264705882352918585e-04
7.818627450980366851e-04
7.568627450980368364e-04
7.588235294117623084e-04
7.284313725490172220e-04
7.485294117647035535e-04
7.627450980392132523e-04
7.446078431372525012e-04
7.235294117647034879e-04
7.529411764705858925e-04
7.210784313725468377e-04
7.823529411764681887e-04
7.485294117647034451e-04
7.348039215686250330e-04
7.455882352941151829e-04
7.460784313725465780e-04
7.656862745098014060e-04
7.171568627450956770e-04
7.264705882352918585e-04
7.431372549019584243e-04
7.563725490196054413e-04
7.720588235294093254e-04
7.730392156862720071e-04
7.382352941176446902e-04
7.186274509803898623e-04
7.460784313725465780e-04
7.514705882352917072e-04
7.401960784313701622e-04
7.455882352941152914e-04
7.764705882352915560e-04
7.352941176470564281e-04
7.607843137254877803e-04
7.499999999999975219e-04
7.598039215686249901e-04
7.691176470588210632e-04
7.367647058823505049e-04
7.720588235294092170e-04
7.343137254901936379e-04
7.284313725490172220e-04
7.544117647058798609e-04
7.382352941176447986e-04
7.848039215686248389e-04
7.691176470588211717e-04
7.696078431372524583e-04
7.593137254901935950e-04
7.681372549019582730e-04
7.769607843137230595e-04
7.436274509803898194e-04
7.377450980392132951e-04
7.102941176470564709e-04
7.171568627450956770e-04
7.514705882352917072e-04
7.607843137254877803e-04
7.593137254901937035e-04
7.382352941176447986e-04
7.514705882352917072e-04
7.980392156862718559e-04
7.602941176470563852e-04
6.999999999999977161e-04
7.622549019607819656e-04
7.377450980392132951e-04
7.367647058823505049e-04
7.504901960784290255e-04
7.769607843137230595e-04
7.240196078431348830e-04
7.568627450980367280e-04
7.299019607843114073e-04
7.627450980392132523e-04
7.529411764705857841e-04
7.323529411764681659e-04
7.553921568627427596e-04
7.465686274509780816e-04
7.294117647058800122e-04
7.289215686274487255e-04
7.549019607843113645e-04
7.681372549019582730e-04
7.475490196078406549e-04
7.671568627450956997e-04
7.549019607843113645e-04
7.352941176470565365e-04
7.098039215686252927e-04
7.563725490196053329e-04
7.343137254901936379e-04
7.397058823529387671e-04
7.431372549019583159e-04
7.661764705882328011e-04
7.568627450980368364e-04
7.671568627450954829e-04
7.421568627450956341e-04
7.686274509803897766e-04
7.460784313725465780e-04
7.539215686274486827e-04
7.343137254901936379e-04
7.215686274509781244e-04
7.676470588235269864e-04
7.441176470588211061e-04
7.578431372548996266e-04
7.583333333333309133e-04
7.637254901960759340e-04
7.598039215686250986e-04
7.436274509803898194e-04
7.372549019607820085e-04
7.367647058823506134e-04
7.588235294117623084e-04
7.676470588235269864e-04
7.446078431372526096e-04
7.700980392156838534e-04
7.299019607843114073e-04
7.598039215686249901e-04
7.490196078431348402e-04
7.642156862745073291e-04
7.313725490196054842e-04
7.745098039215660840e-04
7.696078431372524583e-04
7.544117647058798609e-04
7.539215686274486827e-04
7.460784313725465780e-04
7.514705882352918156e-04
7.308823529411741975e-04
7.200980392156839391e-04
7.240196078431348830e-04
7.230392156862723097e-04
7.480392156862721584e-04
7.735294117647034022e-04
7.764705882352916644e-04
7.490196078431349486e-04
7.485294117647034451e-04
7.583333333333310217e-04
8.068627450980366423e-04
7.362745098039192183e-04
7.632352941176445390e-04
7.225490196078409146e-04
7.328431372548995610e-04
7.588235294117622000e-04
7.578431372548996266e-04
7.392156862745073720e-04
7.397058823529387671e-04
7.441176470588212145e-04
7.044117647058801635e-04
7.205882352941153342e-04
7.647058823529388327e-04
7.186274509803898623e-04
7.607843137254877803e-04
7.514705882352917072e-04
7.426470588235271376e-04
7.460784313725466865e-04
7.323529411764681659e-04
7.519607843137231023e-04
7.598039215686250986e-04
7.387254901960761937e-04
7.171568627450957854e-04
7.544117647058798609e-04
7.720588235294093254e-04
7.392156862745073720e-04
7.568627450980367280e-04
7.387254901960759769e-04
7.759803921568602693e-04
7.588235294117623084e-04
7.632352941176445390e-04
7.553921568627427596e-04
7.367647058823506134e-04
7.818627450980366851e-04
7.436274509803897110e-04
7.499999999999976304e-04
7.911764705882328667e-04
7.617647058823504621e-04
7.426470588235271376e-04
7.411764705882329524e-04
7.431372549019584243e-04
7.490196078431349486e-04
7.784313725490171363e-04
7.274509803921546487e-04
7.573529411764682315e-04
7.377450980392132951e-04
7.142156862745075233e-04
8.093137254901934009e-04
7.705882352941152485e-04
7.558823529411740462e-04
7.259803921568603550e-04
7.392156862745073720e-04
7.549019607843112560e-04
7.647058823529388327e-04
7.784313725490171363e-04
7.333333333333309561e-04
7.249999999999977816e-04
7.279411764705858269e-04
7.431372549019584243e-04
7.377450980392134035e-04
7.725490196078407205e-04
7.661764705882328011e-04
7.926470588235269435e-04
7.524509803921544974e-04
7.568627450980368364e-04
7.838235294117621571e-04
7.117647058823506562e-04
7.578431372548995182e-04
7.544117647058798609e-04
7.529411764705857841e-04
7.558823529411740462e-04
7.401960784313702706e-04
7.759803921568601609e-04
7.799019607843112132e-04
7.372549019607819000e-04
7.338235294117624596e-04
7.504901960784289170e-04
7.529411764705858925e-04
7.240196078431348830e-04
7.553921568627426511e-04
7.338235294117624596e-04
7.514705882352917072e-04
7.142156862745075233e-04
7.470588235294094766e-04
7.333333333333309561e-04
7.333333333333309561e-04
7.058823529411741319e-04
7.852941176470563424e-04
7.416666666666642390e-04
7.573529411764681231e-04
7.259803921568603550e-04
7.519607843137231023e-04
7.882352941176444961e-04
7.965686274509777790e-04
7.436274509803897110e-04
7.490196078431348402e-04
7.401960784313702706e-04
7.671568627450956997e-04
7.779411764705858497e-04
7.524509803921544974e-04
7.392156862745073720e-04
7.651960784313700109e-04
6.887254901960761710e-04
7.421568627450956341e-04
7.499999999999975219e-04
7.230392156862722013e-04
7.622549019607818572e-04
7.397058823529387671e-04
7.651960784313701193e-04
7.269607843137231452e-04
7.681372549019582730e-04
7.450980392156838963e-04
7.514705882352918156e-04
7.495098039215662353e-04
7.485294117647034451e-04
7.495098039215663437e-04
7.568627450980368364e-04
7.411764705882328439e-04
7.563725490196053329e-04
7.705882352941151401e-04
7.455882352941152914e-04
7.406862745098015573e-04
7.377450980392134035e-04
7.647058823529388327e-04
7.789215686274485314e-04
7.612745098039191754e-04
7.367647058823505049e-04
7.333333333333309561e-04
7.450980392156838963e-04
7.470588235294093682e-04
7.612745098039191754e-04
7.446078431372526096e-04
7.602941176470563852e-04
7.740196078431346889e-04
7.710784313725466436e-04
7.593137254901935950e-04
7.161764705882329952e-04
7.612745098039190670e-04
7.549019607843112560e-04
7.308823529411740891e-04
7.681372549019582730e-04
7.289215686274486171e-04
7.323529411764681659e-04
7.343137254901938547e-04
7.485294117647035535e-04
7.779411764705858497e-04
7.382352941176446902e-04
6.980392156862722441e-04
7.450980392156838963e-04
7.490196078431348402e-04
7.352941176470565365e-04
7.289215686274487255e-04
8.004901960784287229e-04
7.441176470588211061e-04
7.215686274509780160e-04
7.294117647058800122e-04
7.607843137254876719e-04
7.485294117647034451e-04
7.279411764705858269e-04
7.220588235294095195e-04
7.504901960784289170e-04
7.696078431372523499e-04
7.529411764705857841e-04
7.343137254901936379e-04
7.387254901960761937e-04
7.465686274509779731e-04
7.470588235294094766e-04
7.558823529411740462e-04
7.803921568627426083e-04
7.392156862745074804e-04
7.799019607843112132e-04
7.294117647058801206e-04
7.357843137254879316e-04
7.411764705882328439e-04
7.799019607843112132e-04
7.240196078431348830e-04
7.710784313725466436e-04
7.441176470588211061e-04
7.460784313725465780e-04
7.338235294117623512e-04
7.460784313725465780e-04
7.343137254901936379e-04
7.196078431372525440e-04
7.362745098039192183e-04
7.710784313725465352e-04
7.524509803921544974e-04
7.401960784313701622e-04
7.583333333333309133e-04
7.926470588235268351e-04
7.691176470588211717e-04
7.421568627450957426e-04
7.176470588235271805e-04
7.529411764705857841e-04
7.593137254901937035e-04
7.338235294117623512e-04
7.598039215686249901e-04
7.549019607843112560e-04
7.421568627450956341e-04
7.392156862745074804e-04
7.563725490196053329e-04
7.475490196078406549e-04
7.450980392156840047e-04
7.769607843137230595e-04
7.598039215686249901e-04
7.612745098039191754e-04
7.318627450980368793e-04
7.343137254901936379e-04
7.401960784313701622e-04
7.598039215686250986e-04
7.514705882352917072e-04
7.553921568627426511e-04
7.397058823529388755e-04
7.259803921568603550e-04
8.117647058823502680e-04
7.965686274509777790e-04
7.524509803921543890e-04
7.460784313725465780e-04
7.710784313725465352e-04
7.926470588235269435e-04
7.406862745098016657e-04
7.480392156862721584e-04
7.421568627450957426e-04
7.745098039215661924e-04
7.578431372548996266e-04
7.426470588235271376e-04
7.352941176470564281e-04
7.480392156862721584e-04
7.509803921568604206e-04
7.588235294117622000e-04
7.735294117647034022e-04
7.602941176470564937e-04
7.343137254901938547e-04
7.455882352941151829e-04
7.485294117647035535e-04
7.475490196078406549e-04
7.416666666666642390e-04
7.818627450980367936e-04
7.397058823529388755e-04
7.637254901960760425e-04
7.848039215686248389e-04
7.504901960784290255e-04
7.200980392156839391e-04
7.764705882352915560e-04
7.544117647058798609e-04
7.661764705882329095e-04
7.612745098039191754e-04
7.225490196078409146e-04
7.102941176470565793e-04
7.789215686274485314e-04
7.181372549019584672e-04
7.362745098039193267e-04
7.475490196078407633e-04
7.441176470588212145e-04
7.323529411764681659e-04
7.637254901960759340e-04
7.671568627450954829e-04
7.553921568627426511e-04
7.495098039215662353e-04
7.284313725490172220e-04
7.200980392156839391e-04
7.088235294117625025e-04
7.857843137254877375e-04
7.700980392156837450e-04
7.759803921568602693e-04
7.691176470588210632e-04
7.715686274509779303e-04
7.666666666666641962e-04
7.504901960784289170e-04
7.308823529411740891e-04
7.705882352941151401e-04
7.843137254901936606e-04
7.583333333333310217e-04
7.235294117647034879e-04
7.406862745098015573e-04
7.563725490196053329e-04
7.534313725490171792e-04
7.348039215686250330e-04
7.367647058823506134e-04
7.470588235294093682e-04
7.558823529411741547e-04
7.470588235294093682e-04
7.313725490196055926e-04
7.642156862745074376e-04
7.284313725490172220e-04
7.475490196078407633e-04
7.249999999999977816e-04
7.343137254901938547e-04
7.490196078431349486e-04
7.230392156862722013e-04
7.377450980392132951e-04
7.240196078431348830e-04
7.936274509803895169e-04
7.539215686274486827e-04
7.387254901960759769e-04
7.558823529411741547e-04
7.406862745098016657e-04
7.544117647058798609e-04
7.431372549019583159e-04
7.524509803921543890e-04
7.259803921568603550e-04
7.176470588235271805e-04
7.549019607843113645e-04
7.671568627450954829e-04
7.661764705882329095e-04
7.450980392156838963e-04
7.421568627450956341e-04
7.411764705882328439e-04
7.671568627450954829e-04
7.343137254901936379e-04
7.799019607843112132e-04
7.357843137254878232e-04
7.789215686274485314e-04
7.367647058823505049e-04
7.107843137254878660e-04
7.637254901960760425e-04
7.299019607843114073e-04
7.230392156862722013e-04
7.686274509803897766e-04
7.235294117647034879e-04
7.411764705882329524e-04
7.583333333333310217e-04
7.416666666666643475e-04
7.656862745098015144e-04
7.715686274509779303e-04
7.289215686274486171e-04
7.642156862745074376e-04
7.563725490196053329e-04
7.578431372548995182e-04
7.593137254901937035e-04
7.833333333333308704e-04
7.460784313725466865e-04
7.529411764705857841e-04
7.259803921568604634e-04
7.362745098039193267e-04
7.132352941176448415e-04
7.441176470588212145e-04
7.578431372548996266e-04
6.990196078431350343e-04
7.450980392156838963e-04
7.696078431372524583e-04
7.299019607843115157e-04
7.039215686274486600e-04
7.887254901960758912e-04
7.534313725490172876e-04
7.725490196078407205e-04
7.573529411764681231e-04
7.249999999999977816e-04
7.661764705882329095e-04
7.553921568627426511e-04
7.235294117647035964e-04
7.475490196078407633e-04
7.676470588235268780e-04
7.225490196078408062e-04
7.563725490196053329e-04
7.485294117647035535e-04
7.539215686274485743e-04
7.264705882352917501e-04
7.338235294117623512e-04
7.681372549019582730e-04
7.617647058823505705e-04
7.563725490196054413e-04
7.485294117647034451e-04
7.637254901960759340e-04
7.514705882352918156e-04
7.632352941176445390e-04
7.602941176470564937e-04
7.676470588235268780e-04
7.431372549019583159e-04
7.583333333333310217e-04
7.279411764705858269e-04
7.897058823529386814e-04
7.181372549019585756e-04
7.617647058823504621e-04
7.421568627450956341e-04
7.446078431372525012e-04
7.862745098039191326e-04
7.759803921568601609e-04
7.431372549019583159e-04
7.377450980392132951e-04
6.877450980392134892e-04
8.019607843137229082e-04
7.544117647058798609e-04
7.950980392156837022e-04
7.392156862745073720e-04
7.671568627450956997e-04
7.696078431372523499e-04
7.338235294117624596e-04
7.593137254901935950e-04
7.970588235294091741e-04
7.372549019607819000e-04
7.671568627450954829e-04
7.460784313725466865e-04
7.519607843137231023e-04
7.612745098039191754e-04
7.666666666666641962e-04
7.455882352941151829e-04
7.696078431372524583e-04
7.553921568627427596e-04
7.539215686274486827e-04
7.656862745098015144e-04
7.446078431372526096e-04
7.779411764705858497e-04
7.352941176470564281e-04
7.426470588235270292e-04
7.642156862745073291e-04
7.421568627450956341e-04
7.362745098039192183e-04
7.475490196078406549e-04
7.514705882352918156e-04
7.544117647058798609e-04
7.475490196078407633e-04
7.245098039215662781e-04
7.519607843137229939e-04
7.955882352941149888e-04
7.166666666666643903e-04
7.475490196078406549e-04
7.509803921568604206e-04
7.656862745098015144e-04
7.416666666666642390e-04
7.504901960784289170e-04
7.828431372548993669e-04
7.642156862745074376e-04
7.519607843137229939e-04
7.431372549019584243e-04
7.480392156862720500e-04
7.436274509803898194e-04
7.338235294117623512e-04
7.299019607843114073e-04
8.009803921568601180e-04
7.323529411764681659e-04
7.622549019607819656e-04
7.843137254901936606e-04
7.504901960784290255e-04
7.519607843137229939e-04
7.470588235294093682e-04
7.789215686274485314e-04
7.338235294117623512e-04
7.563725490196053329e-04
7.499999999999976304e-04
7.642156862745074376e-04
7.764705882352915560e-04
7.769607843137229511e-04
7.460784313725465780e-04
7.279411764705859354e-04
7.490196078431349486e-04
7.323529411764682744e-04
7.269607843137232536e-04
7.475490196078406549e-04
7.343137254901938547e-04
7.142156862745075233e-04
7.602941176470563852e-04
7.700980392156838534e-04
7.470588235294093682e-04
7.495098039215662353e-04
7.715686274509778219e-04
7.519607843137231023e-04
7.568627450980367280e-04
7.367647058823505049e-04
7.289215686274487255e-04
7.524509803921543890e-04
7.470588235294093682e-04
7.799019607843112132e-04
7.343137254901936379e-04
7.166666666666644987e-04
7.367647058823506134e-04
7.529411764705857841e-04
7.642156862745073291e-04
7.715686274509778219e-04
7.627450980392133607e-04
7.436274509803898194e-04
7.161764705882329952e-04
7.382352941176447986e-04
7.544117647058798609e-04
7.348039215686250330e-04
7.583333333333309133e-04
7.754901960784289826e-04
7.426470588235271376e-04
7.264705882352917501e-04
7.666666666666641962e-04
7.730392156862721156e-04
7.588235294117623084e-04
7.460784313725466865e-04
7.617647058823505705e-04
7.593137254901937035e-04
7.774509803921544546e-04
7.382352941176446902e-04
7.519607843137229939e-04
7.235294117647035964e-04
7.627450980392133607e-04
7.495098039215662353e-04
7.411764705882328439e-04
7.362745098039193267e-04
7.348039215686250330e-04
7.519607843137229939e-04
7.034313725490173733e-04
7.617647058823505705e-04
7.681372549019583815e-04
7.524509803921544974e-04
7.632352941176446474e-04
7.480392156862720500e-04
7.544117647058798609e-04
7.196078431372525440e-04
7.705882352941152485e-04
7.558823529411740462e-04
7.465686274509779731e-04
7.475490196078406549e-04
7.671568627450956997e-04
7.313725490196054842e-04
7.774509803921543461e-04
7.436274509803897110e-04
7.563725490196054413e-04
7.411764705882328439e-04
7.549019607843113645e-04
7.617647058823504621e-04
7.607843137254876719e-04
8.112745098039189813e-04
7.676470588235268780e-04
7.598039215686249901e-04
7.406862745098015573e-04
7.338235294117623512e-04
7.612745098039190670e-04
7.166666666666643903e-04
7.436274509803897110e-04
7.460784313725465780e-04
7.593137254901937035e-04
7.269607843137231452e-04
7.558823529411740462e-04
7.328431372548996695e-04
7.397058823529387671e-04
7.303921568627426940e-04
7.887254901960758912e-04
7.735294117647035107e-04
7.313725490196054842e-04
7.460784313725465780e-04
7.950980392156838106e-04
7.553921568627426511e-04
7.328431372548995610e-04
7.313725490196054842e-04
7.254901960784290683e-04
7.328431372548996695e-04
7.254901960784290683e-04
7.499999999999975219e-04
7.656862745098015144e-04
7.382352941176447986e-04
7.607843137254877803e-04
7.480392156862720500e-04
7.436274509803897110e-04
7.784313725490171363e-04
7.730392156862721156e-04
7.681372549019583815e-04
7.539215686274485743e-04
7.406862745098015573e-04
7.696078431372524583e-04
7.534313725490171792e-04
7.588235294117623084e-04
7.656862745098014060e-04
7.299019607843114073e-04
7.598039215686250986e-04
7.303921568627426940e-04
7.549019607843112560e-04
7.323529411764681659e-04
7.583333333333310217e-04
7.539215686274486827e-04
7.573529411764681231e-04
7.446078431372526096e-04
7.656862745098014060e-04
7.205882352941154426e-04
7.676470588235268780e-04
7.833333333333308704e-04
7.392156862745073720e-04
7.220588235294095195e-04
7.406862745098015573e-04
7.406862745098016657e-04
7.328431372548995610e-04
7.647058823529387242e-04
7.313725490196054842e-04
7.480392156862720500e-04
7.313725490196054842e-04
7.514705882352917072e-04
7.833333333333307620e-04
7.735294117647035107e-04
7.588235294117622000e-04
7.387254901960759769e-04
7.421568627450956341e-04
7.568627450980367280e-04
7.377450980392132951e-04
7.191176470588212574e-04
7.235294117647034879e-04
7.495098039215662353e-04
7.495098039215662353e-04
7.264705882352918585e-04
7.411764705882328439e-04
7.470588235294094766e-04
7.887254901960758912e-04
7.534313725490172876e-04
7.014705882352920098e-04
7.725490196078406121e-04
7.735294117647035107e-04
7.377450980392134035e-04
7.401960784313702706e-04
7.401960784313701622e-04
7.578431372548995182e-04
7.313725490196054842e-04
7.274509803921545403e-04
7.573529411764681231e-04
7.897058823529385730e-04
8.563725490196051615e-04
9.573529411764675635e-04
9.740196078431341293e-04
1.084313725490192604e-03
1.080392156862741660e-03
1.137745098039212067e-03
1.192156862745094321e-03
1.271568627450976423e-03
1.285294117647054618e-03
1.401960784313721013e-03
1.433823529411759959e-03
1.465196078431367727e-03
1.500490196078426439e-03
1.541176470588230280e-03
1.602450980392151631e-03
1.643137254901955689e-03
1.670098039215680685e-03
1.720098039215680816e-03
1.818137254901954847e-03
1.802941176470582250e-03
1.841666666666660511e-03
1.884313725490190149e-03
1.862745098039209415e-03
1.908333333333327208e-03
1.987254901960777698e-03
1.959803921568620873e-03
2.008333333333326819e-03
1.978921568627444415e-03
2.006372549019601673e-03
2.094607843137248019e-03
2.063725490196071863e-03
2.055392156862738146e-03
2.088725490196071712e-03
2.122549019607836672e-03
2.142156862745091175e-03
2.109313725490189004e-03
2.110784313725483623e-03
2.159313725490189136e-03
2.188235294117640145e-03
2.128431372549012979e-03
2.168137254901953380e-03
2.174999999999993345e-03
2.056862745098032765e-03
2.189215686274502935e-03
2.241666666666659608e-03
2.148529411764699311e-03
2.156862745098032594e-03
2.152450980392149604e-03
2.213725490196071389e-03
2.159313725490189136e-03
2.176960784313718492e-03
2.214705882352934179e-03
2.177450980392149887e-03
2.229901960784306560e-03
2.187745098039208750e-03
2.173529411764699160e-03
2.183333333333326628e-03
2.195098039215679243e-03
2.209313725490189267e-03
2.164215686274502653e-03
2.118137254901954116e-03
2.210784313725483018e-03
2.134803921568620682e-03
2.203921568627443921e-03
2.194607843137247848e-03
2.160294117647051492e-03
2.178431372549012677e-03
2.199999999999992760e-03
2.151470588235286814e-03
2.175980392156855701e-03
2.128431372549012979e-03
2.163235294117640296e-03
2.169117647058816604e-03
2.233823529411757720e-03
2.164705882352934048e-03
2.190686274509797121e-03
2.163235294117640296e-03
2.151960784313718209e-03
2.124999999999993214e-03
2.154411764705875185e-03
2.056862745098032765e-03
2.178431372549012677e-03
2.196568627450973428e-03
2.163725490196071691e-03
2.083333333333326366e-03
2.164215686274503087e-03
2.160294117647051492e-03
2.092156862745091477e-03
2.106372549019601068e-03
2.176470588235287097e-03
2.105392156862738711e-03
2.143627450980385360e-03
2.099019607843130575e-03
2.162745098039208901e-03
2.134803921568620248e-03
2.125490196078424609e-03
2.067156862745091195e-03
2.103431372549013131e-03
2.104411764705875921e-03
2.124999999999993214e-03
2.042156862745091780e-03
2.071568627450973751e-03
2.109803921568620833e-03
2.021568627450974053e-03
2.088235294117640316e-03
2.136274509803914867e-03
2.079411764705875205e-03
2.048529411764699482e-03
2.027450980392149927e-03
2.075490196078424911e-03
2.068137254901954419e-03
2.079411764705875205e-03
1.996078431372542809e-03
2.052450980392150209e-03
2.058823529411757912e-03
2.045098039215679283e-03
2.017647058823523326e-03
2.041176470588228990e-03
1.998529411764699351e-03
2.020098039215679434e-03
2.088725490196071278e-03
1.964215686274503429e-03
2.029901960784306902e-03
2.072549019607836541e-03
2.026470588235287570e-03
1.997549019607836561e-03
1.958333333333327122e-03
2.028921568627444546e-03
1.947549019607836863e-03
2.014705882352934522e-03
2.043137254901954570e-03
2.003921568627444697e-03
1.979411764705875810e-03
2.039215686274503409e-03
1.983333333333326971e-03
1.962745098039209244e-03
1.961274509803915059e-03
1.988725490196071883e-03
1.944607843137248710e-03
1.983333333333326971e-03
1.985294117647052551e-03
1.988725490196071883e-03
1.892647058823523215e-03
2.018627450980385683e-03
1.988725490196071883e-03
1.987254901960777698e-03
2.013235294117640337e-03
1.954901960784307356e-03
1.908823529411758603e-03
1.963725490196072034e-03
1.936274509803915210e-03
1.943137254901954524e-03
1.886764705882346908e-03
1.949019607843130832e-03
1.960294117647052702e-03
1.902450980392150683e-03
1.883333333333327359e-03
1.897058823529405554e-03
1.952450980392150598e-03
1.989705882352934673e-03
1.968137254901954156e-03
1.889705882352935061e-03
1.918137254901954676e-03
1.936274509803915210e-03
1.960784313725484097e-03
1.910294117647052788e-03
1.853431372549013559e-03
1.866176470588229398e-03
1.844607843137248881e-03
1.877450980392150618e-03
1.875980392156856432e-03
1.846568627450974462e-03
1.848039215686268430e-03
1.860294117647052874e-03
1.890196078431366240e-03
1.889215686274503666e-03
1.896568627450974159e-03
1.829411764705876501e-03
1.883333333333327142e-03
1.890686274509797635e-03
1.869607843137248947e-03
1.817156862745092057e-03
1.829901960784307896e-03
1.842156862745092123e-03
1.889215686274503666e-03
1.798529411764699911e-03
1.846568627450974245e-03
1.820098039215680428e-03
1.766666666666660748e-03
1.819607843137249032e-03
1.805882352941170620e-03
1.817156862745092057e-03
1.822058823529405791e-03
1.771568627450974482e-03
1.841666666666660727e-03
1.761274509803915835e-03
1.824019607843131155e-03
1.750980392156856972e-03
1.830392156862739291e-03
1.797549019607837337e-03
1.776470588235288433e-03
1.777450980392151006e-03
1.724509803921562938e-03
1.840196078431366542e-03
1.741176470588229504e-03
1.775490196078425426e-03
1.796078431372543369e-03
1.757843137254896070e-03
1.788725490196072443e-03
1.761764705882347230e-03
1.760784313725484440e-03
1.759313725490190255e-03
1.784313725490190320e-03
1.764215686274504206e-03
1.764705882352935384e-03
1.744117647058817874e-03
1.762745098039209804e-03
1.710294117647053131e-03
1.750490196078425577e-03
1.763725490196072594e-03
1.730392156862739462e-03
1.704411764705877040e-03
1.785294117647052894e-03
1.758823529411758860e-03
1.699019607843131694e-03
1.735784313725484591e-03
1.699509803921563089e-03
1.664705882352935772e-03
1.699019607843131694e-03
1.752941176470582552e-03
1.705882352941170792e-03
1.657843137254896458e-03
1.670588235294112080e-03
1.665686274509798346e-03
1.751470588235288367e-03
1.689705882352935621e-03
1.692156862745092380e-03
1.694607843137249355e-03
1.722058823529406179e-03
1.687254901960779079e-03
1.705882352941170792e-03
1.736764705882347165e-03
1.674509803921563024e-03
1.715686274509798260e-03
1.664705882352935772e-03
1.667647058823523926e-03
1.695098039215680750e-03
1.648529411764700385e-03
1.637254901960778948e-03
1.651960784313720150e-03
1.661274509803916007e-03
1.687745098039210257e-03
1.668137254901955321e-03
1.683823529411759314e-03
1.667647058823523926e-03
1.675490196078425814e-03
1.644607843137249441e-03
1.673529411764700450e-03
1.649019607843131780e-03
1.626470588235288690e-03
1.658823529411759248e-03
1.655392156862739699e-03
1.656862745098033668e-03
1.640686274509798497e-03
1.633823529411759399e-03
1.630882352941171029e-03
1.671568627450974870e-03
1.632843137254896609e-03
1.632843137254896826e-03
1.620588235294112382e-03
1.617647058823524012e-03
1.566666666666661524e-03
1.602450980392151631e-03
1.636274509803916158e-03
1.615686274509798648e-03
1.673529411764700667e-03
1.633823529411759399e-03
1.601960784313720236e-03
1.599999999999994656e-03
1.620588235294112599e-03
1.614705882352935858e-03
1.558823529411759636e-03
1.616666666666661438e-03
1.581862745098034338e-03
1.583333333333328090e-03
1.636274509803916158e-03
1.551960784313720322e-03
1.584313725490190880e-03
1.626960784313720085e-03
1.593627450980386953e-03
1.533823529411759787e-03
1.579411764705877146e-03
1.557843137254896846e-03
1.550490196078426570e-03
1.525490196078426505e-03
1.552450980392151717e-03
1.527941176470583263e-03
1.576960784313720387e-03
1.578431372549014356e-03
1.582843137254896695e-03
1.503921568627445988e-03
1.499019607843132471e-03
1.554411764705877297e-03
1.521568627450975344e-03
1.548039215686269378e-03
1.532843137254896997e-03
1.574509803921563412e-03
1.560784313725485000e-03
1.518627450980387190e-03
1.580882352941171331e-03
1.573529411764700838e-03
1.507352941176465753e-03
1.513235294117642061e-03
1.569607843137249678e-03
1.495588235294112705e-03
1.511274509803916697e-03
1.504901960784308778e-03
1.548529411764700773e-03
1.550980392156857748e-03
1.521568627450975344e-03
1.483823529411759873e-03
1.517156862745093005e-03
1.493137254901955946e-03
1.511274509803916697e-03
1.508823529411759722e-03
1.488725490196073607e-03
1.506372549019602963e-03
1.496568627450975495e-03
1.502941176470583414e-03
1.513725490196073456e-03
1.541176470588230280e-03
1.487745098039210817e-03
1.541666666666661675e-03
1.461764705882348178e-03
1.518137254901955795e-03
1.480882352941171719e-03
1.532352941176465602e-03
1.468137254901956098e-03
1.458333333333328629e-03
1.450490196078426742e-03
1.487254901960779422e-03
1.443137254901956032e-03
1.514705882352936246e-03
1.455392156862740476e-03
1.480392156862740324e-03
1.430882352941171805e-03
1.424509803921564103e-03
1.437254901960779725e-03
1.448529411764701161e-03
1.462254901960779573e-03
1.498039215686269680e-03
1.447549019607838371e-03
1.440196078431367878e-03
1.451960784313720710e-03
1.448039215686269766e-03
1.499019607843132471e-03
1.461274509803916783e-03
1.434803921568622749e-03
1.399999999999995432e-03
1.430392156862740410e-03
1.448529411764701161e-03
1.431862745098034595e-03
1.415686274509799425e-03
1.359803921568622986e-03
1.455392156862740476e-03
1.427450980392152256e-03
1.390196078431367964e-03
1.435294117647054144e-03
1.457352941176465839e-03
1.416666666666661998e-03
1.433823529411759959e-03
1.422549019607838522e-03
1.419607843137250369e-03
1.427941176470583651e-03
1.454901960784309081e-03
1.423529411764701312e-03
1.395098039215681698e-03
1.389215686274505391e-03
1.354411764705878074e-03
1.441176470588230668e-03
1.374509803921564188e-03
1.392156862745093544e-03
1.428431372549015047e-03
1.385784313725485625e-03
1.396078431372544488e-03
1.389705882352936786e-03
1.414215686274505239e-03
1.399509803921564037e-03
1.377941176470583737e-03
1.372549019607838608e-03
1.336274509803917323e-03
1.351470588235289703e-03
1.312745098039211442e-03
1.353921568627446679e-03
1.338235294117642686e-03
1.335294117647054532e-03
1.362745098039211357e-03
1.408823529411760110e-03
1.355882352941172042e-03
1.356862745098034832e-03
1.347549019607838759e-03
1.384313725490191656e-03
1.378921568627446527e-03
1.324509803921564274e-03
1.349999999999995735e-03
1.338235294117642686e-03
1.348039215686270154e-03
1.356862745098034832e-03
1.332352941176466379e-03
1.344607843137250605e-03
1.393137254901956334e-03
1.362745098039211357e-03
1.314705882352937023e-03
1.364705882352936720e-03
1.393137254901956334e-03
1.322549019607838910e-03
1.312745098039211442e-03
1.315196078431368418e-03
1.328431372549015435e-03
1.328431372549015435e-03
1.306862745098034918e-03
1.351470588235289703e-03
1.381372549019603286e-03
1.289705882352936957e-03
1.359803921568622986e-03
1.300490196078427215e-03
1.293137254901956723e-03
1.313725490196074232e-03
1.309803921568623289e-03
1.291176470588231142e-03
1.336764705882348718e-03
1.318137254901956571e-03
1.298529411764701635e-03
1.325490196078427064e-03
1.339705882352936871e-03
1.309803921568623289e-03
1.296078431372544876e-03
1.320588235294113330e-03
1.262745098039211745e-03
1.308333333333329103e-03
1.307843137254897708e-03
1.324509803921564274e-03
1.342156862745093630e-03
1.335784313725485927e-03
1.301470588235290006e-03
1.309313725490191893e-03
1.297549019607839062e-03
1.308823529411760498e-03
1.261274509803917560e-03
1.316176470588230991e-03
1.316176470588230991e-03
1.306862745098034918e-03
1.288725490196074384e-03
1.250980392156858696e-03
1.261274509803917560e-03
1.235294117647054921e-03
1.278921568627446916e-03
1.256372549019603825e-03
1.265196078431368503e-03
1.310784313725486079e-03
1.238725490196074469e-03
1.267156862745094084e-03
1.271568627450976423e-03
1.305392156862740950e-03
1.274509803921564577e-03
1.265196078431368503e-03
1.250490196078427301e-03
1.234313725490192130e-03
1.311274509803917257e-03
1.238235294117643074e-03
1.285294117647054618e-03
1.236274509803917711e-03
1.248529411764701938e-03
1.268137254901956657e-03
1.250980392156858696e-03
1.262254901960780350e-03
1.272549019607838996e-03
1.234803921568623526e-03
1.266666666666662689e-03
1.288725490196074384e-03
1.246568627450976357e-03
1.226470588235290243e-03
1.223529411764701872e-03
1.246078431372544962e-03
1.227450980392153033e-03
1.257843137254898011e-03
1.270588235294113633e-03
1.299509803921564425e-03
1.273039215686270391e-03
1.243627450980388204e-03
1.241176470588231228e-03
1.264215686274505713e-03
1.185784313725486401e-03
1.226960784313721638e-03
1.228921568627447001e-03
1.241666666666662623e-03
1.169117647058819836e-03
1.200490196078427604e-03
1.218627450980388355e-03
