5.235294117647042644e-04
5.960784313725471604e-04
5.808823529411746714e-04
5.784313725490178044e-04
5.995098039215667092e-04
6.338235294117627395e-04
6.269607843137235334e-04
6.259803921568607432e-04
6.602941176470566650e-04
6.852941176470567306e-04
6.352941176470568163e-04
6.519607843137234906e-04
6.656862745098017942e-04
6.862745098039193040e-04
6.901960784313703563e-04
6.480392156862724382e-04
7.014705882352919013e-04
6.593137254901939833e-04
6.823529411764683601e-04
6.848039215686252271e-04
6.828431372548997551e-04
6.965686274509781672e-04
7.024509803921546915e-04
7.367647058823505049e-04
7.176470588235270721e-04
7.083333333333309990e-04
7.049019607843114502e-04
7.406862745098016657e-04
7.338235294117623512e-04
6.877450980392134892e-04
7.088235294117625025e-04
7.122549019607820513e-04
7.372549019607820085e-04
7.049019607843114502e-04
7.137254901960761282e-04
7.249999999999976732e-04
7.573529411764681231e-04
6.882352941176448843e-04
7.460784313725466865e-04
7.313725490196055926e-04
7.205882352941153342e-04
7.215686274509781244e-04
6.867647058823506991e-04
7.308823529411741975e-04
7.107843137254878660e-04
7.436274509803897110e-04
7.254901960784290683e-04
7.318627450980368793e-04
7.289215686274487255e-04
7.343137254901938547e-04
7.299019607843114073e-04
7.862745098039191326e-04
7.284313725490173305e-04
7.691176470588210632e-04
7.578431372548996266e-04
7.156862745098017085e-04
7.446078431372526096e-04
7.357843137254878232e-04
7.436274509803898194e-04
6.813725490196057867e-04
7.411764705882328439e-04
7.264705882352917501e-04
7.671568627450956997e-04
7.612745098039190670e-04
7.617647058823505705e-04
7.367647058823506134e-04
7.504901960784289170e-04
7.656862745098014060e-04
7.465686274509780816e-04
7.749999999999975875e-04
7.249999999999976732e-04
7.651960784313701193e-04
7.529411764705857841e-04
7.519607843137229939e-04
7.245098039215662781e-04
7.607843137254877803e-04
7.529411764705857841e-04
7.774509803921544546e-04
7.534313725490172876e-04
7.647058823529387242e-04
7.480392156862720500e-04
7.411764705882328439e-04
7.715686274509779303e-04
7.323529411764682744e-04
7.553921568627427596e-04
7.799019607843112132e-04
7.460784313725466865e-04
7.323529411764681659e-04
7.465686274509779731e-04
7.700980392156837450e-04
7.343137254901938547e-04
7.225490196078408062e-04
7.784313725490170279e-04
7.465686274509779731e-04
7.725490196078406121e-04
7.235294117647034879e-04
7.647058823529388327e-04
8.004901960784287229e-04
7.602941176470563852e-04
7.254901960784291767e-04
7.294117647058801206e-04
7.235294117647034879e-04
7.549019607843112560e-04
7.450980392156838963e-04
7.460784313725465780e-04
7.245098039215662781e-04
7.676470588235268780e-04
7.220588235294094111e-04
7.602941176470563852e-04
7.764705882352916644e-04
7.416666666666643475e-04
7.745098039215660840e-04
7.882352941176446045e-04
7.656862745098015144e-04
7.279411764705859354e-04
7.754901960784289826e-04
7.450980392156838963e-04
7.544117647058798609e-04
7.583333333333309133e-04
7.622549019607819656e-04
7.598039215686250986e-04
7.289215686274486171e-04
7.362745098039192183e-04
7.225490196078408062e-04
7.357843137254878232e-04
7.176470588235270721e-04
7.794117647058799265e-04
7.950980392156837022e-04
8.019607843137230166e-04
7.740196078431347973e-04
7.436274509803897110e-04
7.740196078431347973e-04
7.558823529411741547e-04
7.593137254901935950e-04
7.357843137254878232e-04
7.544117647058799694e-04
7.558823529411741547e-04
7.573529411764681231e-04
6.995098039215663210e-04
7.245098039215662781e-04
7.127450980392133380e-04
7.691176470588210632e-04
7.093137254901937892e-04
7.509803921568604206e-04
7.480392156862720500e-04
7.740196078431347973e-04
7.539215686274485743e-04
7.093137254901937892e-04
7.289215686274487255e-04
7.362745098039193267e-04
7.499999999999975219e-04
7.607843137254877803e-04
7.588235294117623084e-04
7.426470588235271376e-04
7.774509803921544546e-04
7.529411764705857841e-04
7.083333333333309990e-04
7.509803921568603121e-04
7.617647058823505705e-04
7.686274509803896681e-04
7.892156862745071779e-04
7.789215686274484230e-04
7.406862745098015573e-04
7.151960784313702050e-04
7.632352941176446474e-04
7.318627450980368793e-04
7.627450980392132523e-04
7.465686274509780816e-04
6.960784313725467722e-04
7.328431372548996695e-04
7.024509803921545831e-04
7.848039215686249473e-04
7.710784313725466436e-04
7.789215686274485314e-04
7.612745098039191754e-04
7.504901960784290255e-04
7.455882352941152914e-04
7.794117647058798181e-04
7.436274509803898194e-04
7.612745098039190670e-04
7.705882352941151401e-04
7.799019607843113216e-04
7.524509803921543890e-04
7.794117647058798181e-04
7.823529411764681887e-04
7.568627450980367280e-04
7.455882352941152914e-04
7.691176470588211717e-04
7.725490196078406121e-04
7.377450980392132951e-04
7.289215686274486171e-04
7.514705882352917072e-04
7.514705882352918156e-04
7.352941176470564281e-04
7.303921568627426940e-04
7.426470588235270292e-04
7.691176470588210632e-04
7.769607843137229511e-04
7.431372549019584243e-04
7.588235294117622000e-04
7.357843137254878232e-04
7.485294117647034451e-04
7.490196078431349486e-04
7.857843137254876291e-04
7.789215686274484230e-04
7.073529411764683172e-04
7.573529411764682315e-04
7.529411764705857841e-04
7.514705882352917072e-04
7.470588235294094766e-04
7.534313725490171792e-04
7.509803921568603121e-04
7.661764705882329095e-04
7.877450980392131010e-04
7.524509803921543890e-04
7.710784313725466436e-04
7.308823529411740891e-04
7.754901960784288742e-04
7.200980392156839391e-04
7.308823529411740891e-04
7.274509803921545403e-04
7.529411764705857841e-04
7.774509803921544546e-04
7.632352941176446474e-04
8.083333333333308276e-04
7.406862745098015573e-04
7.666666666666641962e-04
7.749999999999975875e-04
7.328431372548995610e-04
7.519607843137229939e-04
7.367647058823505049e-04
7.490196078431348402e-04
7.259803921568603550e-04
7.249999999999977816e-04
7.568627450980367280e-04
7.225490196078408062e-04
7.274509803921546487e-04
6.980392156862722441e-04
7.745098039215660840e-04
7.328431372548995610e-04
7.833333333333307620e-04
7.416666666666642390e-04
7.367647058823505049e-04
7.529411764705857841e-04
7.382352941176446902e-04
7.132352941176447331e-04
7.534313725490172876e-04
7.745098039215660840e-04
7.122549019607821597e-04
7.406862745098015573e-04
7.681372549019582730e-04
7.779411764705858497e-04
7.470588235294093682e-04
7.588235294117622000e-04
7.553921568627427596e-04
7.568627450980367280e-04
7.671568627450954829e-04
7.691176470588210632e-04
7.166666666666643903e-04
7.480392156862721584e-04
7.343137254901936379e-04
7.333333333333310645e-04
7.651960784313701193e-04
7.740196078431346889e-04
7.460784313725465780e-04
7.245098039215663865e-04
7.269607843137231452e-04
7.563725490196053329e-04
7.455882352941151829e-04
7.284313725490172220e-04
7.436274509803897110e-04
7.549019607843113645e-04
7.450980392156840047e-04
7.249999999999977816e-04
7.617647058823505705e-04
7.499999999999975219e-04
7.524509803921544974e-04
7.460784313725465780e-04
7.401960784313702706e-04
7.441176470588211061e-04
7.612745098039191754e-04
7.397058823529387671e-04
7.191176470588212574e-04
7.813725490196052901e-04
7.475490196078407633e-04
7.583333333333310217e-04
7.514705882352917072e-04
7.593137254901937035e-04
7.897058823529385730e-04
7.186274509803898623e-04
7.568627450980368364e-04
7.465686274509779731e-04
7.465686274509779731e-04
7.230392156862722013e-04
7.784313725490170279e-04
7.411764705882329524e-04
7.519607843137231023e-04
7.583333333333309133e-04
7.558823529411741547e-04
7.431372549019583159e-04
7.230392156862723097e-04
7.598039215686249901e-04
7.647058823529387242e-04
7.058823529411741319e-04
7.416666666666642390e-04
7.553921568627427596e-04
7.509803921568604206e-04
7.480392156862721584e-04
7.519607843137229939e-04
7.661764705882328011e-04
7.568627450980367280e-04
7.392156862745074804e-04
7.852941176470563424e-04
7.647058823529387242e-04
7.259803921568603550e-04
7.656862745098015144e-04
7.274509803921545403e-04
7.946078431372524155e-04
7.725490196078407205e-04
7.740196078431346889e-04
7.475490196078406549e-04
7.264705882352917501e-04
7.647058823529388327e-04
7.352941176470564281e-04
7.529411764705857841e-04
7.215686274509780160e-04
7.264705882352917501e-04
7.632352941176445390e-04
7.671568627450954829e-04
7.696078431372524583e-04
7.813725490196052901e-04
7.352941176470564281e-04
7.524509803921543890e-04
7.519607843137229939e-04
7.161764705882329952e-04
7.392156862745074804e-04
7.333333333333309561e-04
7.549019607843112560e-04
7.421568627450956341e-04
7.519607843137229939e-04
7.504901960784290255e-04
6.980392156862723525e-04
7.691176470588210632e-04
7.460784313725466865e-04
7.710784313725466436e-04
7.671568627450956997e-04
7.313725490196054842e-04
7.367647058823506134e-04
7.617647058823504621e-04
7.799019607843113216e-04
7.333333333333309561e-04
7.441176470588211061e-04
7.343137254901936379e-04
7.401960784313702706e-04
7.725490196078406121e-04
7.524509803921544974e-04
7.274509803921545403e-04
7.426470588235270292e-04
7.553921568627426511e-04
7.377450980392132951e-04
7.774509803921544546e-04
7.632352941176446474e-04
7.593137254901935950e-04
7.044117647058800551e-04
7.524509803921543890e-04
7.299019607843115157e-04
7.421568627450956341e-04
7.749999999999974791e-04
7.225490196078408062e-04
7.539215686274485743e-04
7.534313725490171792e-04
7.661764705882329095e-04
7.700980392156837450e-04
7.789215686274485314e-04
7.666666666666641962e-04
7.377450980392134035e-04
7.303921568627428024e-04
7.333333333333310645e-04
7.289215686274487255e-04
7.504901960784289170e-04
7.313725490196055926e-04
7.524509803921544974e-04
7.406862745098015573e-04
7.769607843137230595e-04
7.696078431372524583e-04
7.436274509803897110e-04
7.661764705882328011e-04
7.656862745098014060e-04
7.465686274509779731e-04
7.573529411764681231e-04
7.127450980392133380e-04
7.612745098039190670e-04
7.808823529411738950e-04
7.215686274509781244e-04
7.269607843137231452e-04
7.499999999999975219e-04
7.710784313725465352e-04
7.431372549019584243e-04
7.691176470588211717e-04
7.647058823529387242e-04
7.946078431372524155e-04
7.745098039215660840e-04
7.799019607843113216e-04
7.588235294117623084e-04
7.215686274509780160e-04
7.686274509803896681e-04
7.602941176470563852e-04
7.833333333333308704e-04
7.656862745098015144e-04
7.240196078431348830e-04
7.397058823529387671e-04
7.509803921568604206e-04
7.598039215686249901e-04
7.078431372548997123e-04
7.480392156862721584e-04
7.303921568627426940e-04
7.377450980392132951e-04
7.240196078431348830e-04
7.833333333333308704e-04
7.617647058823505705e-04
7.666666666666643046e-04
7.392156862745073720e-04
7.259803921568603550e-04
7.367647058823505049e-04
7.867647058823505277e-04
7.661764705882329095e-04
7.333333333333309561e-04
7.088235294117623941e-04
7.480392156862720500e-04
7.509803921568604206e-04
7.328431372548995610e-04
7.460784313725466865e-04
7.671568627450954829e-04
7.759803921568602693e-04
7.759803921568601609e-04
7.357843137254879316e-04
7.696078431372524583e-04
7.872549019607818143e-04
7.490196078431348402e-04
7.313725490196054842e-04
7.367647058823505049e-04
7.264705882352917501e-04
7.627450980392132523e-04
7.642156862745073291e-04
7.352941176470564281e-04
7.245098039215662781e-04
7.715686274509778219e-04
7.490196078431348402e-04
7.857843137254876291e-04
7.558823529411740462e-04
7.362745098039192183e-04
7.848039215686248389e-04
7.588235294117622000e-04
7.299019607843114073e-04
7.362745098039192183e-04
7.495098039215662353e-04
7.245098039215662781e-04
7.401960784313701622e-04
7.671568627450954829e-04
7.524509803921543890e-04
7.558823529411741547e-04
7.612745098039191754e-04
7.308823529411740891e-04
7.651960784313701193e-04
7.122549019607820513e-04
7.754901960784288742e-04
7.460784313725466865e-04
7.509803921568604206e-04
7.259803921568603550e-04
7.735294117647034022e-04
7.436274509803898194e-04
7.544117647058798609e-04
7.480392156862720500e-04
7.259803921568604634e-04
7.529411764705857841e-04
7.230392156862723097e-04
6.999999999999977161e-04
7.725490196078406121e-04
7.656862745098014060e-04
7.465686274509779731e-04
7.612745098039191754e-04
7.509803921568603121e-04
7.465686274509779731e-04
7.294117647058801206e-04
7.450980392156840047e-04
7.681372549019583815e-04
7.686274509803896681e-04
7.127450980392133380e-04
7.583333333333309133e-04
7.990196078431346461e-04
7.499999999999975219e-04
7.828431372548994753e-04
7.529411764705857841e-04
7.661764705882328011e-04
7.460784313725466865e-04
7.754901960784288742e-04
7.377450980392132951e-04
7.578431372548996266e-04
7.147058823529389184e-04
7.490196078431349486e-04
7.450980392156838963e-04
7.308823529411740891e-04
7.367647058823505049e-04
7.607843137254876719e-04
8.093137254901935094e-04
7.372549019607820085e-04
7.093137254901937892e-04
7.377450980392132951e-04
7.642156862745074376e-04
7.833333333333308704e-04
7.720588235294093254e-04
7.544117647058798609e-04
7.573529411764681231e-04
7.254901960784290683e-04
7.303921568627426940e-04
7.583333333333309133e-04
7.460784313725465780e-04
7.308823529411741975e-04
7.686274509803897766e-04
7.225490196078408062e-04
7.553921568627427596e-04
7.656862745098015144e-04
7.318627450980369877e-04
7.352941176470564281e-04
7.470588235294093682e-04
7.852941176470563424e-04
7.696078431372524583e-04
7.794117647058798181e-04
7.784313725490170279e-04
7.465686274509779731e-04
7.387254901960761937e-04
7.710784313725465352e-04
7.475490196078407633e-04
7.318627450980368793e-04
7.313725490196054842e-04
7.450980392156838963e-04
7.749999999999975875e-04
7.200980392156839391e-04
7.284313725490173305e-04
7.803921568627426083e-04
7.318627450980368793e-04
7.862745098039191326e-04
7.808823529411740034e-04
7.230392156862722013e-04
7.259803921568603550e-04
7.313725490196054842e-04
7.671568627450954829e-04
7.450980392156838963e-04
7.509803921568604206e-04
7.583333333333309133e-04
7.509803921568604206e-04
7.254901960784290683e-04
7.558823529411740462e-04
7.808823529411738950e-04
7.220588235294095195e-04
7.838235294117621571e-04
7.421568627450957426e-04
7.764705882352915560e-04
7.656862745098014060e-04
7.338235294117623512e-04
7.553921568627427596e-04
7.132352941176447331e-04
7.823529411764681887e-04
7.446078431372526096e-04
7.647058823529387242e-04
7.441176470588212145e-04
7.313725490196055926e-04
7.794117647058799265e-04
7.715686274509778219e-04
7.808823529411740034e-04
7.357843137254878232e-04
7.166666666666643903e-04
7.480392156862721584e-04
7.436274509803898194e-04
7.230392156862722013e-04
7.720588235294093254e-04
7.426470588235270292e-04
7.637254901960759340e-04
7.490196078431348402e-04
7.215686274509780160e-04
7.460784313725466865e-04
7.401960784313701622e-04
7.029411764705859782e-04
7.338235294117623512e-04
7.377450980392132951e-04
7.887254901960759996e-04
7.235294117647034879e-04
7.318627450980368793e-04
7.495098039215663437e-04
7.480392156862720500e-04
7.475490196078406549e-04
7.534313725490172876e-04
7.470588235294093682e-04
7.607843137254876719e-04
7.230392156862722013e-04
7.705882352941152485e-04
7.499999999999976304e-04
7.612745098039190670e-04
7.220588235294095195e-04
7.681372549019582730e-04
7.485294117647035535e-04
7.524509803921543890e-04
7.691176470588211717e-04
7.725490196078406121e-04
7.622549019607818572e-04
7.127450980392133380e-04
7.460784313725465780e-04
7.450980392156838963e-04
7.338235294117623512e-04
7.642156862745073291e-04
7.622549019607819656e-04
7.803921568627426083e-04
7.470588235294093682e-04
7.323529411764681659e-04
7.598039215686250986e-04
7.382352941176446902e-04
7.553921568627426511e-04
7.808823529411738950e-04
7.897058823529386814e-04
7.705882352941151401e-04
7.318627450980369877e-04
7.632352941176445390e-04
7.485294117647034451e-04
7.710784313725466436e-04
7.740196078431347973e-04
7.749999999999975875e-04
7.460784313725465780e-04
7.553921568627427596e-04
7.372549019607819000e-04
7.539215686274485743e-04
7.411764705882328439e-04
7.269607843137231452e-04
7.691176470588211717e-04
7.656862745098015144e-04
7.294117647058800122e-04
7.754901960784289826e-04
7.593137254901935950e-04
7.578431372548995182e-04
7.470588235294094766e-04
7.436274509803898194e-04
7.573529411764681231e-04
7.534313725490171792e-04
7.730392156862721156e-04
7.240196078431349914e-04
7.593137254901935950e-04
7.514705882352917072e-04
7.740196078431346889e-04
7.519607843137229939e-04
7.397058823529387671e-04
7.803921568627426083e-04
7.612745098039190670e-04
7.740196078431347973e-04
7.735294117647034022e-04
7.382352941176447986e-04
7.313725490196055926e-04
7.838235294117622655e-04
7.578431372548995182e-04
7.676470588235268780e-04
7.700980392156838534e-04
7.784313725490170279e-04
7.524509803921543890e-04
7.519607843137231023e-04
7.588235294117622000e-04
7.220588235294094111e-04
7.480392156862720500e-04
7.647058823529387242e-04
7.318627450980368793e-04
7.529411764705858925e-04
7.122549019607820513e-04
7.205882352941153342e-04
7.504901960784289170e-04
7.578431372548996266e-04
7.754901960784289826e-04
7.161764705882329952e-04
7.220588235294094111e-04
7.328431372548996695e-04
7.534313725490172876e-04
7.691176470588211717e-04
7.583333333333310217e-04
7.411764705882328439e-04
7.553921568627426511e-04
7.210784313725467293e-04
7.392156862745073720e-04
7.843137254901935522e-04
7.475490196078407633e-04
7.156862745098016001e-04
7.215686274509781244e-04
7.632352941176445390e-04
7.401960784313702706e-04
7.740196078431347973e-04
7.485294117647035535e-04
7.519607843137231023e-04
6.980392156862722441e-04
7.269607843137231452e-04
7.632352941176446474e-04
7.681372549019583815e-04
7.553921568627426511e-04
7.622549019607819656e-04
7.588235294117622000e-04
7.455882352941151829e-04
7.720588235294092170e-04
7.490196078431349486e-04
7.504901960784289170e-04
7.642156862745073291e-04
7.220588235294094111e-04
7.274509803921546487e-04
7.735294117647034022e-04
7.465686274509780816e-04
7.367647058823505049e-04
7.686274509803896681e-04
7.058823529411741319e-04
7.470588235294093682e-04
7.220588235294094111e-04
7.446078431372525012e-04
7.490196078431348402e-04
7.754901960784289826e-04
7.534313725490171792e-04
7.627450980392132523e-04
7.392156862745074804e-04
7.490196078431348402e-04
7.808823529411740034e-04
7.455882352941151829e-04
7.544117647058798609e-04
7.661764705882328011e-04
7.387254901960761937e-04
7.637254901960759340e-04
7.568627450980367280e-04
7.642156862745074376e-04
7.421568627450957426e-04
7.299019607843115157e-04
7.446078431372526096e-04
7.485294117647034451e-04
7.549019607843113645e-04
7.348039215686251414e-04
7.583333333333309133e-04
7.401960784313701622e-04
7.573529411764682315e-04
7.622549019607818572e-04
7.455882352941151829e-04
7.671568627450956997e-04
7.725490196078406121e-04
7.872549019607818143e-04
7.617647058823504621e-04
7.392156862745073720e-04
7.632352941176445390e-04
7.196078431372525440e-04
7.078431372548998207e-04
7.328431372548995610e-04
7.539215686274485743e-04
7.313725490196054842e-04
7.568627450980367280e-04
7.338235294117624596e-04
7.514705882352918156e-04
8.049019607843110619e-04
7.401960784313701622e-04
7.504901960784290255e-04
7.450980392156840047e-04
7.700980392156837450e-04
7.519607843137229939e-04
7.544117647058798609e-04
7.367647058823505049e-04
7.705882352941152485e-04
7.499999999999975219e-04
7.431372549019583159e-04
7.720588235294093254e-04
7.377450980392132951e-04
7.495098039215662353e-04
7.696078431372524583e-04
7.671568627450954829e-04
7.397058823529387671e-04
7.372549019607819000e-04
7.230392156862723097e-04
7.357843137254878232e-04
7.661764705882329095e-04
7.220588235294094111e-04
7.490196078431348402e-04
7.519607843137231023e-04
7.382352941176447986e-04
7.240196078431349914e-04
7.254901960784290683e-04
7.661764705882328011e-04
7.764705882352916644e-04
7.441176470588212145e-04
7.499999999999975219e-04
7.617647058823505705e-04
7.759803921568601609e-04
7.465686274509779731e-04
7.382352941176447986e-04
7.308823529411740891e-04
7.455882352941152914e-04
7.485294117647034451e-04
7.401960784313701622e-04
7.558823529411740462e-04
7.117647058823506562e-04
7.426470588235271376e-04
7.906862745098013632e-04
7.416666666666642390e-04
7.715686274509779303e-04
7.499999999999976304e-04
7.352941176470564281e-04
7.460784313725465780e-04
7.245098039215662781e-04
7.475490196078406549e-04
7.725490196078406121e-04
7.681372549019583815e-04
7.808823529411740034e-04
7.181372549019584672e-04
7.431372549019583159e-04
7.411764705882329524e-04
7.171568627450957854e-04
7.495098039215662353e-04
7.573529411764681231e-04
7.406862745098016657e-04
7.441176470588211061e-04
7.259803921568604634e-04
7.382352941176447986e-04
7.534313725490171792e-04
7.754901960784288742e-04
7.524509803921543890e-04
7.465686274509780816e-04
7.622549019607818572e-04
7.848039215686249473e-04
7.519607843137229939e-04
7.245098039215662781e-04
7.328431372548995610e-04
7.519607843137229939e-04
7.642156862745073291e-04
7.598039215686249901e-04
7.299019607843115157e-04
7.225490196078408062e-04
7.245098039215663865e-04
7.446078431372525012e-04
7.235294117647035964e-04
7.578431372548996266e-04
7.563725490196054413e-04
7.617647058823505705e-04
7.686274509803897766e-04
7.387254901960759769e-04
7.955882352941152057e-04
7.632352941176445390e-04
7.406862745098015573e-04
7.357843137254878232e-04
7.348039215686251414e-04
7.181372549019584672e-04
7.450980392156840047e-04
7.897058823529385730e-04
7.725490196078406121e-04
7.588235294117623084e-04
7.284313725490173305e-04
7.705882352941152485e-04
7.308823529411740891e-04
7.191176470588211489e-04
7.024509803921545831e-04
7.843137254901936606e-04
7.392156862745074804e-04
7.387254901960759769e-04
7.602941176470563852e-04
7.450980392156838963e-04
7.901960784313700765e-04
7.607843137254876719e-04
7.495098039215663437e-04
7.779411764705858497e-04
7.573529411764681231e-04
7.279411764705858269e-04
7.539215686274485743e-04
7.607843137254876719e-04
7.465686274509780816e-04
7.406862745098016657e-04
7.279411764705859354e-04
7.352941176470564281e-04
7.519607843137229939e-04
7.441176470588211061e-04
7.710784313725465352e-04
7.524509803921543890e-04
7.230392156862723097e-04
7.156862745098017085e-04
7.691176470588210632e-04
7.691176470588210632e-04
7.740196078431346889e-04
7.406862745098015573e-04
7.671568627450956997e-04
7.274509803921545403e-04
7.686274509803897766e-04
7.568627450980368364e-04
7.563725490196053329e-04
7.598039215686249901e-04
7.573529411764681231e-04
7.426470588235271376e-04
7.666666666666641962e-04
8.215686274509778446e-04
7.436274509803897110e-04
7.455882352941151829e-04
7.343137254901938547e-04
7.593137254901937035e-04
7.284313725490173305e-04
7.544117647058799694e-04
7.401960784313701622e-04
7.710784313725466436e-04
7.499999999999975219e-04
7.818627450980367936e-04
7.245098039215662781e-04
7.671568627450954829e-04
7.578431372548995182e-04
7.362745098039193267e-04
7.362745098039193267e-04
7.318627450980368793e-04
7.745098039215660840e-04
7.240196078431349914e-04
7.686274509803896681e-04
7.769607843137229511e-04
7.583333333333310217e-04
7.612745098039190670e-04
7.784313725490170279e-04
7.269607843137231452e-04
7.254901960784290683e-04
7.838235294117622655e-04
7.431372549019583159e-04
7.573529411764681231e-04
7.299019607843114073e-04
7.666666666666643046e-04
7.475490196078406549e-04
7.264705882352917501e-04
7.607843137254876719e-04
7.720588235294093254e-04
7.691176470588210632e-04
7.264705882352917501e-04
7.166666666666643903e-04
7.426470588235270292e-04
7.666666666666641962e-04
7.446078431372526096e-04
7.470588235294094766e-04
7.470588235294094766e-04
7.710784313725465352e-04
7.583333333333309133e-04
7.446078431372526096e-04
7.583333333333309133e-04
7.696078431372524583e-04
7.303921568627426940e-04
7.656862745098014060e-04
7.455882352941151829e-04
7.377450980392132951e-04
7.759803921568601609e-04
7.578431372548995182e-04
7.387254901960759769e-04
7.406862745098015573e-04
7.544117647058798609e-04
7.705882352941152485e-04
7.426470588235271376e-04
7.803921568627424999e-04
7.460784313725466865e-04
7.700980392156837450e-04
7.294117647058800122e-04
7.338235294117624596e-04
7.411764705882329524e-04
7.328431372548996695e-04
7.446078431372525012e-04
7.524509803921543890e-04
7.568627450980367280e-04
7.240196078431348830e-04
7.514705882352917072e-04
7.372549019607819000e-04
7.862745098039190242e-04
7.166666666666643903e-04
7.799019607843113216e-04
7.661764705882328011e-04
7.578431372548995182e-04
7.612745098039190670e-04
7.348039215686250330e-04
7.460784313725465780e-04
7.401960784313701622e-04
7.578431372548996266e-04
7.647058823529387242e-04
7.455882352941152914e-04
7.181372549019584672e-04
7.696078431372523499e-04
7.382352941176446902e-04
7.406862745098015573e-04
7.357843137254878232e-04
7.480392156862720500e-04
7.107843137254878660e-04
7.416666666666642390e-04
7.367647058823505049e-04
7.617647058823504621e-04
7.490196078431348402e-04
7.602941176470564937e-04
7.617647058823505705e-04
7.637254901960759340e-04
7.480392156862721584e-04
7.426470588235270292e-04
7.598039215686249901e-04
7.455882352941151829e-04
7.367647058823505049e-04
7.622549019607819656e-04
7.578431372548996266e-04
7.455882352941151829e-04
7.348039215686251414e-04
7.191176470588212574e-04
7.372549019607819000e-04
7.499999999999975219e-04
7.382352941176446902e-04
8.039215686274484886e-04
8.715686274509776505e-04
8.593137254901933152e-04
9.401960784313693857e-04
9.715686274509772622e-04
1.055392156862741812e-03
1.023039215686271253e-03
1.088235294117643548e-03
1.173039215686270779e-03
1.215196078431368589e-03
1.219607843137250928e-03
1.272549019607838996e-03
1.268137254901956657e-03
1.332843137254897774e-03
1.409313725490191505e-03
1.441666666666662064e-03
1.483823529411759873e-03
1.431862745098034595e-03
1.552941176470583112e-03
1.536764705882347941e-03
1.516666666666662043e-03
1.618627450980386802e-03
1.639215686274504528e-03
1.556862745098034056e-03
1.635784313725484980e-03
1.634313725490190794e-03
1.672058823529406265e-03
1.673039215686269055e-03
1.650980392156857360e-03
1.751960784313719762e-03
1.722549019607837358e-03
1.744117647058817874e-03
1.700980392156857058e-03
1.792156862745092208e-03
1.704411764705876823e-03
1.756862745098033713e-03
1.753431372549013731e-03
1.791666666666660813e-03
1.784313725490190104e-03
1.756862745098033713e-03
1.810784313725484138e-03
1.793627450980386177e-03
1.752450980392151157e-03
1.799999999999994096e-03
1.775490196078425426e-03
1.798529411764699911e-03
1.823529411764699759e-03
1.800490196078425491e-03
1.865196078431366391e-03
1.808333333333327596e-03
1.846568627450974245e-03
1.806862745098033194e-03
1.812745098039209935e-03
1.787745098039210086e-03
1.841666666666660511e-03
1.840196078431366759e-03
1.803431372549013645e-03
1.790196078431366628e-03
1.816176470588229267e-03
1.768137254901954933e-03
1.793137254901954998e-03
1.795588235294111974e-03
1.833823529411758623e-03
1.799019607843131523e-03
1.831862745098033476e-03
1.825980392156856735e-03
1.806862745098033194e-03
1.788235294117641264e-03
1.807352941176464806e-03
1.761764705882347230e-03
1.846078431372542850e-03
1.820588235294111606e-03
1.762745098039209804e-03
1.841666666666660511e-03
1.824509803921562550e-03
1.803921568627445040e-03
1.773529411764700062e-03
1.768627450980386545e-03
1.761274509803916052e-03
1.769117647058817940e-03
1.748529411764700213e-03
1.801960784313719460e-03
1.737254901960778777e-03
1.786764705882347296e-03
1.807843137254895984e-03
1.750490196078425577e-03
1.726960784313719697e-03
1.788235294117641047e-03
1.824019607843131155e-03
1.757843137254896286e-03
1.825490196078425557e-03
1.721568627450974784e-03
1.777450980392151006e-03
1.793627450980386177e-03
1.778921568627445191e-03
1.722058823529406179e-03
1.720098039215680599e-03
1.712254901960778711e-03
1.749019607843131608e-03
1.785784313725484506e-03
1.797549019607837121e-03
1.714705882352935470e-03
1.784803921568621716e-03
1.746568627450974633e-03
1.661274509803916007e-03
1.774019607843131457e-03
1.768627450980386328e-03
1.713235294117641501e-03
1.775490196078425426e-03
1.726960784313719697e-03
1.732352941176464826e-03
1.738235294117641350e-03
1.688725490196072831e-03
1.731372549019602036e-03
1.725980392156857123e-03
1.666176470588229741e-03
1.709803921568621952e-03
1.659313725490190643e-03
1.694117647058817960e-03
1.678921568627445363e-03
1.699509803921563089e-03
1.702941176470582638e-03
1.687745098039210041e-03
1.716666666666661050e-03
1.703921568627445428e-03
1.709313725490190557e-03
1.690686274509798411e-03
1.609803921568622124e-03
1.671568627450975087e-03
1.671078431372543692e-03
1.638235294117641738e-03
1.658333333333328070e-03
1.655392156862739699e-03
1.648529411764700385e-03
1.668137254901955321e-03
1.651470588235288972e-03
1.638725490196073133e-03
1.625980392156857511e-03
1.649509803921563175e-03
1.675980392156857209e-03
1.639705882352935707e-03
1.657843137254896458e-03
1.626470588235288690e-03
1.733823529411759011e-03
1.634313725490191011e-03
1.668627450980386933e-03
1.658823529411759248e-03
1.573039215686269443e-03
1.621078431372543994e-03
1.649019607843131780e-03
1.625980392156857511e-03
1.645588235294112231e-03
1.620588235294112382e-03
1.627941176470582875e-03
1.671568627450974870e-03
1.548039215686269378e-03
1.625980392156857511e-03
1.625490196078426116e-03
1.601960784313720236e-03
1.555392156862740087e-03
1.624019607843131931e-03
1.594607843137249743e-03
1.638725490196073133e-03
1.588235294117641824e-03
1.619117647058818197e-03
1.634803921568622189e-03
1.503431372549014810e-03
1.603431372549014421e-03
1.541666666666661675e-03
1.591666666666661373e-03
1.610294117647053519e-03
1.616666666666661438e-03
1.561274509803916395e-03
1.617156862745092833e-03
1.545098039215681224e-03
1.558823529411759636e-03
1.588725490196073219e-03
1.587745098039210646e-03
1.574999999999994807e-03
1.542647058823524465e-03
1.537745098039210731e-03
1.566176470588230129e-03
1.501470588235289229e-03
1.544607843137249829e-03
1.574019607843132017e-03
1.541176470588230280e-03
1.544117647058818434e-03
1.514705882352936246e-03
1.590686274509798799e-03
1.594607843137249743e-03
1.481862745098034293e-03
1.551960784313720322e-03
1.465196078431367727e-03
1.536764705882347941e-03
1.534803921568622361e-03
1.570588235294112468e-03
1.531372549019602812e-03
1.516666666666661827e-03
1.522058823529406739e-03
1.491176470588230366e-03
1.538235294117642126e-03
1.506372549019602963e-03
1.513235294117642061e-03
1.538725490196073305e-03
1.552450980392151717e-03
1.497058823529406890e-03
1.489215686274505002e-03
1.492647058823524551e-03
1.471078431372544251e-03
1.499019607843132471e-03
1.505882352941171568e-03
1.487745098039210817e-03
1.540686274509798885e-03
1.496078431372544100e-03
1.498529411764701075e-03
1.512745098039210666e-03
1.482352941176465688e-03
1.472058823529407258e-03
1.488725490196073607e-03
1.519607843137249980e-03
1.521568627450975344e-03
1.400980392156858222e-03
1.457843137254897234e-03
1.518137254901955795e-03
1.466666666666661912e-03
1.522058823529406739e-03
1.485294117647054058e-03
1.506372549019602963e-03
1.428921568627446442e-03
1.457843137254897234e-03
1.434803921568622749e-03
1.471568627450975646e-03
1.462745098039210968e-03
1.491666666666661761e-03
1.433823529411759959e-03
1.454411764705877685e-03
1.448529411764701161e-03
1.462745098039210968e-03
1.470098039215681461e-03
1.434313725490191354e-03
1.484313725490191268e-03
1.483333333333328478e-03
1.450490196078426742e-03
1.483333333333328478e-03
1.435784313725485539e-03
1.419607843137250369e-03
1.462745098039210968e-03
1.479411764705877534e-03
1.468137254901956098e-03
1.440686274509799273e-03
1.420098039215681980e-03
1.417647058823524788e-03
1.385294117647054447e-03
1.421568627450975732e-03
1.404411764705877771e-03
1.371568627450976035e-03
1.423039215686269917e-03
1.421078431372544337e-03
1.454901960784309081e-03
1.355392156862740647e-03
1.387254901960779810e-03
1.448529411764701161e-03
1.407352941176465925e-03
1.417156862745093393e-03
1.387745098039211205e-03
1.422058823529407127e-03
1.382352941176466076e-03
1.395098039215681698e-03
1.396568627450975883e-03
1.453921568627446290e-03
1.401470588235289617e-03
1.399019607843132642e-03
1.412254901960779659e-03
1.402941176470583803e-03
1.419607843137250369e-03
1.371078431372544639e-03
1.357843137254897622e-03
1.348039215686270154e-03
1.406862745098034747e-03
1.362745098039211357e-03
1.366666666666662300e-03
1.329901960784309403e-03
1.362745098039211357e-03
1.355392156862740647e-03
1.365196078431368115e-03
1.335784313725485927e-03
1.394117647058819125e-03
1.359313725490191591e-03
1.402450980392152408e-03
1.364215686274505325e-03
1.355392156862740647e-03
1.384803921568623052e-03
1.356862745098034832e-03
1.362745098039211357e-03
1.368627450980387664e-03
1.352450980392152493e-03
1.392156862745093544e-03
1.364215686274505325e-03
1.368627450980387881e-03
1.350980392156858308e-03
1.375490196078426978e-03
1.299999999999995820e-03
1.338235294117642686e-03
1.329411764705878008e-03
1.365686274509799510e-03
1.325980392156858459e-03
1.354901960784309252e-03
1.370588235294113244e-03
1.278431372549015520e-03
1.358333333333329018e-03
1.337745098039211291e-03
1.368627450980387664e-03
1.344117647058819210e-03
1.344117647058819210e-03
1.294607843137250691e-03
1.364705882352936720e-03
1.348529411764701549e-03
1.325980392156858459e-03
1.321568627450976120e-03
1.314215686274505628e-03
1.310784313725486079e-03
1.324509803921564274e-03
1.320588235294113330e-03
1.312254901960780047e-03
1.312254901960780047e-03
1.284313725490192045e-03
1.361764705882348566e-03
1.315686274509799596e-03
1.285294117647054618e-03
1.285784313725486013e-03
1.309313725490191893e-03
1.339215686274505476e-03
1.246568627450976357e-03
1.289705882352936957e-03
1.276470588235289940e-03
1.269607843137250842e-03
1.262254901960780350e-03
1.280882352941172279e-03
1.303921568627446764e-03
1.271568627450976423e-03
1.258333333333329406e-03
1.287745098039211594e-03
1.302450980392152579e-03
1.267156862745094084e-03
1.241176470588231228e-03
1.271078431372545028e-03
1.265686274509799899e-03
1.264705882352937108e-03
1.295098039215682086e-03
1.214705882352937411e-03
1.236764705882348889e-03
1.268137254901956657e-03
1.259803921568623374e-03
1.227941176470584211e-03
1.286764705882348803e-03
1.272549019607838996e-03
1.263235294117642923e-03
1.275980392156858762e-03
1.245588235294113567e-03
1.242156862745094018e-03
1.287254901960780198e-03
1.209803921568623677e-03
1.287745098039211594e-03
1.262254901960780350e-03
1.222058823529407904e-03
1.254901960784309640e-03
1.254901960784309640e-03
1.260784313725486164e-03
1.270098039215682021e-03
1.216666666666662774e-03
1.253431372549015672e-03
1.216666666666662774e-03
1.199999999999996209e-03
1.250980392156858696e-03
1.205392156862741338e-03
1.236764705882348889e-03
1.228431372549015606e-03
1.237254901960780284e-03
1.245098039215682389e-03
1.249999999999995906e-03
1.224999999999996057e-03
1.238235294117643074e-03
1.255882352941172430e-03
1.219117647058819750e-03
1.169117647058819836e-03
1.246078431372544962e-03
1.207843137254898096e-03
1.261274509803917560e-03
1.228921568627447001e-03
1.220098039215682323e-03
1.227450980392153033e-03
1.232843137254897945e-03
1.222549019607839299e-03
1.250490196078427084e-03
1.205392156862741121e-03
1.163725490196074706e-03
1.217647058823525565e-03
1.186274509803917796e-03
1.205882352941172733e-03
1.247549019607839147e-03
1.190196078431368740e-03
1.210294117647055072e-03
1.231372549019603977e-03
1.211274509803917645e-03
1.238725490196074469e-03
1.185784313725486401e-03
1.222549019607839299e-03
1.204411764705878548e-03
1.194117647058819684e-03
1.200980392156858999e-03
1.220098039215682323e-03
1.219607843137250928e-03
1.241176470588231228e-03
1.194607843137251079e-03
1.219607843137250928e-03
1.213235294117643226e-03
1.179901960784309877e-03
1.242647058823525413e-03
1.179411764705878699e-03
1.195588235294113870e-03
1.196078431372545265e-03
1.238725490196074469e-03
1.196568627450976660e-03
1.197549019607839233e-03
1.178431372549015909e-03
1.268627450980388052e-03
1.216176470588231379e-03
1.189705882352937345e-03
1.209313725490192282e-03
1.171568627450976594e-03
1.183333333333329643e-03
1.148039215686270931e-03
1.183823529411761038e-03
1.214705882352937411e-03
1.183823529411761038e-03
1.162745098039211916e-03
1.174019607843133570e-03
1.158823529411760972e-03
1.151470588235290480e-03
1.161274509803917948e-03
1.171078431372545199e-03
1.198039215686270628e-03
1.170098039215682626e-03
1.186274509803917796e-03
1.156372549019604214e-03
1.175980392156858933e-03
1.172549019607839384e-03
1.180882352941172450e-03
1.168137254901957045e-03
1.187254901960780587e-03
1.139705882352937648e-03
1.182843137254898248e-03
1.210294117647055072e-03
1.195588235294113870e-03
1.157352941176467004e-03
1.153431372549016060e-03
1.173529411764702175e-03
1.171568627450976594e-03
1.165686274509800287e-03
1.140686274509800221e-03
1.163235294117643311e-03
1.156372549019604214e-03
1.151960784313721875e-03
1.159803921568623762e-03
1.115686274509800372e-03
1.109313725490192670e-03
1.167156862745094255e-03
1.116666666666663163e-03
1.165196078431368892e-03
1.156862745098035609e-03
1.134803921568623914e-03
1.168627450980388440e-03
1.157352941176467004e-03
1.096078431372545653e-03
1.150980392156859084e-03
1.154411764705878633e-03
1.117647058823525953e-03
1.187745098039211982e-03
1.118137254901957348e-03
1.147058823529408141e-03
1.110784313725486638e-03
1.152941176470584665e-03
1.129901960784310180e-03
1.124019607843133655e-03
1.147549019607839536e-03
1.123039215686270865e-03
1.117156862745094558e-03
1.139215686274506253e-03
1.141666666666663011e-03
1.153431372549016060e-03
1.136764705882349277e-03
1.090196078431369129e-03
1.078431372549016297e-03
1.138725490196074858e-03
1.150980392156859084e-03
1.170588235294114021e-03
1.160294117647055158e-03
1.170098039215682626e-03
1.066176470588231853e-03
1.116176470588231768e-03
