6.305555555555540171e-04
5.916666666666652551e-04
6.222222222222206257e-04
6.833333333333315839e-04
6.999999999999981497e-04
8.083333333333312613e-04
8.555555555555533062e-04
7.138888888888871714e-04
7.888888888888866092e-04
7.777777777777756738e-04
8.249999999999978271e-04
9.166666666666640475e-04
8.083333333333311528e-04
8.611111111111088281e-04
8.527777777777755452e-04
9.555555555555529179e-04
9.138888888888863950e-04
8.722222222222198720e-04
9.611111111111084399e-04
8.749999999999976330e-04
9.638888888888862009e-04
9.472222222222196350e-04
9.388888888888863521e-04
9.694444444444419396e-04
9.138888888888863950e-04
9.416666666666640047e-04
9.249999999999973304e-04
8.972222222222198292e-04
8.333333333333310016e-04
8.999999999999973733e-04
7.472222222222201947e-04
9.249999999999974389e-04
9.611111111111084399e-04
1.008333333333330702e-03
9.416666666666640047e-04
9.527777777777750486e-04
9.694444444444419396e-04
9.083333333333309815e-04
8.972222222222197207e-04
9.555555555555529179e-04
8.749999999999976330e-04
8.333333333333311100e-04
8.861111111111086769e-04
9.416666666666640047e-04
9.666666666666640702e-04
8.999999999999973733e-04
9.277777777777751998e-04
8.999999999999976985e-04
8.444444444444421539e-04
9.527777777777751570e-04
8.638888888888864807e-04
1.011111111111108463e-03
9.194444444444418085e-04
8.611111111111089365e-04
9.638888888888860924e-04
9.833333333333306361e-04
8.666666666666643501e-04
1.027777777777775028e-03
9.722222222222194838e-04
1.036111111111108311e-03
1.019444444444441529e-03
9.416666666666641131e-04
9.555555555555530264e-04
9.333333333333307218e-04
8.916666666666643072e-04
9.888888888888859412e-04
9.249999999999974389e-04
9.277777777777753082e-04
9.583333333333306789e-04
9.138888888888862866e-04
1.024999999999997051e-03
9.194444444444419169e-04
1.013888888888886224e-03
9.194444444444420253e-04
9.194444444444418085e-04
9.138888888888863950e-04
9.249999999999973304e-04
9.805555555555528751e-04
9.583333333333306789e-04
9.138888888888862866e-04
9.111111111111085256e-04
9.027777777777752427e-04
8.666666666666643501e-04
9.916666666666637021e-04
9.083333333333307646e-04
9.361111111111085912e-04
9.777777777777748973e-04
9.527777777777752654e-04
8.805555555555531549e-04
9.027777777777752427e-04
9.138888888888863950e-04
1.008333333333330702e-03
8.999999999999974817e-04
9.694444444444416144e-04
9.305555555555529608e-04
1.022222222222219506e-03
9.166666666666641559e-04
9.361111111111086996e-04
8.888888888888864378e-04
9.166666666666640475e-04
9.527777777777750486e-04
9.166666666666641559e-04
9.361111111111084827e-04
8.972222222222197207e-04
8.777777777777753939e-04
8.555555555555531978e-04
9.111111111111087424e-04
9.361111111111085912e-04
8.916666666666643072e-04
9.111111111111086340e-04
8.833333333333310243e-04
8.861111111111086769e-04
1.013888888888886224e-03
9.722222222222195922e-04
8.694444444444421110e-04
8.722222222222197636e-04
9.611111111111084399e-04
8.833333333333310243e-04
9.861111111111083970e-04
9.027777777777752427e-04
9.472222222222195266e-04
9.416666666666641131e-04
9.416666666666640047e-04
9.777777777777748973e-04
8.916666666666641988e-04
8.555555555555533062e-04
9.416666666666641131e-04
9.583333333333307873e-04
9.222222222222196779e-04
1.027777777777775028e-03
8.499999999999978927e-04
8.805555555555530465e-04
1.019444444444441746e-03
9.472222222222194182e-04
9.361111111111084827e-04
9.111111111111086340e-04
9.388888888888862437e-04
8.999999999999975901e-04
9.749999999999974616e-04
8.833333333333310243e-04
9.527777777777752654e-04
9.444444444444418741e-04
9.638888888888862009e-04
9.472222222222198519e-04
8.333333333333310016e-04
8.472222222222201317e-04
9.583333333333306789e-04
9.027777777777754595e-04
9.777777777777748973e-04
9.527777777777750486e-04
9.638888888888863093e-04
9.027777777777753511e-04
9.444444444444417656e-04
1.041666666666663833e-03
8.555555555555531978e-04
9.833333333333306361e-04
9.361111111111084827e-04
8.472222222222200233e-04
9.638888888888862009e-04
9.222222222222196779e-04
9.583333333333306789e-04
9.249999999999973304e-04
9.583333333333305705e-04
9.166666666666640475e-04
9.111111111111086340e-04
9.333333333333307218e-04
8.833333333333308075e-04
9.416666666666640047e-04
9.999999999999972019e-04
9.861111111111083970e-04
9.166666666666641559e-04
8.888888888888866547e-04
9.361111111111085912e-04
8.722222222222197636e-04
9.444444444444419825e-04
8.749999999999976330e-04
7.944444444444424564e-04
8.499999999999977842e-04
8.861111111111087853e-04
9.666666666666639618e-04
8.888888888888865462e-04
9.194444444444418085e-04
9.527777777777751570e-04
8.611111111111087197e-04
9.138888888888863950e-04
9.361111111111085912e-04
9.694444444444416144e-04
9.638888888888864177e-04
9.861111111111081802e-04
9.277777777777753082e-04
9.388888888888862437e-04
9.583333333333306789e-04
8.999999999999975901e-04
9.666666666666639618e-04
9.305555555555530692e-04
9.666666666666638534e-04
9.777777777777751141e-04
1.016666666666663985e-03
9.527777777777750486e-04
9.888888888888861580e-04
9.222222222222196779e-04
8.666666666666641332e-04
8.611111111111087197e-04
8.861111111111087853e-04
9.638888888888862009e-04
9.083333333333307646e-04
1.091666666666663748e-03
9.527777777777751570e-04
8.194444444444421967e-04
9.194444444444420253e-04
9.722222222222195922e-04
9.444444444444419825e-04
8.305555555555533490e-04
8.999999999999974817e-04
9.111111111111085256e-04
9.249999999999973304e-04
9.638888888888862009e-04
8.499999999999977842e-04
8.638888888888864807e-04
9.777777777777751141e-04
8.861111111111088937e-04
9.027777777777754595e-04
9.944444444444418968e-04
9.138888888888863950e-04
8.999999999999975901e-04
9.861111111111083970e-04
9.499999999999972876e-04
8.722222222222197636e-04
9.888888888888861580e-04
1.072222222222219204e-03
9.138888888888862866e-04
8.805555555555530465e-04
8.999999999999975901e-04
8.861111111111087853e-04
9.527777777777751570e-04
1.002777777777775180e-03
9.333333333333308302e-04
9.694444444444418312e-04
9.833333333333306361e-04
9.416666666666642215e-04
1.002777777777775180e-03
9.083333333333306562e-04
9.666666666666639618e-04
9.194444444444419169e-04
9.388888888888862437e-04
9.416666666666641131e-04
9.333333333333309386e-04
9.694444444444418312e-04
9.583333333333306789e-04
9.972222222222194409e-04
8.833333333333308075e-04
9.444444444444418741e-04
8.805555555555531549e-04
8.805555555555531549e-04
9.333333333333307218e-04
8.916666666666641988e-04
1.036111111111108311e-03
9.027777777777754595e-04
8.777777777777752855e-04
9.388888888888863521e-04
9.277777777777751998e-04
9.972222222222196578e-04
9.416666666666642215e-04
8.694444444444421110e-04
9.194444444444419169e-04
8.777777777777752855e-04
8.444444444444421539e-04
1.005555555555552724e-03
8.611111111111087197e-04
9.833333333333306361e-04
9.305555555555529608e-04
9.055555555555531121e-04
9.138888888888862866e-04
9.333333333333307218e-04
9.194444444444418085e-04
9.138888888888862866e-04
8.749999999999975245e-04
9.416666666666640047e-04
9.333333333333309386e-04
8.083333333333311528e-04
9.388888888888863521e-04
8.972222222222197207e-04
1.027777777777775245e-03
9.055555555555531121e-04
9.444444444444417656e-04
9.861111111111081802e-04
9.305555555555530692e-04
9.444444444444419825e-04
9.583333333333305705e-04
9.166666666666641559e-04
9.111111111111085256e-04
9.499999999999972876e-04
9.555555555555528095e-04
8.722222222222199804e-04
9.749999999999972447e-04
9.805555555555526583e-04
9.666666666666638534e-04
9.416666666666640047e-04
8.805555555555530465e-04
9.527777777777753738e-04
9.416666666666640047e-04
9.249999999999973304e-04
8.472222222222200233e-04
9.833333333333306361e-04
9.222222222222196779e-04
9.527777777777750486e-04
7.861111111111089567e-04
9.027777777777752427e-04
8.861111111111087853e-04
8.944444444444420682e-04
8.861111111111086769e-04
9.666666666666640702e-04
9.361111111111086996e-04
9.361111111111084827e-04
1.033333333333330550e-03
9.333333333333308302e-04
9.472222222222196350e-04
9.055555555555531121e-04
9.111111111111085256e-04
8.999999999999976985e-04
9.083333333333308730e-04
9.611111111111083315e-04
9.944444444444418968e-04
9.055555555555530036e-04
1.049999999999997116e-03
9.388888888888863521e-04
9.666666666666639618e-04
9.111111111111085256e-04
9.138888888888863950e-04
8.833333333333310243e-04
1.044444444444441377e-03
9.555555555555528095e-04
9.527777777777750486e-04
9.166666666666642644e-04
1.019444444444441746e-03
8.777777777777755024e-04
9.972222222222194409e-04
8.833333333333310243e-04
8.916666666666641988e-04
7.749999999999979128e-04
1.005555555555552941e-03
9.111111111111086340e-04
9.472222222222196350e-04
9.388888888888863521e-04
8.972222222222198292e-04
8.777777777777752855e-04
8.388888888888865235e-04
8.666666666666643501e-04
8.944444444444419598e-04
9.722222222222195922e-04
8.916666666666640904e-04
8.722222222222198720e-04
8.972222222222197207e-04
9.722222222222195922e-04
8.888888888888864378e-04
9.222222222222195695e-04
9.305555555555530692e-04
9.333333333333308302e-04
8.472222222222200233e-04
8.972222222222199376e-04
9.249999999999976557e-04
8.972222222222198292e-04
9.222222222222196779e-04
9.249999999999974389e-04
9.138888888888863950e-04
9.416666666666640047e-04
9.472222222222196350e-04
9.611111111111083315e-04
8.861111111111088937e-04
9.055555555555530036e-04
1.027777777777775028e-03
9.527777777777751570e-04
8.749999999999976330e-04
8.861111111111087853e-04
9.083333333333309815e-04
9.861111111111081802e-04
1.008333333333330702e-03
1.008333333333330702e-03
9.638888888888862009e-04
9.472222222222196350e-04
9.777777777777751141e-04
9.333333333333308302e-04
9.083333333333308730e-04
9.444444444444419825e-04
9.777777777777751141e-04
8.444444444444421539e-04
9.527777777777751570e-04
9.749999999999975700e-04
9.916666666666637021e-04
9.888888888888859412e-04
9.222222222222195695e-04
8.916666666666643072e-04
9.249999999999976557e-04
8.749999999999976330e-04
9.083333333333308730e-04
8.749999999999977414e-04
8.888888888888865462e-04
9.972222222222194409e-04
8.527777777777754368e-04
9.249999999999974389e-04
1.058333333333330182e-03
8.749999999999975245e-04
9.444444444444417656e-04
8.527777777777754368e-04
1.008333333333330702e-03
9.416666666666640047e-04
1.022222222222219506e-03
9.305555555555531776e-04
1.016666666666663768e-03
8.555555555555531978e-04
9.472222222222195266e-04
9.111111111111086340e-04
8.972222222222197207e-04
8.527777777777754368e-04
9.222222222222196779e-04
8.583333333333309587e-04
8.861111111111087853e-04
8.916666666666644156e-04
9.055555555555530036e-04
9.416666666666640047e-04
9.138888888888865034e-04
8.083333333333311528e-04
9.499999999999973960e-04
8.638888888888864807e-04
9.833333333333304192e-04
8.361111111111088710e-04
9.416666666666641131e-04
9.194444444444420253e-04
8.194444444444423051e-04
9.055555555555531121e-04
9.361111111111084827e-04
9.999999999999972019e-04
9.166666666666641559e-04
9.166666666666641559e-04
9.027777777777752427e-04
9.722222222222194838e-04
9.166666666666640475e-04
9.194444444444419169e-04
9.527777777777751570e-04
9.555555555555528095e-04
9.972222222222196578e-04
9.583333333333305705e-04
9.749999999999974616e-04
9.111111111111085256e-04
9.638888888888862009e-04
9.416666666666643299e-04
9.722222222222194838e-04
1.008333333333330702e-03
8.916666666666641988e-04
9.111111111111085256e-04
9.166666666666641559e-04
9.138888888888865034e-04
9.166666666666642644e-04
9.305555555555529608e-04
1.008333333333330485e-03
9.888888888888861580e-04
9.972222222222194409e-04
9.694444444444418312e-04
9.805555555555528751e-04
8.472222222222200233e-04
8.944444444444420682e-04
8.555555555555531978e-04
9.777777777777751141e-04
8.805555555555531549e-04
8.333333333333311100e-04
8.611111111111087197e-04
9.694444444444415060e-04
8.888888888888864378e-04
9.694444444444418312e-04
9.166666666666641559e-04
8.972222222222197207e-04
8.833333333333310243e-04
8.888888888888864378e-04
9.638888888888863093e-04
1.030555555555552789e-03
8.694444444444421110e-04
8.722222222222198720e-04
9.555555555555529179e-04
8.638888888888865891e-04
8.416666666666642845e-04
9.083333333333309815e-04
8.972222222222198292e-04
9.638888888888862009e-04
8.777777777777752855e-04
9.638888888888862009e-04
9.861111111111083970e-04
8.888888888888865462e-04
9.361111111111085912e-04
9.194444444444419169e-04
1.005555555555552941e-03
9.805555555555528751e-04
9.388888888888865690e-04
9.833333333333306361e-04
9.888888888888861580e-04
9.194444444444419169e-04
9.472222222222195266e-04
9.111111111111084172e-04
9.305555555555530692e-04
1.005555555555552724e-03
8.444444444444421539e-04
1.030555555555553006e-03
9.583333333333305705e-04
9.888888888888861580e-04
8.611111111111089365e-04
9.305555555555530692e-04
9.472222222222196350e-04
9.694444444444416144e-04
8.972222222222198292e-04
1.016666666666663768e-03
9.944444444444416800e-04
1.055555555555552638e-03
9.444444444444418741e-04
1.030555555555552789e-03
9.222222222222195695e-04
1.024999999999997267e-03
9.499999999999972876e-04
8.916666666666641988e-04
9.861111111111083970e-04
9.277777777777751998e-04
9.305555555555530692e-04
9.305555555555529608e-04
8.749999999999976330e-04
8.888888888888863294e-04
8.833333333333310243e-04
8.833333333333310243e-04
1.024999999999997267e-03
9.194444444444420253e-04
9.472222222222194182e-04
9.111111111111086340e-04
9.472222222222196350e-04
9.416666666666640047e-04
9.138888888888862866e-04
9.722222222222197006e-04
8.833333333333308075e-04
8.888888888888864378e-04
9.805555555555528751e-04
9.027777777777753511e-04
9.027777777777752427e-04
9.305555555555530692e-04
8.527777777777755452e-04
9.444444444444418741e-04
9.111111111111086340e-04
1.027777777777775028e-03
9.527777777777751570e-04
9.055555555555530036e-04
9.555555555555531348e-04
8.222222222222199577e-04
1.002777777777775397e-03
8.972222222222198292e-04
8.972222222222197207e-04
1.005555555555552941e-03
1.036111111111108311e-03
8.388888888888866319e-04
8.444444444444421539e-04
9.527777777777751570e-04
8.444444444444422623e-04
9.694444444444418312e-04
9.861111111111081802e-04
9.777777777777751141e-04
9.666666666666639618e-04
9.583333333333306789e-04
9.055555555555530036e-04
9.861111111111081802e-04
9.416666666666641131e-04
9.305555555555529608e-04
9.249999999999974389e-04
9.583333333333307873e-04
9.527777777777752654e-04
8.583333333333311756e-04
9.999999999999972019e-04
9.777777777777751141e-04
9.777777777777751141e-04
9.222222222222196779e-04
8.722222222222197636e-04
9.805555555555528751e-04
8.861111111111088937e-04
9.472222222222196350e-04
9.944444444444416800e-04
9.305555555555529608e-04
8.888888888888864378e-04
8.666666666666644585e-04
9.111111111111085256e-04
9.611111111111084399e-04
8.972222222222198292e-04
8.916666666666641988e-04
8.944444444444420682e-04
9.194444444444420253e-04
9.555555555555528095e-04
8.861111111111087853e-04
8.388888888888865235e-04
9.249999999999973304e-04
9.361111111111086996e-04
9.555555555555529179e-04
8.805555555555532633e-04
8.527777777777754368e-04
9.249999999999974389e-04
9.527777777777750486e-04
9.138888888888862866e-04
8.861111111111088937e-04
8.888888888888866547e-04
9.416666666666641131e-04
9.055555555555531121e-04
1.002777777777774963e-03
9.083333333333307646e-04
9.638888888888862009e-04
9.666666666666640702e-04
8.638888888888864807e-04
9.555555555555528095e-04
8.749999999999975245e-04
9.083333333333308730e-04
9.027777777777752427e-04
8.694444444444421110e-04
9.638888888888862009e-04
9.055555555555531121e-04
9.611111111111084399e-04
9.527777777777753738e-04
9.777777777777751141e-04
8.972222222222197207e-04
9.861111111111083970e-04
9.138888888888863950e-04
9.805555555555526583e-04
9.055555555555531121e-04
8.888888888888865462e-04
9.694444444444418312e-04
9.555555555555529179e-04
8.888888888888865462e-04
9.861111111111083970e-04
1.005555555555552941e-03
9.027777777777752427e-04
9.027777777777752427e-04
9.527777777777751570e-04
9.361111111111085912e-04
8.583333333333309587e-04
9.333333333333309386e-04
9.083333333333308730e-04
1.002777777777775180e-03
9.611111111111083315e-04
8.305555555555533490e-04
8.694444444444421110e-04
8.638888888888865891e-04
9.611111111111084399e-04
9.472222222222197435e-04
8.944444444444420682e-04
9.166666666666641559e-04
9.083333333333307646e-04
8.999999999999974817e-04
8.861111111111086769e-04
9.416666666666641131e-04
9.722222222222195922e-04
8.583333333333310671e-04
9.361111111111085912e-04
9.499999999999973960e-04
1.055555555555552638e-03
9.166666666666640475e-04
9.222222222222196779e-04
8.861111111111087853e-04
9.249999999999973304e-04
9.694444444444419396e-04
1.005555555555552724e-03
9.999999999999972019e-04
8.638888888888866975e-04
9.166666666666641559e-04
8.749999999999976330e-04
9.333333333333310470e-04
9.944444444444416800e-04
9.027777777777752427e-04
9.111111111111085256e-04
1.049999999999996899e-03
9.194444444444418085e-04
9.222222222222196779e-04
8.777777777777753939e-04
9.277777777777753082e-04
9.416666666666641131e-04
8.111111111111089138e-04
9.472222222222196350e-04
9.027777777777754595e-04
9.166666666666641559e-04
9.249999999999974389e-04
8.944444444444420682e-04
9.916666666666639190e-04
9.305555555555529608e-04
9.805555555555528751e-04
8.749999999999975245e-04
9.611111111111084399e-04
8.499999999999978927e-04
9.666666666666639618e-04
9.111111111111084172e-04
8.694444444444420026e-04
9.361111111111084827e-04
8.638888888888864807e-04
9.083333333333308730e-04
9.722222222222195922e-04
9.694444444444418312e-04
9.333333333333306133e-04
8.611111111111086113e-04
8.972222222222198292e-04
9.083333333333309815e-04
8.972222222222199376e-04
9.833333333333306361e-04
9.166666666666641559e-04
9.111111111111085256e-04
1.008333333333330702e-03
1.002777777777775180e-03
8.999999999999974817e-04
9.472222222222195266e-04
8.888888888888865462e-04
9.249999999999973304e-04
9.388888888888863521e-04
9.916666666666641358e-04
8.555555555555533062e-04
9.499999999999973960e-04
9.166666666666641559e-04
1.005555555555552724e-03
9.611111111111084399e-04
8.916666666666641988e-04
8.805555555555530465e-04
9.444444444444417656e-04
9.388888888888863521e-04
9.388888888888862437e-04
8.722222222222197636e-04
9.888888888888859412e-04
9.305555555555530692e-04
8.972222222222197207e-04
8.277777777777755881e-04
9.583333333333307873e-04
9.999999999999972019e-04
9.527777777777752654e-04
8.972222222222199376e-04
8.972222222222197207e-04
9.083333333333307646e-04
9.083333333333307646e-04
1.069444444444441443e-03
9.888888888888861580e-04
9.499999999999972876e-04
9.111111111111086340e-04
9.749999999999973532e-04
8.472222222222200233e-04
9.805555555555528751e-04
9.472222222222195266e-04
8.972222222222197207e-04
1.008333333333330485e-03
9.916666666666637021e-04
9.388888888888863521e-04
8.611111111111088281e-04
9.277777777777753082e-04
9.805555555555528751e-04
8.972222222222196123e-04
9.777777777777751141e-04
8.861111111111088937e-04
9.472222222222195266e-04
9.027777777777751343e-04
9.472222222222195266e-04
9.333333333333308302e-04
9.138888888888865034e-04
9.249999999999973304e-04
8.861111111111086769e-04
9.222222222222197863e-04
8.499999999999977842e-04
8.972222222222197207e-04
9.611111111111085483e-04
9.972222222222196578e-04
9.277777777777753082e-04
9.999999999999974187e-04
9.499999999999973960e-04
8.249999999999977187e-04
8.916666666666641988e-04
8.055555555555536087e-04
8.805555555555530465e-04
9.722222222222195922e-04
9.972222222222196578e-04
9.666666666666638534e-04
9.722222222222197006e-04
9.249999999999976557e-04
8.833333333333308075e-04
8.888888888888864378e-04
9.083333333333307646e-04
8.972222222222198292e-04
9.833333333333306361e-04
9.361111111111085912e-04
9.333333333333308302e-04
9.527777777777751570e-04
9.055555555555531121e-04
8.305555555555532406e-04
8.333333333333311100e-04
1.024999999999997051e-03
9.611111111111085483e-04
8.444444444444420455e-04
1.005555555555552941e-03
9.944444444444416800e-04
9.111111111111086340e-04
9.638888888888863093e-04
9.444444444444418741e-04
9.111111111111084172e-04
9.138888888888863950e-04
9.138888888888863950e-04
9.555555555555528095e-04
9.444444444444418741e-04
8.583333333333310671e-04
9.944444444444416800e-04
8.666666666666642416e-04
9.583333333333306789e-04
9.111111111111085256e-04
9.499999999999973960e-04
9.527777777777750486e-04
8.805555555555531549e-04
9.027777777777755679e-04
1.030555555555552789e-03
8.972222222222198292e-04
9.388888888888863521e-04
9.361111111111084827e-04
9.194444444444419169e-04
9.638888888888862009e-04
8.111111111111089138e-04
8.944444444444421766e-04
8.749999999999975245e-04
8.749999999999977414e-04
8.916666666666644156e-04
9.333333333333308302e-04
9.388888888888862437e-04
9.388888888888863521e-04
9.694444444444416144e-04
8.861111111111086769e-04
9.361111111111086996e-04
8.777777777777753939e-04
9.416666666666642215e-04
1.047222222222219355e-03
9.805555555555528751e-04
9.027777777777752427e-04
9.361111111111084827e-04
9.361111111111084827e-04
9.666666666666640702e-04
8.583333333333310671e-04
9.333333333333309386e-04
9.361111111111085912e-04
8.999999999999974817e-04
9.666666666666639618e-04
1.016666666666663985e-03
9.777777777777751141e-04
9.416666666666641131e-04
8.944444444444420682e-04
9.805555555555526583e-04
9.055555555555532205e-04
9.694444444444419396e-04
8.305555555555533490e-04
9.277777777777751998e-04
8.916666666666643072e-04
9.305555555555529608e-04
9.305555555555529608e-04
9.972222222222194409e-04
9.499999999999972876e-04
9.749999999999972447e-04
8.833333333333311327e-04
9.527777777777750486e-04
8.972222222222198292e-04
9.722222222222194838e-04
8.861111111111087853e-04
8.222222222222200661e-04
9.194444444444419169e-04
8.277777777777755881e-04
9.916666666666641358e-04
9.444444444444417656e-04
9.972222222222194409e-04
9.694444444444419396e-04
8.777777777777752855e-04
9.277777777777751998e-04
9.111111111111086340e-04
9.222222222222196779e-04
8.416666666666645013e-04
8.861111111111086769e-04
9.583333333333307873e-04
9.027777777777753511e-04
8.249999999999978271e-04
9.861111111111083970e-04
8.888888888888864378e-04
8.861111111111086769e-04
9.722222222222194838e-04
9.805555555555528751e-04
8.888888888888865462e-04
9.111111111111086340e-04
9.388888888888862437e-04
9.277777777777753082e-04
8.222222222222200661e-04
9.249999999999973304e-04
9.111111111111086340e-04
9.666666666666639618e-04
9.388888888888864605e-04
9.499999999999975044e-04
9.861111111111081802e-04
9.444444444444418741e-04
9.472222222222196350e-04
8.861111111111086769e-04
9.611111111111084399e-04
1.038888888888886072e-03
8.777777777777752855e-04
9.416666666666641131e-04
9.027777777777751343e-04
8.999999999999975901e-04
9.472222222222196350e-04
9.583333333333305705e-04
8.111111111111089138e-04
1.005555555555552941e-03
9.499999999999973960e-04
9.388888888888863521e-04
9.388888888888863521e-04
9.555555555555529179e-04
1.002777777777775180e-03
9.027777777777754595e-04
9.111111111111086340e-04
8.777777777777755024e-04
9.583333333333306789e-04
9.416666666666640047e-04
9.861111111111083970e-04
9.527777777777751570e-04
9.999999999999972019e-04
9.749999999999972447e-04
9.277777777777753082e-04
8.499999999999977842e-04
9.388888888888863521e-04
9.222222222222195695e-04
8.305555555555532406e-04
8.888888888888863294e-04
8.916666666666643072e-04
9.388888888888864605e-04
9.611111111111085483e-04
9.555555555555528095e-04
9.083333333333307646e-04
8.777777777777753939e-04
8.194444444444423051e-04
9.666666666666639618e-04
9.166666666666641559e-04
9.805555555555528751e-04
9.166666666666642644e-04
9.527777777777751570e-04
1.024999999999997267e-03
1.011111111111108463e-03
8.944444444444421766e-04
9.083333333333309815e-04
9.638888888888860924e-04
9.638888888888862009e-04
9.388888888888863521e-04
9.388888888888864605e-04
9.138888888888863950e-04
9.194444444444418085e-04
8.722222222222198720e-04
9.222222222222196779e-04
8.611111111111087197e-04
9.805555555555526583e-04
9.277777777777753082e-04
1.030555555555552789e-03
8.999999999999975901e-04
9.083333333333308730e-04
8.388888888888868488e-04
9.833333333333304192e-04
8.305555555555532406e-04
9.111111111111086340e-04
9.777777777777751141e-04
8.416666666666643929e-04
9.722222222222195922e-04
9.861111111111081802e-04
9.555555555555528095e-04
8.666666666666644585e-04
9.166666666666641559e-04
7.916666666666643702e-04
8.611111111111088281e-04
9.361111111111085912e-04
9.361111111111085912e-04
1.041666666666663833e-03
1.011111111111108246e-03
8.722222222222197636e-04
9.249999999999974389e-04
9.527777777777750486e-04
9.916666666666639190e-04
9.472222222222196350e-04
9.361111111111084827e-04
9.055555555555530036e-04
9.222222222222195695e-04
9.027777777777752427e-04
1.016666666666663985e-03
7.888888888888867176e-04
9.249999999999973304e-04
8.972222222222198292e-04
8.749999999999976330e-04
9.416666666666640047e-04
9.194444444444418085e-04
8.555555555555533062e-04
9.666666666666640702e-04
8.638888888888865891e-04
8.916666666666643072e-04
9.444444444444420909e-04
9.222222222222195695e-04
9.777777777777751141e-04
9.861111111111081802e-04
9.666666666666638534e-04
9.333333333333309386e-04
9.833333333333304192e-04
9.499999999999973960e-04
9.361111111111084827e-04
7.833333333333313041e-04
9.388888888888862437e-04
1.008333333333330702e-03
9.555555555555530264e-04
1.197222222222219098e-03
1.269444444444440667e-03
1.366666666666662734e-03
1.488888888888884434e-03
1.619444444444439850e-03
1.716666666666661701e-03
1.819444444444438857e-03
1.822222222222216617e-03
2.052777777777771862e-03
2.169444444444438257e-03
1.972222222222215927e-03
2.158333333333327213e-03
2.302777777777770783e-03
2.244444444444437803e-03
2.230555555555548998e-03
2.247222222222215130e-03
2.158333333333327213e-03
2.299999999999993022e-03
2.269444444444437652e-03
2.311111111111104066e-03
2.413888888888881656e-03
2.313888888888881827e-03
2.374999999999992568e-03
2.333333333333326588e-03
2.249999999999993325e-03
2.391666666666659568e-03
2.299999999999993022e-03
2.561111111111103421e-03
2.494444444444436724e-03
2.469444444444436875e-03
2.455555555555548070e-03
2.397222222222215090e-03
2.349999999999993153e-03
2.394444444444437329e-03
2.333333333333326588e-03
2.458333333333325831e-03
2.352777777777770914e-03
2.483333333333325680e-03
2.508333333333325962e-03
2.594444444444436552e-03
2.502777777777770007e-03
2.436111111111103743e-03
2.299999999999993022e-03
2.366666666666659719e-03
2.399999999999992851e-03
2.399999999999992417e-03
2.441666666666659265e-03
2.508333333333325962e-03
2.461111111111103159e-03
2.311111111111104066e-03
2.561111111111103421e-03
2.527777777777770289e-03
2.491666666666658963e-03
2.458333333333325831e-03
2.413888888888881656e-03
2.424999999999992700e-03
2.441666666666659265e-03
2.438888888888881504e-03
2.502777777777770007e-03
2.455555555555548070e-03
2.449999999999992548e-03
2.388888888888881807e-03
2.469444444444436875e-03
2.272222222222215413e-03
2.508333333333325962e-03
2.549999999999992377e-03
2.433333333333326416e-03
2.524999999999992528e-03
2.311111111111104066e-03
2.366666666666659719e-03
2.419444444444437178e-03
2.577777777777769987e-03
2.399999999999992851e-03
2.269444444444437652e-03
2.408333333333326134e-03
2.411111111111104328e-03
2.363888888888881958e-03
2.227777777777771237e-03
2.386111111111103612e-03
2.299999999999993022e-03
2.391666666666659568e-03
2.397222222222215090e-03
2.288888888888881978e-03
2.291666666666659739e-03
2.405555555555548373e-03
2.399999999999992851e-03
2.305555555555548544e-03
2.366666666666659719e-03
2.411111111111103461e-03
2.355555555555548675e-03
2.213888888888882432e-03
2.422222222222214939e-03
2.283333333333326456e-03
2.224999999999993476e-03
2.399999999999992851e-03
2.319444444444437349e-03
2.366666666666659719e-03
2.427777777777770461e-03
2.247222222222215130e-03
2.522222222222214767e-03
2.333333333333326588e-03
2.213888888888882432e-03
2.263888888888882130e-03
2.277777777777770934e-03
2.283333333333326456e-03
2.319444444444437349e-03
2.327777777777770198e-03
2.116666666666660365e-03
2.174999999999993345e-03
2.330555555555547959e-03
2.336111111111104349e-03
2.222222222222215715e-03
2.286111111111104217e-03
2.216666666666660193e-03
2.202777777777770955e-03
2.380555555555548524e-03
2.255555555555548847e-03
2.286111111111104217e-03
2.316666666666659588e-03
2.158333333333326345e-03
2.208333333333326910e-03
2.305555555555548544e-03
2.291666666666659306e-03
2.199999999999993627e-03
2.222222222222215715e-03
2.291666666666659739e-03
2.219444444444437954e-03
2.194444444444438105e-03
2.238888888888882281e-03
2.180555555555549301e-03
2.113888888888882170e-03
2.222222222222215715e-03
2.269444444444437652e-03
2.211111111111104671e-03
2.183333333333327061e-03
2.316666666666659588e-03
2.219444444444437520e-03
2.016666666666660970e-03
2.102777777777771560e-03
2.049999999999993668e-03
2.124999999999993214e-03
2.158333333333327213e-03
2.119444444444438126e-03
2.205555555555549149e-03
2.069444444444437994e-03
2.230555555555548998e-03
2.113888888888882604e-03
2.127777777777771408e-03
2.241666666666660042e-03
2.147222222222215735e-03
2.316666666666659588e-03
2.230555555555548998e-03
2.249999999999993325e-03
2.119444444444438126e-03
2.155555555555549018e-03
2.077777777777771711e-03
2.233333333333326759e-03
1.991666666666661121e-03
2.124999999999993647e-03
2.052777777777771862e-03
2.247222222222215564e-03
1.955555555555549795e-03
2.113888888888882604e-03
2.036111111111105296e-03
2.280555555555548695e-03
2.094444444444437843e-03
2.044444444444438146e-03
2.041666666666660818e-03
2.127777777777771408e-03
2.102777777777771560e-03
2.033333333333327535e-03
2.038888888888883057e-03
2.136111111111104691e-03
2.022222222222216492e-03
2.066666666666660667e-03
2.022222222222216492e-03
2.058333333333327384e-03
1.999999999999993970e-03
2.086111111111104994e-03
2.066666666666660233e-03
2.136111111111104691e-03
1.944444444444438751e-03
2.086111111111104994e-03
2.058333333333327384e-03
1.936111111111105251e-03
2.033333333333327535e-03
2.011111111111105448e-03
2.083333333333327233e-03
2.019444444444438731e-03
2.008333333333327687e-03
2.016666666666660536e-03
1.894444444444438620e-03
2.024999999999994253e-03
2.016666666666660970e-03
2.005555555555549926e-03
1.986111111111104732e-03
1.988888888888882926e-03
1.974999999999994121e-03
1.897222222222216597e-03
1.997222222222216209e-03
2.038888888888883057e-03
2.030555555555549774e-03
2.038888888888883057e-03
1.955555555555549795e-03
2.102777777777771560e-03
1.894444444444438836e-03
2.033333333333327102e-03
1.927777777777771968e-03
1.874999999999994293e-03
1.883333333333327793e-03
2.011111111111105448e-03
1.924999999999994207e-03
1.913888888888882946e-03
1.916666666666660924e-03
1.924999999999994207e-03
2.036111111111104863e-03
2.024999999999993819e-03
1.955555555555549795e-03
1.908333333333327858e-03
1.919444444444438468e-03
2.041666666666660818e-03
1.974999999999993688e-03
1.827777777777772356e-03
2.024999999999994253e-03
1.841666666666660944e-03
1.969444444444438599e-03
1.961111111111104883e-03
1.924999999999993990e-03
1.838888888888883400e-03
1.811111111111105790e-03
1.988888888888882926e-03
1.805555555555550269e-03
1.977777777777771882e-03
1.894444444444439053e-03
1.961111111111105317e-03
1.838888888888883400e-03
1.866666666666661010e-03
1.944444444444438317e-03
1.844444444444438922e-03
1.847222222222216683e-03
1.874999999999994510e-03
1.836111111111105856e-03
1.905555555555549880e-03
1.858333333333327944e-03
1.913888888888883163e-03
1.952777777777771817e-03
1.933333333333327707e-03
1.802777777777772508e-03
1.941666666666660556e-03
2.016666666666660970e-03
1.783333333333327964e-03
1.949999999999994273e-03
1.786111111111106159e-03
1.719444444444439462e-03
1.936111111111105251e-03
1.924999999999993990e-03
1.780555555555550203e-03
1.866666666666661010e-03
1.844444444444438922e-03
1.819444444444439073e-03
1.830555555555549900e-03
1.861111111111105488e-03
1.949999999999994273e-03
1.799999999999994747e-03
1.908333333333327424e-03
1.908333333333327641e-03
1.816666666666661312e-03
1.849999999999994444e-03
1.727777777777772528e-03
1.874999999999994510e-03
1.702777777777772896e-03
1.819444444444439073e-03
1.827777777777772356e-03
1.849999999999994227e-03
1.769444444444438942e-03
1.761111111111105659e-03
1.772222222222216920e-03
1.797222222222216986e-03
1.805555555555550269e-03
1.861111111111105922e-03
1.752777777777772593e-03
1.780555555555550203e-03
1.652777777777772765e-03
1.891666666666661292e-03
1.694444444444439396e-03
1.777777777777772659e-03
1.949999999999994273e-03
1.830555555555550117e-03
1.688888888888884091e-03
1.824999999999994378e-03
1.758333333333328115e-03
1.894444444444438836e-03
1.597222222222217328e-03
1.741666666666661549e-03
1.761111111111106093e-03
1.847222222222216683e-03
1.761111111111105659e-03
1.869444444444438771e-03
1.761111111111105876e-03
1.852777777777771988e-03
1.802777777777772508e-03
1.661111111111106048e-03
1.705555555555550657e-03
1.766666666666661398e-03
1.805555555555550052e-03
1.741666666666661549e-03
1.702777777777772679e-03
1.674999999999995069e-03
1.619444444444439850e-03
1.661111111111106264e-03
1.786111111111105725e-03
1.774999999999994681e-03
1.813888888888883551e-03
1.655555555555550526e-03
1.669444444444439330e-03
1.677777777777772830e-03
1.866666666666661227e-03
1.708333333333328201e-03
1.677777777777772830e-03
1.766666666666661398e-03
1.699999999999995352e-03
1.733333333333328266e-03
1.691666666666661852e-03
1.786111111111105725e-03
1.644444444444439482e-03
1.736111111111105811e-03
1.636111111111106199e-03
1.749999999999994832e-03
1.599999999999995306e-03
1.724999999999994767e-03
1.774999999999994681e-03
1.727777777777772961e-03
1.752777777777772593e-03
1.691666666666661635e-03
1.680555555555550374e-03
1.641666666666661938e-03
1.697222222222217157e-03
1.580555555555550763e-03
1.638888888888884177e-03
1.666666666666661786e-03
1.691666666666661635e-03
1.686111111111106113e-03
1.611111111111106567e-03
1.555555555555550914e-03
1.602777777777773284e-03
1.658333333333328287e-03
1.563888888888884197e-03
1.624999999999995155e-03
1.711111111111106179e-03
1.738888888888883788e-03
1.719444444444439462e-03
1.641666666666662154e-03
1.677777777777772613e-03
1.749999999999994832e-03
1.647222222222217460e-03
1.558333333333328892e-03
1.644444444444439699e-03
1.636111111111106416e-03
1.672222222222217525e-03
1.641666666666661721e-03
1.724999999999994984e-03
1.647222222222217243e-03
1.647222222222217460e-03
1.652777777777772981e-03
1.533333333333328826e-03
1.649999999999995220e-03
1.611111111111106567e-03
1.541666666666662326e-03
1.591666666666662023e-03
1.691666666666661635e-03
1.666666666666661786e-03
1.577777777777773002e-03
1.486111111111106456e-03
1.694444444444439396e-03
1.474999999999995629e-03
1.716666666666661484e-03
1.455555555555551302e-03
1.519444444444440021e-03
1.630555555555550894e-03
1.758333333333327898e-03
1.555555555555550914e-03
1.624999999999995372e-03
1.630555555555550894e-03
1.591666666666662023e-03
1.533333333333328826e-03
1.749999999999994832e-03
1.563888888888884197e-03
1.491666666666662412e-03
1.488888888888884434e-03
1.558333333333328675e-03
1.719444444444439245e-03
1.530555555555551282e-03
1.538888888888884348e-03
1.561111111111106653e-03
1.597222222222217762e-03
1.588888888888884045e-03
1.605555555555550611e-03
1.486111111111106673e-03
1.597222222222217328e-03
1.608333333333328589e-03
1.577777777777773218e-03
1.630555555555550894e-03
1.533333333333329043e-03
1.463888888888884585e-03
1.608333333333328806e-03
1.555555555555550697e-03
1.533333333333328826e-03
1.536111111111106587e-03
1.530555555555551282e-03
1.594444444444440218e-03
1.536111111111106587e-03
1.566666666666662391e-03
1.508333333333328760e-03
1.533333333333328826e-03
1.549999999999995392e-03
1.494444444444440172e-03
1.522222222222217999e-03
1.588888888888884045e-03
1.502777777777773239e-03
1.599999999999995523e-03
1.441666666666662714e-03
1.636111111111106199e-03
1.516666666666662260e-03
1.586111111111106284e-03
1.591666666666661806e-03
1.597222222222217762e-03
1.527777777777773304e-03
1.536111111111106804e-03
1.422222222222217954e-03
1.483333333333328912e-03
1.491666666666662195e-03
1.422222222222218387e-03
1.477777777777773390e-03
1.602777777777773284e-03
1.597222222222217328e-03
1.544444444444439870e-03
1.569444444444439719e-03
1.519444444444440021e-03
1.505555555555551216e-03
1.555555555555550914e-03
1.422222222222218387e-03
1.380555555555551539e-03
1.541666666666662326e-03
1.597222222222217328e-03
1.499999999999995694e-03
1.377777777777773778e-03
1.605555555555551045e-03
1.605555555555551045e-03
1.574999999999995241e-03
1.497222222222217717e-03
1.513888888888884499e-03
1.619444444444439633e-03
1.574999999999995241e-03
1.477777777777773390e-03
1.422222222222217954e-03
1.452777777777773541e-03
1.544444444444439870e-03
1.505555555555551000e-03
1.497222222222217717e-03
1.505555555555551000e-03
1.499999999999995478e-03
1.513888888888884716e-03
1.413888888888884671e-03
1.427777777777773692e-03
1.647222222222217243e-03
1.349999999999996168e-03
1.691666666666661635e-03
1.486111111111106673e-03
1.447222222222218019e-03
1.491666666666662412e-03
1.438888888888884953e-03
1.555555555555550914e-03
1.472222222222218085e-03
1.480555555555551368e-03
1.411111111111106910e-03
1.422222222222217954e-03
1.497222222222217717e-03
1.474999999999995629e-03
1.466666666666662346e-03
1.369444444444440495e-03
1.463888888888884585e-03
1.516666666666662477e-03
1.238888888888885296e-03
1.447222222222218236e-03
1.344444444444440646e-03
1.502777777777773455e-03
1.386111111111107061e-03
1.427777777777773909e-03
1.405555555555551388e-03
1.383333333333329517e-03
1.461111111111106824e-03
1.424999999999995931e-03
1.488888888888884434e-03
1.511111111111106955e-03
1.436111111111106975e-03
1.405555555555551605e-03
1.538888888888884348e-03
1.347222222222218407e-03
1.436111111111106975e-03
