5.388888888888876882e-04
5.555555555555542540e-04
6.222222222222208426e-04
6.111111111111094734e-04
7.472222222222201947e-04
7.583333333333314554e-04
7.055555555555536717e-04
7.583333333333313470e-04
8.555555555555533062e-04
8.166666666666644358e-04
8.805555555555529381e-04
7.777777777777755653e-04
8.638888888888865891e-04
9.027777777777753511e-04
8.111111111111090222e-04
8.166666666666645442e-04
8.249999999999977187e-04
8.083333333333311528e-04
8.444444444444421539e-04
8.888888888888864378e-04
8.944444444444420682e-04
9.361111111111088080e-04
9.083333333333308730e-04
8.499999999999977842e-04
9.333333333333307218e-04
8.277777777777755881e-04
8.805555555555531549e-04
9.194444444444418085e-04
9.416666666666640047e-04
1.024999999999997267e-03
9.222222222222195695e-04
8.805555555555532633e-04
8.472222222222200233e-04
9.861111111111083970e-04
9.111111111111086340e-04
9.194444444444419169e-04
9.361111111111085912e-04
9.111111111111086340e-04
9.694444444444416144e-04
9.388888888888862437e-04
8.527777777777753284e-04
8.972222222222199376e-04
9.472222222222195266e-04
8.972222222222199376e-04
9.027777777777754595e-04
8.166666666666644358e-04
9.999999999999972019e-04
8.777777777777752855e-04
9.361111111111085912e-04
9.472222222222196350e-04
9.166666666666641559e-04
8.916666666666643072e-04
8.999999999999974817e-04
9.138888888888861781e-04
8.611111111111088281e-04
8.666666666666642416e-04
9.777777777777751141e-04
8.722222222222198720e-04
1.008333333333330702e-03
9.305555555555529608e-04
8.277777777777756965e-04
9.166666666666641559e-04
9.805555555555528751e-04
8.138888888888866748e-04
8.888888888888864378e-04
9.249999999999974389e-04
9.388888888888864605e-04
9.416666666666641131e-04
8.694444444444420026e-04
9.222222222222196779e-04
9.277777777777751998e-04
8.944444444444419598e-04
8.888888888888865462e-04
9.111111111111084172e-04
9.194444444444419169e-04
1.011111111111108679e-03
9.222222222222195695e-04
9.472222222222196350e-04
9.333333333333308302e-04
9.777777777777751141e-04
9.916666666666639190e-04
9.249999999999974389e-04
9.277777777777754167e-04
9.277777777777753082e-04
9.555555555555528095e-04
9.222222222222196779e-04
9.416666666666640047e-04
9.194444444444418085e-04
9.249999999999973304e-04
8.999999999999975901e-04
8.833333333333310243e-04
9.361111111111085912e-04
9.777777777777751141e-04
9.666666666666639618e-04
9.583333333333306789e-04
1.002777777777775180e-03
8.527777777777754368e-04
1.016666666666663985e-03
8.944444444444420682e-04
9.361111111111085912e-04
9.416666666666642215e-04
8.638888888888866975e-04
9.916666666666637021e-04
9.333333333333309386e-04
9.222222222222196779e-04
8.999999999999975901e-04
9.055555555555530036e-04
9.027777777777754595e-04
9.555555555555529179e-04
8.916666666666641988e-04
9.138888888888863950e-04
9.138888888888863950e-04
9.999999999999972019e-04
9.555555555555529179e-04
9.388888888888864605e-04
9.194444444444418085e-04
9.694444444444418312e-04
8.083333333333311528e-04
9.194444444444419169e-04
9.166666666666640475e-04
8.861111111111086769e-04
9.527777777777751570e-04
9.472222222222197435e-04
9.805555555555526583e-04
9.444444444444418741e-04
9.249999999999973304e-04
9.277777777777753082e-04
8.972222222222197207e-04
9.583333333333306789e-04
8.999999999999975901e-04
9.083333333333307646e-04
9.222222222222195695e-04
8.916666666666643072e-04
9.944444444444418968e-04
9.333333333333309386e-04
9.027777777777754595e-04
9.638888888888862009e-04
9.972222222222194409e-04
8.694444444444421110e-04
9.249999999999974389e-04
8.472222222222200233e-04
9.361111111111085912e-04
8.472222222222200233e-04
8.333333333333311100e-04
9.499999999999971792e-04
8.944444444444422850e-04
9.305555555555530692e-04
8.944444444444419598e-04
8.888888888888864378e-04
9.249999999999974389e-04
1.049999999999997116e-03
9.361111111111084827e-04
8.222222222222199577e-04
8.888888888888865462e-04
8.638888888888865891e-04
9.194444444444418085e-04
1.008333333333330702e-03
9.111111111111087424e-04
9.305555555555529608e-04
9.305555555555531776e-04
8.388888888888865235e-04
8.888888888888865462e-04
8.916666666666641988e-04
1.083333333333330248e-03
9.249999999999974389e-04
9.722222222222195922e-04
9.583333333333305705e-04
8.583333333333309587e-04
9.249999999999974389e-04
9.555555555555528095e-04
9.055555555555530036e-04
9.055555555555532205e-04
9.611111111111083315e-04
9.333333333333309386e-04
8.249999999999978271e-04
8.972222222222197207e-04
9.305555555555529608e-04
9.833333333333306361e-04
9.111111111111086340e-04
8.416666666666643929e-04
9.833333333333306361e-04
9.749999999999973532e-04
8.777777777777756108e-04
9.722222222222195922e-04
9.722222222222194838e-04
9.666666666666638534e-04
9.861111111111081802e-04
9.111111111111085256e-04
9.416666666666640047e-04
9.527777777777750486e-04
9.805555555555526583e-04
8.944444444444419598e-04
9.999999999999974187e-04
9.361111111111086996e-04
9.111111111111086340e-04
9.416666666666642215e-04
8.944444444444420682e-04
9.472222222222196350e-04
8.416666666666645013e-04
9.749999999999972447e-04
1.005555555555552724e-03
9.166666666666641559e-04
9.027777777777753511e-04
8.999999999999974817e-04
8.638888888888865891e-04
9.249999999999973304e-04
9.805555555555526583e-04
9.111111111111086340e-04
9.499999999999975044e-04
1.069444444444441443e-03
8.888888888888865462e-04
8.722222222222197636e-04
9.194444444444419169e-04
1.038888888888886072e-03
8.777777777777752855e-04
9.638888888888862009e-04
9.166666666666641559e-04
8.527777777777754368e-04
9.472222222222196350e-04
9.166666666666641559e-04
8.833333333333310243e-04
8.694444444444420026e-04
9.222222222222196779e-04
8.611111111111087197e-04
8.638888888888864807e-04
9.083333333333308730e-04
8.749999999999975245e-04
9.194444444444419169e-04
9.833333333333304192e-04
9.249999999999974389e-04
9.027777777777754595e-04
9.305555555555530692e-04
8.499999999999976758e-04
9.944444444444414631e-04
9.111111111111087424e-04
9.694444444444419396e-04
1.033333333333330550e-03
8.694444444444421110e-04
9.333333333333307218e-04
1.002777777777775180e-03
9.472222222222196350e-04
9.305555555555529608e-04
9.027777777777753511e-04
8.777777777777752855e-04
8.305555555555533490e-04
8.416666666666643929e-04
8.583333333333310671e-04
9.111111111111085256e-04
8.361111111111086541e-04
8.499999999999976758e-04
8.972222222222198292e-04
9.833333333333306361e-04
8.416666666666643929e-04
9.555555555555529179e-04
1.036111111111108311e-03
8.999999999999974817e-04
8.805555555555532633e-04
8.749999999999976330e-04
8.611111111111087197e-04
1.027777777777775028e-03
8.722222222222196552e-04
9.111111111111085256e-04
8.944444444444420682e-04
9.972222222222194409e-04
8.472222222222199148e-04
8.749999999999976330e-04
9.833333333333306361e-04
9.055555555555530036e-04
9.666666666666639618e-04
9.166666666666641559e-04
8.611111111111088281e-04
1.013888888888886224e-03
9.444444444444417656e-04
1.005555555555552941e-03
1.005555555555552724e-03
8.999999999999974817e-04
9.416666666666642215e-04
9.194444444444419169e-04
9.083333333333308730e-04
9.861111111111083970e-04
9.305555555555529608e-04
8.944444444444419598e-04
8.777777777777753939e-04
9.722222222222195922e-04
1.002777777777774963e-03
9.333333333333307218e-04
9.777777777777751141e-04
8.805555555555530465e-04
9.333333333333307218e-04
1.030555555555552789e-03
9.277777777777751998e-04
9.888888888888859412e-04
9.472222222222196350e-04
8.416666666666645013e-04
9.388888888888862437e-04
8.749999999999975245e-04
8.694444444444420026e-04
9.388888888888861353e-04
8.749999999999975245e-04
8.916666666666645241e-04
8.972222222222197207e-04
9.138888888888862866e-04
8.277777777777754796e-04
9.388888888888863521e-04
9.222222222222196779e-04
9.138888888888862866e-04
1.016666666666663985e-03
9.444444444444418741e-04
9.638888888888863093e-04
9.527777777777752654e-04
9.694444444444416144e-04
9.222222222222196779e-04
9.111111111111085256e-04
9.388888888888864605e-04
9.722222222222198090e-04
8.861111111111085684e-04
8.749999999999977414e-04
9.277777777777754167e-04
9.222222222222196779e-04
8.583333333333309587e-04
9.749999999999972447e-04
9.138888888888862866e-04
8.694444444444420026e-04
9.111111111111085256e-04
8.972222222222199376e-04
1.024999999999997267e-03
8.527777777777755452e-04
9.361111111111084827e-04
1.005555555555552941e-03
9.472222222222195266e-04
9.499999999999972876e-04
9.249999999999974389e-04
9.388888888888863521e-04
8.972222222222198292e-04
9.277777777777753082e-04
9.388888888888862437e-04
8.972222222222197207e-04
9.499999999999972876e-04
8.555555555555531978e-04
8.499999999999976758e-04
9.972222222222194409e-04
9.111111111111086340e-04
9.166666666666640475e-04
9.472222222222196350e-04
9.472222222222195266e-04
8.277777777777753712e-04
9.027777777777753511e-04
9.611111111111084399e-04
9.861111111111081802e-04
9.444444444444418741e-04
8.222222222222199577e-04
9.555555555555529179e-04
9.083333333333308730e-04
8.888888888888865462e-04
9.472222222222196350e-04
9.138888888888865034e-04
9.694444444444416144e-04
9.166666666666642644e-04
8.694444444444420026e-04
9.749999999999973532e-04
8.249999999999977187e-04
8.333333333333311100e-04
9.805555555555528751e-04
9.166666666666642644e-04
9.055555555555530036e-04
9.222222222222196779e-04
9.333333333333308302e-04
9.444444444444417656e-04
8.833333333333311327e-04
8.999999999999976985e-04
9.138888888888863950e-04
9.583333333333306789e-04
9.361111111111084827e-04
9.333333333333306133e-04
8.999999999999975901e-04
8.444444444444421539e-04
9.083333333333308730e-04
8.833333333333308075e-04
9.555555555555528095e-04
9.138888888888865034e-04
9.472222222222195266e-04
9.555555555555528095e-04
9.111111111111086340e-04
9.055555555555530036e-04
9.638888888888863093e-04
8.944444444444420682e-04
9.111111111111088508e-04
9.277777777777751998e-04
8.972222222222197207e-04
8.805555555555531549e-04
9.583333333333306789e-04
8.472222222222199148e-04
9.361111111111085912e-04
8.638888888888866975e-04
9.277777777777751998e-04
9.805555555555530919e-04
9.638888888888862009e-04
8.888888888888865462e-04
9.694444444444419396e-04
9.277777777777753082e-04
9.722222222222195922e-04
8.916666666666643072e-04
8.583333333333310671e-04
1.019444444444441529e-03
9.805555555555526583e-04
1.024999999999997267e-03
1.022222222222219506e-03
8.111111111111089138e-04
9.805555555555528751e-04
9.472222222222197435e-04
8.249999999999977187e-04
8.527777777777754368e-04
1.016666666666663985e-03
9.583333333333307873e-04
9.027777777777752427e-04
9.305555555555531776e-04
9.694444444444419396e-04
8.611111111111089365e-04
9.916666666666639190e-04
8.749999999999975245e-04
9.416666666666641131e-04
9.249999999999974389e-04
9.277777777777753082e-04
9.166666666666643728e-04
9.222222222222195695e-04
9.444444444444418741e-04
1.013888888888886007e-03
8.888888888888865462e-04
1.011111111111108463e-03
9.916666666666639190e-04
1.016666666666663985e-03
8.583333333333310671e-04
9.694444444444416144e-04
9.722222222222197006e-04
9.638888888888863093e-04
8.861111111111087853e-04
9.333333333333308302e-04
9.249999999999974389e-04
9.222222222222196779e-04
9.083333333333307646e-04
9.138888888888863950e-04
9.083333333333308730e-04
1.002777777777775180e-03
9.249999999999976557e-04
9.583333333333306789e-04
9.083333333333306562e-04
8.972222222222199376e-04
9.194444444444419169e-04
9.972222222222194409e-04
9.527777777777751570e-04
9.361111111111084827e-04
9.388888888888863521e-04
9.972222222222194409e-04
8.472222222222199148e-04
9.333333333333308302e-04
8.722222222222198720e-04
8.305555555555533490e-04
9.333333333333308302e-04
8.666666666666642416e-04
8.333333333333310016e-04
8.388888888888865235e-04
9.555555555555529179e-04
9.583333333333304621e-04
9.722222222222195922e-04
8.527777777777753284e-04
9.111111111111086340e-04
9.611111111111084399e-04
8.916666666666641988e-04
8.944444444444420682e-04
9.027777777777752427e-04
9.333333333333308302e-04
8.499999999999977842e-04
9.888888888888861580e-04
9.055555555555531121e-04
9.472222222222196350e-04
9.861111111111083970e-04
8.777777777777752855e-04
9.027777777777752427e-04
9.416666666666641131e-04
9.027777777777752427e-04
1.049999999999996899e-03
8.555555555555533062e-04
9.861111111111083970e-04
8.666666666666642416e-04
1.069444444444441443e-03
8.999999999999975901e-04
9.555555555555530264e-04
8.083333333333311528e-04
9.611111111111083315e-04
9.888888888888861580e-04
8.638888888888864807e-04
9.388888888888863521e-04
8.694444444444421110e-04
8.694444444444421110e-04
9.222222222222196779e-04
9.583333333333305705e-04
8.611111111111087197e-04
8.416666666666643929e-04
9.527777777777751570e-04
9.638888888888862009e-04
9.611111111111085483e-04
9.249999999999976557e-04
8.944444444444419598e-04
9.416666666666640047e-04
9.416666666666641131e-04
1.011111111111108463e-03
9.166666666666640475e-04
8.944444444444420682e-04
9.111111111111085256e-04
9.555555555555528095e-04
9.166666666666640475e-04
9.499999999999973960e-04
9.083333333333310899e-04
8.611111111111089365e-04
9.444444444444417656e-04
9.583333333333306789e-04
8.916666666666643072e-04
9.277777777777753082e-04
8.111111111111089138e-04
9.777777777777751141e-04
9.361111111111084827e-04
8.972222222222197207e-04
9.222222222222195695e-04
8.722222222222197636e-04
8.916666666666643072e-04
9.027777777777754595e-04
8.888888888888863294e-04
9.249999999999976557e-04
1.016666666666663985e-03
9.499999999999972876e-04
9.472222222222196350e-04
8.527777777777754368e-04
9.527777777777752654e-04
9.666666666666639618e-04
8.555555555555531978e-04
8.749999999999976330e-04
9.833333333333306361e-04
9.499999999999973960e-04
9.277777777777753082e-04
8.833333333333310243e-04
9.027777777777753511e-04
9.916666666666641358e-04
8.638888888888866975e-04
8.583333333333311756e-04
9.583333333333306789e-04
8.527777777777756536e-04
8.944444444444419598e-04
9.194444444444420253e-04
8.749999999999976330e-04
9.166666666666640475e-04
9.055555555555531121e-04
1.022222222222219506e-03
8.944444444444420682e-04
1.005555555555552941e-03
9.416666666666641131e-04
8.944444444444419598e-04
8.777777777777752855e-04
9.277777777777755251e-04
9.416666666666642215e-04
9.083333333333309815e-04
9.138888888888863950e-04
9.666666666666639618e-04
9.055555555555531121e-04
9.722222222222194838e-04
9.305555555555530692e-04
9.611111111111084399e-04
9.055555555555531121e-04
9.888888888888861580e-04
9.638888888888862009e-04
9.305555555555528524e-04
1.002777777777775180e-03
9.138888888888862866e-04
9.388888888888863521e-04
9.361111111111084827e-04
9.333333333333308302e-04
9.222222222222198947e-04
9.361111111111084827e-04
8.972222222222198292e-04
9.111111111111085256e-04
8.805555555555530465e-04
9.361111111111085912e-04
9.805555555555528751e-04
1.033333333333330334e-03
9.777777777777748973e-04
8.583333333333310671e-04
8.611111111111088281e-04
9.277777777777753082e-04
9.388888888888864605e-04
8.472222222222200233e-04
1.013888888888886007e-03
9.777777777777751141e-04
9.444444444444417656e-04
9.194444444444419169e-04
8.749999999999975245e-04
9.111111111111086340e-04
9.555555555555530264e-04
9.416666666666641131e-04
9.166666666666641559e-04
9.138888888888862866e-04
9.388888888888862437e-04
8.694444444444421110e-04
8.694444444444420026e-04
9.027777777777753511e-04
9.472222222222194182e-04
9.527777777777749401e-04
9.249999999999974389e-04
9.472222222222196350e-04
9.222222222222195695e-04
8.722222222222197636e-04
9.222222222222195695e-04
9.305555555555529608e-04
9.111111111111085256e-04
9.194444444444419169e-04
9.666666666666639618e-04
9.222222222222196779e-04
9.499999999999972876e-04
8.722222222222198720e-04
9.222222222222196779e-04
8.861111111111085684e-04
9.055555555555530036e-04
1.024999999999997267e-03
9.333333333333308302e-04
8.999999999999974817e-04
9.111111111111085256e-04
9.222222222222196779e-04
9.416666666666640047e-04
9.222222222222196779e-04
9.722222222222195922e-04
9.083333333333308730e-04
1.027777777777774812e-03
8.611111111111087197e-04
8.999999999999974817e-04
8.805555555555531549e-04
9.361111111111085912e-04
9.694444444444418312e-04
9.194444444444418085e-04
8.749999999999976330e-04
9.194444444444419169e-04
8.888888888888864378e-04
9.277777777777749830e-04
9.138888888888863950e-04
9.249999999999976557e-04
8.777777777777753939e-04
8.777777777777755024e-04
8.972222222222197207e-04
9.555555555555531348e-04
9.333333333333308302e-04
9.527777777777751570e-04
8.916666666666643072e-04
8.666666666666643501e-04
9.527777777777751570e-04
8.944444444444419598e-04
9.638888888888860924e-04
9.833333333333304192e-04
9.111111111111085256e-04
1.011111111111108463e-03
8.611111111111088281e-04
8.555555555555531978e-04
9.222222222222196779e-04
8.166666666666645442e-04
8.972222222222198292e-04
8.444444444444421539e-04
8.944444444444421766e-04
9.666666666666638534e-04
9.555555555555528095e-04
9.305555555555529608e-04
9.027777777777753511e-04
9.611111111111084399e-04
8.749999999999976330e-04
9.944444444444418968e-04
9.611111111111084399e-04
9.472222222222195266e-04
9.638888888888862009e-04
8.944444444444422850e-04
9.361111111111085912e-04
9.138888888888862866e-04
8.611111111111087197e-04
8.777777777777752855e-04
9.333333333333307218e-04
9.555555555555529179e-04
8.749999999999975245e-04
9.638888888888862009e-04
8.527777777777755452e-04
9.388888888888862437e-04
9.333333333333307218e-04
9.111111111111085256e-04
9.361111111111084827e-04
8.694444444444421110e-04
1.061111111111108160e-03
9.555555555555528095e-04
9.583333333333306789e-04
9.194444444444419169e-04
8.416666666666645013e-04
9.722222222222193753e-04
8.694444444444420026e-04
8.888888888888865462e-04
8.944444444444419598e-04
9.444444444444417656e-04
1.019444444444441962e-03
9.194444444444418085e-04
9.305555555555531776e-04
8.944444444444420682e-04
9.194444444444418085e-04
8.833333333333308075e-04
9.638888888888862009e-04
9.416666666666642215e-04
8.999999999999974817e-04
9.638888888888860924e-04
8.638888888888863722e-04
9.138888888888862866e-04
8.555555555555534146e-04
8.888888888888865462e-04
8.888888888888864378e-04
9.611111111111086567e-04
8.472222222222198064e-04
9.888888888888859412e-04
9.388888888888864605e-04
9.194444444444418085e-04
9.277777777777751998e-04
8.666666666666642416e-04
9.749999999999972447e-04
9.638888888888862009e-04
9.249999999999973304e-04
9.499999999999972876e-04
9.583333333333306789e-04
9.249999999999974389e-04
9.249999999999974389e-04
9.694444444444416144e-04
8.833333333333308075e-04
8.861111111111087853e-04
8.472222222222200233e-04
9.388888888888862437e-04
9.138888888888862866e-04
9.138888888888863950e-04
9.999999999999974187e-04
9.472222222222196350e-04
8.611111111111088281e-04
8.999999999999975901e-04
8.749999999999975245e-04
8.861111111111087853e-04
8.888888888888864378e-04
9.527777777777751570e-04
9.111111111111085256e-04
9.138888888888863950e-04
8.944444444444420682e-04
8.749999999999976330e-04
8.916666666666644156e-04
9.583333333333306789e-04
9.805555555555528751e-04
9.444444444444418741e-04
8.972222222222197207e-04
9.249999999999976557e-04
9.138888888888863950e-04
9.638888888888860924e-04
9.805555555555528751e-04
8.777777777777752855e-04
9.416666666666641131e-04
9.666666666666639618e-04
9.861111111111083970e-04
8.611111111111087197e-04
8.361111111111087625e-04
9.499999999999973960e-04
9.666666666666638534e-04
1.194444444444440903e-03
8.583333333333309587e-04
8.833333333333310243e-04
9.249999999999974389e-04
9.444444444444416572e-04
9.111111111111085256e-04
9.027777777777753511e-04
9.361111111111084827e-04
9.916666666666641358e-04
9.333333333333307218e-04
9.944444444444416800e-04
1.058333333333330399e-03
9.749999999999973532e-04
8.694444444444420026e-04
9.722222222222194838e-04
9.499999999999975044e-04
8.972222222222198292e-04
9.027777777777752427e-04
9.083333333333308730e-04
1.030555555555552789e-03
9.166666666666642644e-04
9.472222222222195266e-04
8.833333333333310243e-04
8.472222222222200233e-04
9.111111111111086340e-04
9.694444444444419396e-04
8.249999999999977187e-04
8.916666666666644156e-04
1.022222222222219506e-03
9.416666666666641131e-04
8.666666666666642416e-04
9.277777777777751998e-04
8.916666666666643072e-04
9.222222222222196779e-04
9.194444444444419169e-04
9.972222222222196578e-04
9.055555555555530036e-04
8.861111111111086769e-04
9.249999999999973304e-04
9.472222222222195266e-04
9.916666666666637021e-04
9.333333333333307218e-04
8.888888888888865462e-04
9.555555555555529179e-04
9.638888888888862009e-04
9.083333333333307646e-04
9.527777777777752654e-04
8.666666666666646753e-04
8.833333333333306990e-04
8.861111111111086769e-04
9.472222222222197435e-04
9.638888888888860924e-04
9.249999999999974389e-04
9.861111111111083970e-04
9.083333333333309815e-04
9.722222222222193753e-04
8.666666666666643501e-04
9.138888888888862866e-04
9.611111111111084399e-04
8.972222222222198292e-04
8.944444444444420682e-04
9.694444444444418312e-04
8.749999999999976330e-04
9.777777777777751141e-04
9.222222222222197863e-04
9.666666666666638534e-04
9.555555555555530264e-04
9.416666666666640047e-04
9.055555555555530036e-04
9.638888888888863093e-04
1.016666666666663768e-03
9.277777777777751998e-04
9.111111111111085256e-04
9.472222222222197435e-04
9.194444444444420253e-04
1.008333333333330485e-03
8.916666666666641988e-04
9.333333333333309386e-04
9.111111111111086340e-04
9.749999999999972447e-04
9.111111111111086340e-04
9.416666666666640047e-04
9.083333333333307646e-04
1.041666666666663833e-03
9.194444444444418085e-04
8.833333333333310243e-04
9.749999999999974616e-04
9.277777777777749830e-04
8.638888888888865891e-04
1.036111111111108528e-03
9.027777777777753511e-04
8.861111111111087853e-04
9.249999999999973304e-04
9.444444444444417656e-04
8.499999999999977842e-04
8.499999999999978927e-04
8.416666666666645013e-04
9.583333333333306789e-04
9.749999999999973532e-04
9.194444444444419169e-04
9.666666666666639618e-04
9.138888888888865034e-04
9.305555555555529608e-04
9.666666666666641787e-04
8.861111111111087853e-04
8.888888888888864378e-04
8.999999999999975901e-04
1.016666666666663985e-03
8.805555555555530465e-04
9.527777777777750486e-04
9.694444444444416144e-04
9.611111111111083315e-04
9.722222222222195922e-04
9.083333333333309815e-04
9.083333333333307646e-04
8.499999999999976758e-04
9.305555555555529608e-04
8.972222222222197207e-04
9.888888888888861580e-04
8.805555555555531549e-04
8.638888888888864807e-04
9.527777777777750486e-04
9.277777777777751998e-04
9.611111111111084399e-04
1.019444444444441529e-03
9.555555555555528095e-04
9.083333333333309815e-04
9.638888888888863093e-04
9.611111111111084399e-04
9.249999999999976557e-04
9.416666666666640047e-04
7.999999999999978699e-04
8.166666666666644358e-04
8.805555555555530465e-04
1.008333333333330702e-03
8.749999999999976330e-04
9.333333333333309386e-04
1.038888888888886072e-03
9.027777777777753511e-04
9.666666666666638534e-04
8.944444444444420682e-04
9.472222222222195266e-04
9.416666666666640047e-04
8.888888888888866547e-04
9.083333333333307646e-04
1.033333333333330334e-03
8.861111111111087853e-04
9.555555555555529179e-04
1.008333333333330702e-03
9.722222222222197006e-04
9.472222222222195266e-04
9.499999999999972876e-04
9.305555555555529608e-04
9.944444444444416800e-04
8.722222222222197636e-04
9.583333333333306789e-04
9.055555555555530036e-04
9.277777777777751998e-04
8.722222222222197636e-04
9.249999999999973304e-04
9.305555555555529608e-04
8.722222222222198720e-04
9.194444444444418085e-04
8.777777777777752855e-04
1.013888888888886007e-03
9.194444444444418085e-04
9.249999999999974389e-04
9.944444444444416800e-04
8.694444444444420026e-04
9.333333333333308302e-04
9.277777777777751998e-04
9.888888888888861580e-04
8.944444444444420682e-04
8.638888888888863722e-04
9.416666666666641131e-04
8.666666666666642416e-04
8.888888888888864378e-04
9.055555555555530036e-04
8.305555555555533490e-04
8.277777777777755881e-04
9.777777777777751141e-04
8.583333333333310671e-04
8.194444444444423051e-04
8.555555555555531978e-04
8.888888888888864378e-04
9.027777777777754595e-04
9.416666666666641131e-04
9.611111111111084399e-04
9.888888888888859412e-04
9.166666666666642644e-04
9.083333333333308730e-04
8.333333333333311100e-04
1.019444444444441529e-03
8.666666666666643501e-04
9.555555555555528095e-04
9.499999999999972876e-04
9.722222222222197006e-04
1.016666666666663985e-03
9.055555555555530036e-04
9.166666666666641559e-04
9.999999999999972019e-04
8.888888888888866547e-04
9.694444444444418312e-04
9.749999999999973532e-04
8.972222222222197207e-04
9.833333333333306361e-04
9.499999999999973960e-04
9.138888888888866118e-04
8.416666666666645013e-04
9.583333333333305705e-04
9.666666666666638534e-04
9.138888888888862866e-04
9.749999999999973532e-04
9.416666666666640047e-04
9.166666666666641559e-04
9.611111111111083315e-04
9.083333333333308730e-04
9.111111111111085256e-04
9.388888888888862437e-04
9.027777777777751343e-04
9.055555555555530036e-04
1.002777777777775180e-03
9.416666666666642215e-04
8.444444444444422623e-04
9.388888888888864605e-04
8.749999999999976330e-04
9.138888888888863950e-04
8.527777777777754368e-04
8.166666666666645442e-04
1.041666666666663833e-03
8.861111111111087853e-04
9.222222222222196779e-04
8.861111111111086769e-04
1.008333333333330702e-03
9.611111111111084399e-04
8.861111111111087853e-04
9.999999999999974187e-04
9.888888888888861580e-04
1.186111111111107837e-03
1.288888888888885210e-03
1.469444444444440107e-03
1.738888888888884005e-03
1.716666666666661701e-03
1.991666666666660687e-03
2.016666666666660970e-03
2.219444444444437954e-03
2.222222222222215715e-03
2.363888888888881958e-03
2.411111111111103895e-03
2.538888888888881333e-03
2.583333333333325509e-03
2.583333333333325509e-03
2.549999999999992377e-03
2.636111111111102967e-03
2.702777777777769664e-03
2.772222222222213688e-03
2.822222222222213819e-03
2.766666666666658166e-03
2.844444444444435473e-03
2.891666666666658277e-03
3.094444444444434828e-03
2.877777777777769039e-03
2.763888888888880405e-03
2.763888888888880839e-03
3.013888888888879326e-03
2.727777777777769513e-03
2.936111111111102019e-03
2.927777777777769170e-03
3.111111111111101394e-03
3.022222222222213477e-03
3.047222222222212892e-03
2.924999999999990975e-03
2.955555555555546346e-03
3.138888888888879004e-03
3.049999999999991086e-03
2.936111111111102019e-03
2.936111111111102019e-03
3.099999999999990784e-03
2.891666666666657844e-03
3.061111111111101696e-03
2.938888888888879780e-03
3.019444444444435282e-03
2.969444444444435151e-03
3.141666666666657198e-03
2.974999999999990673e-03
2.986111111111101283e-03
3.108333333333323633e-03
3.072222222222212740e-03
3.147222222222212720e-03
2.991666666666657239e-03
2.822222222222213386e-03
2.866666666666657995e-03
3.094444444444435262e-03
2.974999999999991106e-03
2.908333333333324409e-03
3.116666666666657350e-03
2.958333333333324107e-03
2.897222222222213366e-03
2.983333333333323956e-03
3.163888888888878852e-03
2.816666666666657864e-03
2.874999999999991278e-03
2.894444444444435605e-03
2.816666666666657864e-03
2.936111111111102019e-03
3.055555555555546175e-03
2.966666666666657390e-03
2.808333333333324581e-03
2.813888888888880103e-03
2.974999999999990673e-03
2.911111111111102170e-03
2.961111111111101868e-03
2.880555555555546800e-03
2.822222222222212952e-03
2.844444444444435907e-03
3.044444444444435131e-03
2.694444444444436381e-03
2.819444444444435625e-03
2.880555555555546800e-03
2.761111111111102644e-03
2.886111111111102322e-03
3.022222222222212609e-03
2.686111111111103098e-03
2.622222222222214162e-03
2.911111111111102170e-03
2.774999999999991449e-03
2.699999999999991903e-03
3.016666666666657521e-03
2.811111111111102342e-03
2.772222222222213688e-03
2.724999999999991752e-03
2.844444444444435473e-03
2.636111111111102967e-03
2.833333333333324430e-03
2.736111111111102796e-03
2.716666666666658903e-03
2.852777777777769190e-03
2.652777777777769533e-03
2.894444444444436038e-03
2.772222222222213688e-03
2.733333333333325035e-03
2.866666666666657995e-03
2.830555555555547102e-03
2.583333333333325509e-03
2.688888888888880859e-03
2.624999999999991923e-03
2.649999999999991772e-03
2.752777777777769795e-03
2.744444444444436079e-03
2.719444444444436230e-03
2.558333333333325660e-03
2.655555555555547294e-03
2.647222222222214445e-03
2.766666666666658166e-03
2.658333333333325055e-03
2.658333333333325488e-03
2.727777777777769513e-03
2.719444444444436230e-03
2.519444444444437006e-03
2.694444444444436381e-03
2.647222222222214011e-03
2.697222222222214142e-03
2.524999999999992528e-03
2.763888888888880839e-03
2.683333333333325337e-03
2.594444444444436552e-03
2.433333333333326416e-03
2.799999999999991298e-03
2.563888888888881182e-03
2.705555555555547425e-03
2.563888888888881615e-03
2.744444444444436079e-03
2.577777777777770420e-03
2.449999999999992548e-03
2.563888888888881182e-03
2.549999999999992811e-03
2.508333333333325095e-03
2.602777777777769835e-03
2.719444444444436230e-03
2.516666666666659245e-03
2.466666666666659114e-03
2.508333333333325962e-03
2.669444444444436532e-03
2.594444444444436552e-03
2.683333333333324904e-03
2.491666666666658963e-03
2.491666666666658963e-03
2.455555555555548070e-03
2.555555555555547899e-03
2.558333333333325660e-03
2.538888888888881333e-03
2.530555555555548050e-03
2.511111111111103723e-03
2.424999999999992266e-03
2.380555555555548524e-03
2.558333333333325660e-03
2.405555555555548373e-03
2.591666666666658791e-03
2.383333333333326285e-03
2.483333333333325680e-03
2.408333333333326134e-03
2.441666666666659699e-03
2.416666666666659417e-03
2.461111111111103592e-03
2.524999999999992528e-03
2.466666666666659114e-03
2.444444444444437026e-03
2.544444444444436855e-03
2.449999999999992548e-03
2.319444444444437349e-03
2.455555555555548070e-03
2.391666666666659568e-03
2.494444444444436724e-03
2.472222222222214636e-03
2.349999999999993153e-03
2.341666666666659870e-03
2.338888888888882110e-03
2.536111111111103572e-03
2.541666666666659094e-03
2.422222222222214939e-03
2.280555555555548695e-03
2.372222222222215241e-03
2.319444444444437349e-03
2.305555555555548544e-03
2.569444444444437137e-03
2.413888888888881656e-03
2.430555555555548222e-03
2.319444444444436915e-03
2.427777777777770461e-03
2.258333333333326608e-03
2.261111111111104369e-03
2.324999999999992437e-03
2.283333333333326456e-03
2.377777777777770763e-03
2.302777777777770783e-03
2.449999999999992982e-03
2.433333333333325983e-03
2.408333333333326134e-03
2.469444444444436875e-03
2.333333333333326588e-03
2.305555555555548544e-03
2.138888888888882452e-03
2.219444444444437954e-03
2.266666666666659891e-03
2.219444444444437954e-03
2.255555555555548847e-03
2.347222222222215392e-03
2.152777777777770823e-03
2.358333333333326436e-03
2.249999999999993325e-03
2.224999999999993476e-03
2.188888888888882583e-03
2.222222222222215715e-03
2.199999999999993627e-03
2.202777777777771388e-03
2.222222222222215715e-03
2.341666666666659870e-03
2.324999999999992871e-03
2.102777777777771126e-03
2.280555555555548695e-03
2.258333333333326174e-03
2.391666666666659134e-03
2.238888888888882281e-03
2.205555555555549149e-03
2.255555555555548413e-03
2.255555555555548413e-03
2.180555555555549301e-03
2.036111111111105296e-03
2.163888888888883168e-03
2.266666666666659891e-03
2.291666666666659739e-03
2.224999999999993476e-03
2.202777777777771388e-03
2.088888888888882755e-03
2.238888888888881847e-03
2.141666666666660213e-03
2.274999999999993174e-03
2.127777777777771408e-03
2.052777777777771862e-03
2.111111111111104843e-03
2.197222222222215866e-03
2.122222222222215886e-03
2.099999999999993799e-03
2.274999999999993174e-03
2.069444444444438428e-03
2.113888888888882604e-03
2.108333333333326648e-03
2.058333333333326950e-03
2.074999999999993950e-03
2.222222222222215715e-03
2.224999999999993476e-03
2.247222222222215564e-03
2.077777777777771711e-03
2.088888888888882755e-03
2.166666666666660496e-03
2.097222222222216038e-03
2.077777777777771711e-03
2.136111111111104258e-03
1.999999999999993970e-03
2.016666666666660970e-03
2.161111111111104974e-03
2.177777777777771540e-03
2.202777777777771388e-03
2.011111111111105448e-03
1.999999999999993970e-03
2.027777777777771580e-03
2.044444444444438579e-03
2.097222222222216038e-03
2.155555555555549018e-03
1.947222222222216512e-03
1.969444444444438599e-03
2.113888888888882604e-03
2.083333333333327233e-03
2.166666666666660062e-03
1.991666666666660687e-03
2.105555555555548887e-03
1.899999999999994358e-03
2.005555555555549492e-03
1.913888888888883163e-03
2.019444444444438731e-03
2.158333333333327213e-03
1.944444444444438317e-03
2.027777777777772013e-03
2.086111111111104994e-03
2.108333333333327082e-03
2.005555555555549492e-03
2.066666666666660667e-03
1.894444444444438836e-03
1.999999999999993970e-03
1.972222222222216360e-03
2.108333333333327082e-03
1.966666666666660838e-03
1.972222222222216360e-03
1.858333333333328161e-03
1.999999999999993970e-03
1.897222222222216814e-03
2.063888888888882906e-03
2.030555555555549341e-03
2.005555555555549926e-03
1.958333333333327556e-03
1.888888888888883098e-03
1.763888888888883420e-03
2.041666666666660818e-03
1.938888888888883012e-03
1.872222222222216965e-03
2.141666666666660213e-03
1.988888888888882926e-03
1.902777777777771902e-03
1.974999999999994121e-03
2.088888888888882755e-03
1.888888888888883098e-03
1.983333333333327404e-03
1.986111111111104732e-03
1.941666666666660773e-03
1.958333333333327556e-03
1.930555555555549729e-03
1.880555555555550032e-03
1.919444444444438468e-03
1.933333333333327273e-03
1.938888888888883012e-03
1.949999999999994489e-03
1.949999999999994273e-03
1.958333333333327556e-03
1.897222222222216814e-03
1.861111111111105705e-03
1.861111111111105705e-03
1.927777777777771534e-03
2.005555555555549926e-03
1.891666666666661075e-03
1.758333333333327898e-03
1.708333333333328201e-03
1.949999999999994273e-03
1.961111111111105317e-03
1.869444444444438771e-03
1.816666666666661312e-03
1.902777777777771902e-03
1.955555555555549795e-03
1.916666666666660924e-03
1.980555555555549643e-03
1.952777777777772034e-03
1.877777777777772271e-03
1.886111111111105553e-03
1.894444444444438836e-03
1.969444444444438599e-03
1.863888888888883249e-03
1.888888888888883314e-03
1.849999999999994444e-03
1.811111111111105574e-03
1.916666666666661141e-03
1.749999999999994832e-03
1.833333333333327878e-03
1.899999999999994358e-03
1.847222222222216683e-03
1.736111111111106027e-03
1.788888888888883486e-03
1.927777777777771968e-03
1.841666666666661161e-03
1.888888888888883314e-03
1.849999999999994444e-03
1.844444444444438705e-03
1.902777777777772119e-03
1.813888888888883335e-03
1.902777777777772119e-03
1.808333333333327596e-03
1.786111111111105725e-03
1.838888888888883183e-03
1.730555555555550505e-03
1.849999999999994227e-03
1.852777777777772422e-03
1.591666666666662023e-03
1.794444444444439225e-03
1.880555555555550032e-03
1.797222222222216769e-03
1.791666666666661464e-03
1.752777777777772376e-03
1.822222222222216617e-03
1.844444444444439139e-03
1.847222222222216466e-03
1.805555555555550052e-03
1.894444444444438620e-03
1.769444444444439376e-03
1.811111111111105574e-03
1.699999999999994918e-03
1.705555555555550440e-03
1.736111111111106027e-03
1.761111111111105876e-03
1.719444444444439462e-03
1.733333333333328266e-03
1.766666666666661398e-03
1.869444444444438771e-03
1.638888888888884177e-03
1.661111111111106048e-03
1.666666666666661569e-03
1.744444444444439310e-03
1.913888888888882946e-03
1.716666666666661484e-03
1.811111111111105790e-03
1.749999999999994832e-03
1.741666666666661549e-03
1.736111111111106027e-03
1.674999999999995069e-03
1.705555555555550657e-03
1.769444444444439376e-03
1.674999999999994852e-03
1.638888888888883960e-03
1.549999999999995392e-03
1.752777777777772376e-03
1.761111111111105659e-03
1.749999999999994615e-03
1.777777777777772659e-03
1.724999999999994767e-03
1.691666666666661852e-03
1.694444444444439613e-03
1.738888888888883788e-03
1.605555555555551045e-03
1.705555555555550657e-03
1.661111111111106048e-03
1.622222222222217394e-03
1.799999999999994747e-03
1.663888888888884025e-03
1.858333333333328161e-03
1.636111111111106416e-03
1.574999999999995241e-03
1.627777777777772916e-03
1.694444444444439396e-03
1.647222222222217243e-03
1.758333333333328115e-03
1.644444444444439482e-03
1.680555555555550374e-03
1.683333333333328135e-03
1.605555555555551045e-03
1.713888888888883723e-03
1.641666666666661721e-03
1.661111111111106048e-03
1.702777777777772896e-03
1.713888888888883940e-03
1.622222222222217394e-03
1.616666666666662306e-03
1.530555555555551065e-03
1.694444444444439396e-03
1.644444444444439482e-03
1.699999999999995135e-03
1.580555555555551196e-03
1.719444444444439462e-03
1.644444444444439482e-03
1.730555555555550289e-03
1.624999999999995372e-03
1.663888888888884025e-03
1.730555555555550505e-03
1.641666666666661721e-03
1.638888888888883960e-03
1.594444444444439567e-03
1.663888888888883809e-03
1.577777777777773218e-03
1.611111111111106350e-03
1.461111111111107041e-03
1.647222222222217460e-03
1.691666666666661852e-03
1.627777777777772916e-03
1.633333333333328655e-03
1.730555555555550289e-03
1.577777777777773002e-03
1.661111111111106048e-03
1.599999999999995306e-03
1.538888888888884565e-03
1.630555555555550677e-03
1.658333333333328287e-03
1.619444444444439633e-03
1.594444444444439567e-03
1.677777777777772830e-03
1.702777777777772679e-03
1.669444444444439330e-03
1.572222222222217480e-03
1.622222222222217394e-03
1.702777777777772896e-03
1.569444444444439936e-03
1.619444444444439850e-03
1.588888888888884045e-03
1.586111111111106068e-03
1.677777777777772613e-03
1.666666666666661569e-03
1.661111111111106048e-03
1.588888888888884045e-03
1.647222222222217243e-03
1.616666666666661872e-03
1.661111111111106048e-03
1.594444444444439567e-03
1.574999999999995457e-03
1.597222222222217328e-03
1.622222222222217611e-03
1.455555555555551302e-03
1.508333333333328977e-03
1.505555555555551000e-03
1.527777777777773304e-03
1.483333333333328695e-03
1.547222222222217631e-03
1.688888888888884091e-03
