5.091911764705866084e-04
5.959558823529393116e-04
6.180147058823510066e-04
6.441176470588214943e-04
6.669117647058801735e-04
7.180147058823506184e-04
7.143382352941154805e-04
7.143382352941153720e-04
7.889705882352916972e-04
7.805147058823504571e-04
8.143382352941150922e-04
8.165441176470561533e-04
8.367647058823503336e-04
8.588235294117619201e-04
8.680147058823501445e-04
9.279411764705852673e-04
9.393382352941146611e-04
9.231617647058793820e-04
9.702205882352910342e-04
9.275735294117617210e-04
9.753676470588203574e-04
9.988970588235262377e-04
9.852941176470555659e-04
1.044852941176469636e-03
1.006249999999996947e-03
1.054411764705881624e-03
1.035661764705881303e-03
1.077941176470588805e-03
1.096691176470589776e-03
1.070220588235294224e-03
1.085661764705883386e-03
1.109926470588236793e-03
1.125735294117650694e-03
1.173161764705886543e-03
1.165073529411768958e-03
1.119117647058825776e-03
1.150367647058827972e-03
1.134558823529414288e-03
1.161764705882357149e-03
1.162500000000003808e-03
1.136397058823532561e-03
1.134558823529414071e-03
1.198161764705886825e-03
1.211764705882357931e-03
1.229411764705887287e-03
1.212867647058829329e-03
1.179779411764711244e-03
1.206985294117653672e-03
1.234191176470595666e-03
1.247426470588243333e-03
1.222794117647066489e-03
1.227573529411771181e-03
1.209191176470594733e-03
1.225367647058829904e-03
1.201838235294122939e-03
1.216544117647064792e-03
1.228308823529419141e-03
1.218750000000005202e-03
1.228308823529418491e-03
1.244117647058831091e-03
1.209926470588241392e-03
1.245588235294124192e-03
1.287500000000007822e-03
1.235294117647065546e-03
1.227573529411771181e-03
1.240808823529417548e-03
1.233088235294125569e-03
1.212132352941182887e-03
1.270220588235301037e-03
1.265441176470595043e-03
1.244852941176476449e-03
1.217647058823535322e-03
1.243014705882359476e-03
1.257720588235301980e-03
1.276838235294125304e-03
1.281617647058832382e-03
1.241911764705890464e-03
1.282352941176478824e-03
1.256985294117654453e-03
1.240808823529418849e-03
1.217279411764711017e-03
1.272794117647066186e-03
1.281985294117655386e-03
1.212132352941183971e-03
1.311764705882361663e-03
1.286397058823538159e-03
1.291911764705888643e-03
1.249264705882359222e-03
1.268382352941182980e-03
1.260294117647064744e-03
1.246691176470594506e-03
1.273529411764711978e-03
1.238970588235301443e-03
1.241911764705888295e-03
1.244852941176477316e-03
1.281985294117655170e-03
1.284926470588242890e-03
1.263602941176478287e-03
1.233823529411771361e-03
1.241911764705889163e-03
1.275367647058833938e-03
1.236029411764711988e-03
1.254411764705889304e-03
1.238602941176478872e-03
1.262500000000006672e-03
1.248161764705891076e-03
1.259558823529419820e-03
1.267647058823535670e-03
1.279411764705889153e-03
1.281250000000007860e-03
1.231985294117652003e-03
1.274264705882362323e-03
1.289705882352950184e-03
1.259926470588241523e-03
1.262867647058831628e-03
1.299632352941183441e-03
1.247794117647064386e-03
1.287867647058831043e-03
1.279044117647066365e-03
1.257352941176478759e-03
1.258455882352949072e-03
1.296691176470598107e-03
1.255882352941184573e-03
1.256250000000007144e-03
1.283088235294125266e-03
1.286764705882360296e-03
1.237132352941182302e-03
1.267279411764713534e-03
1.256617647058830365e-03
1.258823529411772293e-03
1.245220588235301405e-03
1.277573529411772614e-03
1.242647058823535388e-03
1.245955882352948931e-03
1.249632352941185045e-03
1.239338235294123363e-03
1.256250000000006277e-03
1.259558823529417868e-03
1.290808823529422450e-03
1.278676470588243578e-03
1.229044117647064933e-03
1.275367647058831986e-03
1.272794117647065753e-03
1.247794117647065253e-03
1.270955882352950081e-03
1.244117647058831091e-03
1.273161764705889190e-03
1.271323529411772435e-03
1.284926470588243974e-03
1.252941176470595119e-03
1.277573529411773264e-03
1.267647058823535020e-03
1.272058823529419744e-03
1.271691176470595439e-03
1.230147058823534813e-03
1.300367647058831401e-03
1.234191176470594582e-03
1.254779411764714260e-03
1.222058823529417445e-03
1.267279411764715051e-03
1.260661764705889049e-03
1.229411764705889672e-03
1.276838235294125738e-03
1.288235294117655132e-03
1.273529411764711761e-03
1.257352941176477891e-03
1.314705882352950033e-03
1.281617647058831948e-03
1.282352941176478174e-03
1.283088235294125917e-03
1.298897058823537433e-03
1.230514705882358902e-03
1.245588235294124626e-03
1.249264705882358788e-03
1.221323529411771002e-03
1.258823529411772077e-03
1.263970588235300858e-03
1.298897058823538734e-03
1.263602941176476119e-03
1.285294117647067628e-03
1.275367647058831553e-03
1.261764705882360230e-03
1.270955882352949214e-03
1.273529411764713496e-03
1.234191176470595449e-03
1.275000000000007030e-03
1.231617647058829866e-03
1.229044117647065150e-03
1.256250000000007794e-03
1.269852941176476515e-03
1.286397058823538159e-03
1.266544117647064272e-03
1.220955882352946697e-03
1.261029411764715523e-03
1.227205882352946876e-03
1.198897058823534785e-03
1.311397058823538441e-03
1.248161764705889125e-03
1.280147058823536028e-03
1.225367647058829036e-03
1.268014705882360193e-03
1.277941176470596702e-03
1.261029411764712053e-03
1.278676470588242711e-03
1.261764705882360664e-03
1.294485294117655311e-03
1.244117647058830874e-03
1.288235294117654915e-03
1.228676470588241712e-03
1.236397058823535859e-03
1.244485294117653445e-03
1.235294117647064895e-03
1.237867647058830478e-03
1.234926470588241891e-03
1.276838235294125521e-03
1.301838235294127321e-03
1.274632352941185110e-03
1.249632352941184828e-03
1.273897058823537367e-03
1.258455882352948422e-03
1.257352941176478759e-03
1.248529411764712780e-03
1.326838235294126520e-03
1.279411764705889153e-03
1.233455882352948356e-03
1.255147058823537264e-03
1.286029411764714287e-03
1.261397058823537009e-03
1.257720588235301329e-03
1.225000000000006249e-03
1.258088235294124117e-03
1.278308823529418839e-03
1.259191176470595298e-03
1.272058823529419310e-03
1.236764705882359514e-03
1.257352941176478325e-03
1.270220588235301687e-03
1.273897058823539753e-03
1.268014705882360193e-03
1.293750000000006267e-03
1.275000000000007464e-03
1.268750000000006635e-03
1.243382352941182264e-03
1.257352941176478542e-03
1.221323529411772304e-03
1.281250000000008511e-03
1.235661764705887032e-03
1.300735294117655273e-03
1.262500000000007540e-03
1.278308823529420574e-03
1.258455882352948639e-03
1.270588235294125776e-03
1.288235294117654264e-03
1.301838235294126454e-03
1.268750000000007936e-03
1.227205882352947527e-03
1.262867647058830978e-03
1.274264705882359938e-03
1.262132352941184536e-03
1.280882352941184639e-03
1.249632352941183744e-03
1.260294117647065395e-03
1.227573529411770748e-03
1.251470588235300717e-03
1.259926470588241957e-03
1.259926470588244125e-03
1.252941176470595335e-03
1.249264705882359222e-03
1.275735294117653473e-03
1.270220588235301904e-03
1.254044117647064565e-03
1.286764705882360513e-03
1.269852941176477599e-03
1.263970588235302376e-03
1.245955882352948281e-03
1.230882352941182556e-03
1.250367647058828668e-03
1.304411764705891170e-03
1.236397058823535643e-03
1.276838235294125304e-03
1.255514705882360051e-03
1.222426470588241533e-03
1.248161764705889992e-03
1.253676470588241778e-03
1.277205882352947875e-03
1.294485294117656612e-03
1.275367647058832203e-03
1.276838235294125521e-03
1.281250000000006125e-03
1.233455882352947706e-03
1.255147058823537698e-03
1.298161764705891208e-03
1.253676470588241778e-03
1.238602941176478005e-03
1.245588235294124409e-03
1.261764705882359580e-03
1.230147058823536331e-03
1.271691176470596306e-03
1.290073529411771888e-03
1.235294117647065763e-03
1.271323529411772651e-03
1.243382352941182914e-03
1.266544117647067308e-03
1.267647058823535237e-03
1.272426470588242315e-03
1.251470588235300933e-03
1.273161764705888540e-03
1.269485294117653944e-03
1.290441176470595325e-03
1.246691176470593639e-03
1.245955882352947413e-03
1.277205882352949393e-03
1.254411764705890388e-03
1.237867647058831129e-03
1.295588235294126275e-03
1.242647058823534304e-03
1.257352941176476157e-03
1.252205882352948460e-03
1.279411764705890887e-03
1.260294117647066045e-03
1.265073529411773123e-03
1.272058823529418660e-03
1.280514705882360117e-03
1.234558823529418887e-03
1.261397058823537009e-03
1.236764705882359731e-03
1.275000000000008332e-03
1.249632352941183093e-03
1.267279411764714401e-03
1.247058823529417293e-03
1.266544117647066224e-03
1.241176470588241636e-03
1.261029411764712921e-03
1.247058823529418161e-03
1.255514705882359834e-03
1.280882352941185940e-03
1.236029411764711988e-03
1.251838235294125889e-03
1.268014705882361927e-03
1.250735294117653624e-03
1.271691176470595439e-03
1.280882352941185506e-03
1.280514705882361635e-03
1.287500000000009123e-03
1.273897058823536934e-03
1.236029411764712638e-03
1.290441176470594458e-03
1.274264705882361022e-03
1.263235294117654199e-03
1.264338235294124729e-03
1.266544117647066658e-03
1.234191176470596099e-03
1.276838235294124654e-03
1.273897058823534765e-03
1.234558823529419537e-03
1.291176470588244370e-03
1.291544117647066940e-03
1.291911764705889944e-03
1.231617647058830733e-03
1.256985294117654020e-03
1.247058823529419245e-03
1.248897058823536651e-03
1.253308823529419858e-03
1.239338235294124230e-03
1.258088235294125418e-03
1.267279411764714618e-03
1.254779411764712742e-03
1.276102941176479079e-03
1.279411764705890887e-03
1.233823529411771577e-03
1.217279411764711668e-03
1.272058823529420178e-03
1.276470588235301216e-03
1.272058823529418877e-03
1.278676470588242711e-03
1.291911764705889728e-03
1.245955882352946980e-03
1.231250000000006211e-03
1.253676470588243295e-03
1.315808823529420564e-03
1.245955882352946546e-03
1.254044117647065866e-03
1.251102941176477062e-03
1.274632352941184460e-03
1.250000000000007615e-03
1.250735294117654058e-03
1.266544117647067525e-03
1.305882352941186006e-03
1.208088235294122034e-03
1.256250000000006927e-03
1.222794117647065621e-03
1.291544117647066073e-03
1.266544117647065574e-03
1.256250000000008228e-03
1.277573529411773481e-03
1.247794117647065904e-03
1.236029411764712638e-03
1.269117647058832024e-03
1.242647058823536255e-03
1.275367647058829601e-03
1.286029411764714721e-03
1.272058823529420395e-03
1.272794117647065969e-03
1.249264705882359439e-03
1.283088235294123532e-03
1.254411764705890822e-03
1.320955882352951513e-03
1.280147058823537980e-03
1.270588235294126860e-03
1.251470588235302234e-03
1.255514705882358967e-03
1.284191176470595797e-03
1.273529411764713496e-03
1.243014705882359260e-03
1.263970588235302159e-03
1.274632352941185110e-03
1.238970588235301226e-03
1.250367647058830186e-03
1.244852941176476232e-03
1.283823529411771708e-03
1.252573529411771464e-03
1.239705882352946801e-03
1.259926470588243258e-03
1.277941176470595835e-03
1.270220588235302988e-03
1.288602941176478570e-03
1.277573529411773264e-03
1.267279411764714184e-03
1.236764705882358213e-03
1.295955882352948412e-03
1.241544117647066158e-03
1.262867647058830978e-03
1.276102941176479513e-03
1.244117647058829790e-03
1.282352941176477523e-03
1.278308823529417972e-03
1.255147058823537914e-03
1.252205882352947159e-03
1.256985294117654887e-03
1.233823529411770927e-03
1.230147058823536548e-03
1.277205882352950043e-03
1.251470588235302234e-03
1.242279411764714986e-03
1.240441176470593893e-03
1.315441176470598427e-03
1.276102941176478428e-03
1.266911764705892047e-03
1.231985294117652436e-03
1.278308823529420791e-03
1.269117647058831157e-03
1.277941176470597786e-03
1.293382352941183045e-03
1.271323529411772001e-03
1.275367647058830685e-03
1.265441176470595694e-03
1.245955882352948497e-03
1.251470588235300717e-03
1.286764705882360296e-03
1.257720588235301763e-03
1.263970588235302809e-03
1.292279411764714900e-03
1.289705882352949100e-03
1.281250000000008511e-03
1.261029411764713138e-03
1.273897058823536500e-03
1.259191176470596382e-03
1.256250000000006927e-03
1.277573529411770662e-03
1.251102941176478363e-03
1.205882352941182057e-03
1.282352941176477740e-03
1.245588235294123975e-03
1.248161764705890643e-03
1.266911764705890312e-03
1.259191176470595298e-03
1.265073529411772689e-03
1.268750000000009454e-03
1.265073529411772906e-03
1.237500000000005523e-03
1.279044117647064414e-03
1.250735294117654058e-03
1.260294117647066696e-03
1.238602941176478655e-03
1.257720588235301980e-03
1.262500000000007540e-03
1.237500000000006824e-03
1.293382352941184997e-03
1.265441176470596561e-03
1.278308823529420574e-03
1.275367647058831986e-03
1.258823529411772944e-03
1.270220588235301037e-03
1.283455882352949572e-03
1.241176470588242721e-03
1.263970588235301075e-03
1.270955882352948563e-03
1.277573529411771963e-03
1.261397058823537009e-03
1.242647058823537556e-03
1.250000000000006314e-03
1.249264705882359872e-03
1.280147058823534944e-03
1.264338235294127982e-03
1.248897058823535350e-03
1.275735294117653256e-03
1.274264705882359938e-03
1.255514705882360919e-03
1.287867647058831911e-03
1.242647058823535388e-03
1.272794117647065102e-03
1.265808823529419565e-03
1.244117647058829790e-03
1.270220588235302771e-03
1.289705882352948883e-03
1.257720588235301546e-03
1.254411764705890171e-03
1.240073529411771973e-03
1.251470588235301584e-03
1.269117647058831590e-03
1.285294117647066327e-03
1.241176470588242721e-03
1.308088235294127717e-03
1.250735294117654491e-03
1.254411764705890822e-03
1.251838235294125889e-03
1.264338235294126030e-03
1.273161764705889190e-03
1.223161764705889276e-03
1.250000000000006314e-03
1.300735294117657224e-03
1.257352941176478325e-03
1.222794117647064971e-03
1.259926470588244559e-03
1.295588235294125191e-03
1.236029411764711771e-03
1.294852941176478315e-03
1.256617647058832317e-03
1.244117647058831091e-03
1.268014705882360193e-03
1.259926470588242390e-03
1.256617647058832317e-03
1.270955882352947696e-03
1.227941176470595704e-03
1.238235294117652832e-03
1.256617647058831449e-03
1.239338235294124881e-03
1.235294117647064678e-03
1.290441176470596410e-03
1.270220588235301687e-03
1.291544117647067374e-03
1.274264705882361022e-03
1.301470588235299980e-03
1.265808823529418698e-03
1.269117647058830940e-03
1.255882352941183056e-03
1.283455882352949572e-03
1.284926470588243323e-03
1.289705882352949967e-03
1.296691176470597022e-03
1.250735294117655359e-03
1.285661764705890850e-03
1.293014705882360909e-03
1.231250000000006428e-03
1.245588235294125060e-03
1.267279411764713317e-03
1.300367647058831401e-03
1.254779411764712308e-03
1.295955882352949062e-03
1.240808823529417982e-03
1.265808823529420432e-03
1.236397058823534992e-03
1.249632352941183310e-03
1.266544117647065140e-03
1.302205882352948808e-03
1.266544117647066441e-03
1.267647058823537839e-03
1.231617647058830950e-03
1.245955882352948064e-03
1.246691176470596457e-03
1.277205882352948092e-03
1.257352941176476807e-03
1.264705882352949902e-03
1.227941176470595487e-03
1.290441176470596626e-03
1.286029411764714938e-03
1.254044117647067167e-03
1.237132352941184904e-03
1.239705882352947668e-03
1.238235294117654350e-03
1.255882352941185007e-03
1.272794117647067921e-03
1.273529411764714363e-03
1.241911764705890030e-03
1.251102941176478146e-03
1.302205882352949675e-03
1.256617647058831883e-03
1.267279411764715051e-03
1.298897058823537433e-03
1.269117647058831590e-03
1.240073529411772841e-03
1.269117647058831807e-03
1.281617647058832816e-03
1.265441176470596561e-03
1.260294117647065828e-03
1.225367647058829036e-03
1.225000000000008200e-03
1.291911764705889944e-03
1.274264705882360588e-03
1.288235294117656433e-03
1.283088235294124616e-03
1.264705882352948818e-03
1.245955882352948714e-03
1.248529411764712563e-03
1.280882352941183988e-03
1.274632352941182942e-03
1.250735294117653190e-03
1.243014705882359260e-03
1.218750000000005853e-03
1.248897058823536001e-03
1.270955882352948997e-03
1.218750000000007154e-03
1.274632352941184894e-03
1.286029411764711902e-03
1.254044117647064999e-03
1.281250000000008077e-03
1.246691176470594940e-03
1.260661764705890350e-03
1.275367647058832203e-03
1.269852941176478249e-03
1.263235294117654199e-03
1.271323529411771784e-03
1.255514705882359834e-03
1.244852941176477750e-03
1.283455882352950222e-03
1.240441176470594977e-03
1.253308823529419641e-03
1.255882352941182839e-03
1.245220588235299887e-03
1.260294117647066696e-03
1.268014705882360626e-03
1.251838235294126106e-03
1.261029411764713138e-03
1.209926470588242042e-03
1.286764705882360946e-03
1.272426470588241881e-03
1.243382352941181830e-03
1.270220588235301687e-03
1.269485294117655462e-03
1.255147058823536613e-03
1.238235294117653916e-03
1.268382352941181896e-03
1.270955882352949430e-03
1.259926470588239788e-03
1.277573529411772831e-03
1.247058823529419245e-03
1.221323529411771219e-03
1.294852941176477881e-03
1.280882352941185073e-03
1.249632352941183744e-03
1.250000000000005881e-03
1.273529411764712845e-03
1.223529411764711413e-03
1.259926470588242390e-03
1.267279411764713967e-03
1.277573529411772831e-03
1.242279411764713468e-03
1.250735294117653190e-03
1.265073529411770955e-03
1.302205882352949025e-03
1.248897058823536001e-03
1.280147058823536245e-03
1.237500000000006824e-03
1.255514705882360485e-03
1.309926470588244256e-03
1.257352941176478108e-03
1.257720588235302197e-03
1.253308823529419641e-03
1.233455882352947055e-03
1.272058823529420395e-03
1.266176470588243003e-03
1.262867647058831195e-03
1.275367647058832420e-03
1.272426470588244917e-03
1.258088235294125418e-03
1.238602941176476053e-03
1.211764705882357931e-03
1.251838235294123938e-03
1.269485294117653944e-03
1.269485294117653510e-03
1.262500000000006889e-03
1.263970588235303026e-03
1.263602941176478504e-03
1.257352941176477891e-03
1.258088235294124767e-03
1.235294117647064895e-03
1.283088235294125700e-03
1.287867647058832561e-03
1.264338235294124729e-03
1.245588235294124409e-03
1.317647058823537753e-03
1.218382352941182415e-03
1.240441176470594977e-03
1.257352941176477458e-03
1.246691176470595373e-03
1.236764705882359297e-03
1.269852941176479334e-03
1.266176470588243437e-03
1.261029411764713138e-03
1.245220588235300754e-03
1.274632352941184026e-03
1.252205882352948460e-03
1.300735294117655273e-03
1.278308823529418622e-03
1.245955882352948931e-03
1.260294117647066045e-03
1.268750000000007285e-03
1.273529411764714363e-03
1.251102941176477279e-03
1.264338235294123211e-03
1.276470588235302300e-03
1.263235294117654416e-03
1.258455882352947988e-03
1.266176470588244304e-03
1.261397058823535925e-03
1.275735294117653689e-03
1.280514705882361635e-03
1.284558823529421186e-03
1.295588235294125841e-03
1.249632352941182660e-03
1.230514705882359769e-03
1.325000000000010631e-03
1.249264705882360089e-03
1.308455882352952022e-03
1.259191176470595514e-03
1.251470588235300500e-03
1.237132352941183819e-03
1.245955882352947847e-03
1.297794117647066902e-03
1.263970588235301291e-03
1.275000000000007030e-03
1.266911764705889662e-03
1.255882352941182405e-03
1.285661764705890633e-03
1.242647058823534737e-03
1.238602941176479089e-03
1.245588235294124409e-03
1.231985294117654388e-03
1.275735294117655424e-03
1.249264705882358571e-03
1.245220588235299887e-03
1.246323529411769767e-03
1.228308823529419141e-03
1.295588235294126275e-03
1.276838235294125304e-03
1.280147058823538631e-03
1.261764705882361748e-03
1.242647058823535605e-03
1.247794117647066771e-03
1.263602941176478721e-03
1.288235294117654698e-03
1.255147058823536397e-03
1.236397058823536510e-03
1.268750000000007068e-03
1.285294117647065894e-03
1.238235294117654567e-03
1.280514705882360551e-03
1.262132352941183235e-03
1.290073529411773622e-03
1.233455882352946838e-03
1.258823529411772293e-03
1.272058823529421696e-03
1.295220588235301536e-03
1.305147058823537395e-03
1.283455882352950439e-03
1.261397058823536792e-03
1.236029411764712422e-03
1.260294117647065178e-03
1.301102941176480012e-03
1.251838235294123938e-03
1.264338235294124296e-03
1.275367647058832637e-03
1.262867647058830544e-03
1.220588235294122826e-03
1.291176470588244153e-03
1.248897058823537302e-03
1.262500000000005805e-03
1.275000000000007464e-03
1.276838235294125304e-03
1.269852941176479334e-03
1.275367647058829167e-03
1.268750000000006635e-03
1.245220588235300754e-03
1.288235294117654264e-03
1.283823529411771708e-03
1.287132352941185035e-03
1.252205882352947592e-03
1.269485294117654811e-03
1.247794117647065687e-03
1.278676470588243361e-03
1.270588235294126426e-03
1.253676470588242428e-03
1.269485294117655896e-03
1.245220588235301622e-03
1.265073529411771171e-03
1.274264705882360372e-03
1.243750000000006786e-03
1.281617647058829130e-03
1.269852941176477165e-03
1.268014705882361277e-03
1.257352941176479409e-03
1.290808823529420498e-03
1.306250000000009227e-03
1.227205882352947744e-03
1.243014705882358609e-03
1.273161764705889841e-03
1.249264705882359872e-03
1.277941176470595401e-03
1.278676470588243361e-03
1.275000000000007898e-03
1.305882352941185789e-03
1.228676470588242796e-03
1.231985294117653087e-03
1.239705882352948318e-03
1.243750000000007870e-03
1.297058823529418942e-03
1.254779411764712959e-03
1.278676470588243795e-03
1.269852941176479550e-03
1.286764705882361380e-03
1.227941176470594186e-03
1.268750000000007068e-03
1.256617647058830148e-03
1.279411764705890237e-03
1.293014705882361125e-03
1.258455882352948422e-03
1.265441176470593959e-03
1.284191176470596447e-03
1.289705882352950184e-03
1.270220588235301470e-03
1.264338235294125380e-03
1.264338235294127115e-03
1.272426470588242748e-03
1.281617647058830647e-03
1.255882352941182839e-03
1.324264705882361804e-03
1.251470588235300933e-03
1.269485294117655679e-03
1.240441176470595411e-03
1.266544117647066875e-03
1.269117647058830506e-03
1.275000000000010066e-03
1.267279411764713750e-03
1.236029411764713289e-03
1.283088235294125700e-03
1.293382352941185431e-03
1.255882352941183706e-03
1.325000000000010197e-03
1.288235294117655132e-03
1.255147058823535746e-03
1.265073529411772039e-03
1.262132352941184319e-03
1.263235294117653548e-03
1.241544117647064857e-03
1.273529411764713713e-03
1.284191176470595363e-03
1.275367647058830902e-03
1.246323529411772369e-03
1.277205882352949393e-03
1.276470588235301866e-03
1.234926470588241891e-03
1.257720588235301763e-03
1.252573529411771681e-03
1.255147058823536613e-03
1.263235294117654632e-03
1.280514705882359466e-03
1.290441176470596410e-03
1.280147058823538197e-03
1.233455882352947055e-03
1.254779411764713392e-03
1.251102941176476411e-03
1.254779411764712742e-03
1.272794117647068355e-03
1.239338235294124664e-03
1.228308823529418708e-03
1.295220588235303271e-03
1.279044117647066799e-03
1.236764705882359948e-03
1.272058823529420178e-03
1.258455882352949072e-03
1.247426470588241815e-03
1.301470588235302582e-03
1.264705882352947734e-03
1.265808823529419131e-03
1.255882352941183923e-03
1.260294117647066479e-03
1.222794117647065621e-03
1.250000000000007399e-03
1.269117647058831590e-03
1.243382352941183782e-03
1.218750000000004986e-03
1.225735294117652908e-03
1.243750000000007003e-03
1.252573529411771898e-03
1.238970588235301443e-03
1.248897058823535350e-03
1.273529411764713062e-03
1.279779411764715843e-03
1.300000000000007096e-03
1.229779411764713110e-03
1.284558823529420319e-03
1.234558823529418019e-03
1.268014705882360626e-03
1.244485294117653228e-03
1.242647058823536039e-03
1.283455882352949572e-03
1.264705882352948167e-03
1.247058823529418811e-03
1.238970588235300792e-03
1.290808823529419631e-03
1.261029411764713788e-03
1.301470588235300197e-03
1.267647058823537188e-03
1.254044117647065649e-03
1.230147058823536765e-03
1.238235294117654133e-03
1.265808823529418264e-03
1.251102941176478796e-03
1.240441176470594761e-03
1.247058823529418378e-03
1.263970588235301291e-03
1.269485294117654595e-03
1.265073529411773990e-03
1.276470588235302950e-03
1.259558823529418952e-03
1.286397058823535557e-03
1.276102941176478212e-03
1.278308823529420140e-03
1.259191176470594430e-03
1.260294117647067563e-03
1.253676470588242645e-03
1.229411764705887504e-03
1.269117647058832024e-03
1.312500000000009839e-03
1.256250000000006060e-03
1.264338235294124946e-03
1.235661764705888550e-03
1.262500000000006456e-03
1.223897058823536152e-03
1.231250000000008163e-03
1.285661764705889765e-03
1.237500000000005740e-03
1.226102941176478297e-03
1.277941176470594317e-03
1.286029411764714721e-03
1.264705882352948601e-03
1.266911764705889662e-03
1.201470588235299718e-03
1.273529411764714363e-03
1.268014705882361494e-03
1.255514705882359184e-03
1.257352941176476807e-03
1.283455882352948921e-03
1.255514705882358967e-03
1.219117647058829941e-03
1.252941176470596420e-03
1.247794117647066121e-03
1.304044117647067081e-03
1.309926470588244690e-03
1.272794117647065319e-03
1.270588235294125125e-03
1.256985294117653803e-03
1.235661764705887466e-03
1.259926470588242607e-03
1.256617647058831232e-03
1.232352941176477609e-03
1.236397058823536076e-03
1.251838235294124154e-03
1.250735294117653407e-03
1.268382352941184715e-03
1.240441176470595194e-03
1.258823529411772727e-03
1.243382352941183131e-03
1.234926470588241024e-03
1.291544117647066073e-03
1.247058823529417293e-03
1.272058823529417576e-03
1.256617647058831666e-03
1.294485294117654443e-03
1.256617647058829064e-03
1.273529411764713713e-03
1.245955882352948497e-03
1.259558823529420253e-03
1.250367647058832571e-03
1.311764705882361446e-03
1.263602941176478504e-03
1.234191176470594798e-03
1.265808823529419348e-03
1.243382352941183565e-03
1.325000000000008896e-03
1.306617647058832231e-03
1.270220588235301904e-03
1.259926470588241740e-03
1.266176470588243870e-03
1.247058823529418378e-03
1.259558823529420687e-03
1.233455882352946838e-03
1.261029411764712270e-03
1.216911764705888013e-03
1.237132352941182952e-03
1.163970588235299078e-03
1.209926470588240524e-03
1.135661764705885469e-03
1.130514705882355387e-03
1.148529411764709265e-03
1.162132352941181021e-03
1.166544117647063143e-03
1.129411764705885073e-03
1.095588235294119245e-03
1.103676470588236831e-03
1.093750000000000971e-03
1.091544117647060561e-03
1.079779411764707079e-03
1.054779411764704845e-03
1.048161764705881661e-03
1.019485294117644832e-03
1.030882352941174876e-03
1.057352941176469777e-03
9.772058823529379806e-04
9.937499999999968060e-04
9.959558823529378671e-04
9.988970588235262377e-04
1.013970588235291312e-03
9.966911764705849597e-04
1.004779411764702762e-03
9.915441176470555281e-04
9.944852941176438987e-04
9.871323529411731891e-04
9.419117647058793770e-04
9.602941176470557172e-04
9.305147058823499831e-04
9.198529411764676820e-04
9.613970588235263562e-04
9.448529411764675307e-04
9.323529411764676063e-04
9.492647058823498697e-04
9.529411764705852245e-04
9.466911764705851539e-04
9.374999999999970380e-04
8.981617647058795333e-04
9.305147058823499831e-04
9.261029411764676441e-04
9.139705882352910492e-04
9.136029411764677198e-04
9.051470588235264797e-04
9.011029411764676870e-04
9.264705882352911905e-04
8.753676470588207456e-04
9.187499999999970430e-04
8.999999999999970480e-04
9.058823529411735723e-04
9.143382352941147040e-04
8.941176470588206322e-04
8.985294117647029712e-04
8.915441176470560248e-04
8.871323529411736858e-04
9.209558823529382125e-04
8.698529411764678761e-04
9.040441176470559491e-04
8.694852941176442213e-04
8.558823529411737664e-04
8.955882352941148174e-04
9.022058823529382175e-04
8.970588235294088943e-04
8.867647058823500310e-04
8.819852941176441457e-04
8.669117647058796139e-04
8.889705882352913089e-04
8.922794117647030090e-04
8.955882352941148174e-04
8.871323529411736858e-04
8.753676470588207456e-04
8.874999999999972321e-04
8.422794117647032031e-04
8.911764705882324784e-04
8.871323529411736858e-04
9.110294117647030039e-04
8.900735294117618395e-04
8.911764705882324784e-04
8.794117647058795383e-04
9.069852941176442113e-04
8.624999999999972749e-04
8.573529411764678433e-04
9.209558823529382125e-04
8.797794117647029762e-04
8.841911764705854236e-04
9.187499999999969346e-04
9.327205882352911526e-04
8.878676470588206700e-04
8.687499999999972371e-04
8.867647058823501394e-04
9.051470588235263712e-04
8.867647058823501394e-04
8.999999999999971564e-04
8.963235294117618017e-04
8.930147058823501016e-04
8.797794117647030846e-04
9.305147058823499831e-04
8.908088235294089321e-04
9.022058823529383259e-04
8.981617647058795333e-04
8.999999999999971564e-04
9.036764705882324028e-04
9.025735294117618723e-04
9.095588235294087102e-04
9.036764705882322944e-04
9.040441176470559491e-04
9.209558823529382125e-04
9.073529411764676492e-04
8.834558823529383310e-04
9.033088235294088565e-04
9.003676470588205943e-04
9.014705882352912333e-04
9.143382352941145956e-04
9.055147058823500260e-04
9.180147058823499503e-04
9.198529411764676820e-04
9.253676470588205515e-04
9.158088235294088893e-04
9.180147058823500588e-04
9.411764705882322843e-04
9.327205882352911526e-04
9.533088235294086624e-04
9.397058823529380990e-04
8.937499999999971943e-04
8.966911764705853480e-04
9.213235294117617588e-04
9.316176470588205137e-04
9.397058823529382075e-04
9.139705882352911577e-04
9.128676470588206271e-04
9.216911764705853051e-04
8.996323529411736101e-04
9.562499999999969245e-04
9.124999999999970808e-04
9.227941176470558357e-04
9.371323529411734916e-04
9.411764705882322843e-04
9.367647058823499453e-04
9.499999999999969623e-04
9.330882352941146990e-04
9.022058823529383259e-04
9.187499999999970430e-04
9.422794117647027064e-04
9.117647058823498797e-04
9.430147058823499075e-04
9.198529411764676820e-04
9.363970588235263990e-04
9.496323529411733076e-04
9.507352941176440550e-04
9.161764705882323272e-04
9.474264705882322465e-04
9.165441176470558735e-04
9.352941176470558685e-04
9.386029411764675685e-04
9.367647058823499453e-04
9.404411764705851917e-04
9.654411764705851488e-04
9.264705882352911905e-04
9.441176470588204380e-04
9.632352941176439793e-04
9.294117647058793442e-04
9.422794117647028149e-04
9.621323529411733404e-04
9.441176470588205465e-04
9.397058823529382075e-04
9.518382352941145855e-04
9.411764705882322843e-04
9.257352941176440978e-04
9.742647058823498268e-04
9.547794117647028476e-04
9.426470588235263612e-04
9.466911764705851539e-04
9.466911764705851539e-04
9.522058823529381318e-04
9.441176470588205465e-04
9.327205882352911526e-04
9.352941176470558685e-04
9.095588235294088187e-04
9.481617647058793391e-04
9.606617647058792635e-04
9.389705882352911148e-04
9.522058823529381318e-04
9.683823529411734110e-04
9.360294117647028527e-04
9.772058823529379806e-04
9.941176470588202439e-04
9.628676470588204330e-04
9.882352941176439365e-04
9.746323529411733732e-04
9.658088235294086952e-04
9.749999999999969195e-04
9.849264705882321280e-04
9.639705882352910720e-04
9.735294117647027342e-04
9.845588235294086901e-04
9.683823529411734110e-04
9.577205882352910014e-04
9.580882352941145477e-04
9.547794117647028476e-04
1.004044117647055886e-03
1.002205882352938046e-03
9.852941176470555659e-04
9.797794117647026964e-04
9.636029411764675257e-04
9.536764705882322087e-04
9.933823529411733681e-04
9.643382352941145099e-04
9.727941176470557500e-04
9.761029411764674500e-04
9.893382352941144670e-04
9.632352941176439793e-04
9.786764705882321658e-04
9.727941176470557500e-04
9.676470588235263183e-04
9.742647058823498268e-04
9.643382352941145099e-04
1.001102941176467299e-03
9.757352941176439037e-04
1.002941176470585139e-03
9.930147058823497134e-04
9.878676470588202817e-04
9.540441176470557550e-04
9.540441176470557550e-04
9.716911764705851110e-04
9.926470588235262755e-04
1.000735294117643861e-03
1.003676470588232448e-03
9.680147058823498647e-04
9.481617647058793391e-04
9.742647058823498268e-04
9.834558823529379427e-04
9.658088235294086952e-04
9.812499999999968817e-04
1.006617647058820602e-03
9.933823529411733681e-04
9.709558823529380184e-04
9.768382352941145427e-04
9.624999999999968867e-04
9.966911764705849597e-04
9.867647058823497512e-04
1.013970588235291312e-03
9.900735294117615597e-04
1.000367647058820206e-03
1.009926470588232410e-03
9.911764705882320902e-04
1.006617647058820602e-03
9.827205882352910669e-04
1.003308823529408794e-03
1.025367647058821573e-03
1.030514705882351221e-03
1.044117647058822977e-03
9.908088235294086523e-04
9.852941176470555659e-04
9.999999999999967682e-04
1.036397058823527745e-03
1.001470588235290953e-03
1.003676470588232448e-03
1.015441176470585497e-03
1.018014705882350863e-03
1.031985294117645406e-03
9.867647058823497512e-04
1.004044117647055886e-03
1.004779411764702762e-03
1.008455882352938659e-03
9.922794117647026207e-04
1.015808823529409368e-03
9.775735294117614185e-04
1.000367647058820206e-03
1.009926470588232627e-03
1.034191176470586901e-03
1.021691176470586543e-03
9.926470588235262755e-04
1.001102941176467299e-03
9.680147058823498647e-04
9.786764705882321658e-04
9.981617647058791450e-04
9.959558823529378671e-04
1.037132352941175489e-03
1.001838235294114608e-03
1.015441176470585063e-03
1.013235294117644869e-03
1.040808823529410084e-03
1.034191176470586684e-03
1.015441176470585497e-03
9.966911764705849597e-04
1.017647058823527208e-03
9.808823529411732269e-04
1.002205882352938046e-03
1.027573529411763067e-03
1.055514705882353022e-03
1.011764705882350467e-03
1.039338235294116333e-03
1.014338235294115400e-03
1.081250000000001481e-03
1.031617647058822402e-03
1.043382352941175234e-03
9.948529411764673366e-04
1.033823529411763247e-03
1.040808823529410084e-03
1.016911764705879899e-03
1.019117647058821611e-03
1.050735294117646160e-03
1.032720588235292716e-03
9.977941176470557071e-04
1.056249999999999247e-03
1.029044117647057036e-03
1.031617647058822185e-03
1.019852941176468053e-03
1.027941176470586072e-03
1.018014705882350863e-03
1.043749999999998889e-03
1.055514705882352371e-03
1.020588235294115362e-03
1.058088235294117520e-03
1.029411764705880908e-03
1.003676470588232882e-03
1.032352941176468628e-03
1.040808823529410084e-03
9.977941176470557071e-04
1.057720588235293215e-03
1.047794117647058657e-03
1.053308823529411527e-03
1.088970588235294544e-03
1.054044117647058619e-03
1.058823529411765047e-03
1.039338235294116767e-03
1.041176470588234607e-03
1.032720588235292716e-03
1.047058823529410914e-03
1.020220588235292358e-03
1.058455882352940742e-03
1.041911764705880615e-03
1.019117647058820960e-03
1.028308823529409510e-03
1.044485294117646849e-03
1.057352941176470211e-03
1.032352941176469495e-03
1.007720588235291566e-03
1.048897058823529405e-03
1.067279411764706721e-03
1.052573529411764868e-03
1.062867647058822430e-03
1.045955882352939516e-03
1.033088235294116154e-03
1.043749999999999539e-03
1.034558823529410556e-03
1.054779411764705495e-03
1.043749999999998889e-03
1.048161764705881445e-03
1.055882352941175809e-03
1.050735294117646160e-03
1.025735294117645227e-03
1.021323529411762888e-03
1.050000000000000152e-03
1.031985294117645623e-03
1.058823529411764179e-03
1.051470588235294120e-03
1.072426470588235719e-03
1.038235294117645586e-03
1.070220588235295091e-03
1.067279411764705853e-03
1.068750000000000039e-03
1.066176470588234889e-03
1.033823529411763247e-03
1.054044117647057318e-03
1.050735294117646811e-03
1.100735294117648243e-03
1.098161764705884611e-03
1.043749999999998672e-03
1.047794117647057790e-03
1.085294117647059731e-03
1.081617647058823401e-03
1.084558823529412205e-03
1.065808823529411234e-03
1.074632352941175912e-03
1.094117647058825494e-03
1.069852941176470569e-03
1.040808823529410735e-03
1.051470588235293470e-03
1.023529411764703733e-03
1.079411764705882557e-03
1.073161764705883462e-03
1.071691176470589060e-03
1.047794117647057790e-03
1.063602941176471041e-03
1.072058823529411413e-03
1.084926470588236727e-03
1.085661764705883169e-03
1.038970588235293329e-03
1.123161764705885544e-03
1.100367647058824155e-03
1.058455882352940091e-03
1.068749999999999388e-03
1.074632352941176129e-03
1.047794117647057573e-03
1.087500000000001009e-03
1.079411764705882557e-03
1.067647058823528857e-03
1.085661764705882952e-03
1.054779411764705495e-03
1.091544117647060344e-03
1.084191176470589851e-03
1.090808823529412601e-03
1.062500000000000076e-03
1.043382352941175885e-03
1.051470588235293470e-03
1.069852941176471220e-03
1.099264705882354925e-03
1.088602941176471757e-03
1.036029411764704308e-03
1.080514705882353738e-03
1.096691176470589776e-03
1.082720588235294582e-03
1.087132352941176487e-03
1.067279411764706504e-03
1.072426470588235935e-03
1.064705882352942438e-03
1.066176470588235323e-03
1.072426470588233984e-03
1.079779411764706428e-03
1.118750000000001904e-03
1.060661764705882670e-03
1.079779411764706645e-03
1.069117647058824127e-03
1.126470588235296702e-03
1.043382352941175234e-03
1.086397058823530045e-03
1.072058823529412714e-03
1.120220588235297174e-03
1.087132352941176921e-03
1.089705882352942938e-03
1.081617647058823834e-03
1.102573529411765649e-03
1.113235294117649469e-03
1.090073529411766809e-03
1.077205882352942363e-03
1.060294117647057931e-03
1.095955882352941382e-03
1.060661764705882019e-03
1.120588235294120612e-03
1.125735294117649176e-03
1.108823529411766913e-03
1.060661764705882453e-03
1.085294117647060382e-03
1.116911764705884281e-03
1.102573529411766300e-03
1.123161764705884460e-03
1.064705882352940921e-03
1.105514705882354454e-03
1.114338235294119782e-03
1.107720588235295948e-03
1.083455882352942325e-03
1.099264705882353190e-03
1.143014705882356395e-03
1.091911764705883782e-03
1.091176470588236039e-03
1.059558823529411055e-03
1.119117647058826210e-03
1.088970588235294544e-03
1.090808823529413035e-03
1.100735294117649761e-03
1.086764705882353700e-03
1.101470588235295336e-03
1.098161764705883961e-03
1.089705882352942070e-03
1.081985294117648140e-03
1.099264705882353841e-03
1.063970588235294045e-03
1.102573529411765649e-03
1.105147058823532317e-03
1.121323529411767054e-03
1.102941176470589521e-03
1.090441176470589380e-03
1.087500000000002310e-03
1.084558823529412205e-03
1.085661764705883169e-03
1.095955882352942683e-03
1.106250000000001980e-03
1.098529411764707833e-03
1.106617647058827369e-03
1.106250000000001763e-03
1.086397058823529828e-03
1.140073529411768675e-03
1.100000000000001801e-03
1.086764705882353049e-03
1.111029411764708407e-03
1.116544117647061060e-03
1.084558823529412422e-03
1.116544117647061711e-03
