5.421568627450963022e-04
6.083333333333313872e-04
6.578431372548997980e-04
6.637254901960763223e-04
6.715686274509783185e-04
6.906862745098017514e-04
7.259803921568604634e-04
7.656862745098014060e-04
7.950980392156838106e-04
7.872549019607818143e-04
8.421568627450953543e-04
8.264705882352914703e-04
8.441176470588207179e-04
8.681372549019579932e-04
8.970588235294088943e-04
9.137254901960755685e-04
9.446078431372518331e-04
9.495098039215655672e-04
9.529411764705852245e-04
1.007352941176467478e-03
9.774509803921536781e-04
1.008333333333330268e-03
1.001470588235290953e-03
1.065196078431369280e-03
1.074999999999996531e-03
1.076960784313722112e-03
1.098529411764702412e-03
1.142647058823525802e-03
1.100980392156859170e-03
1.149509803921564899e-03
1.133333333333329728e-03
1.139705882352937648e-03
1.151960784313721875e-03
1.148529411764702326e-03
1.212254901960780435e-03
1.183333333333329643e-03
1.189705882352937345e-03
1.209803921568623677e-03
1.234803921568623526e-03
1.222549019607839299e-03
1.210294117647055072e-03
1.224019607843133267e-03
1.257352941176466616e-03
1.232352941176466550e-03
1.247549019607839147e-03
1.239705882352937260e-03
1.258823529411760584e-03
1.261764705882348955e-03
1.292647058823525328e-03
1.332843137254897774e-03
1.266666666666662689e-03
1.222058823529407904e-03
1.287745098039211594e-03
1.274019607843133181e-03
1.297058823529407667e-03
1.242156862745094018e-03
1.313725490196074232e-03
1.324999999999995669e-03
1.270098039215682238e-03
1.314705882352937023e-03
1.284313725490192045e-03
1.336274509803917323e-03
1.286274509803917408e-03
1.317647058823525176e-03
1.367156862745093696e-03
1.300490196078427215e-03
1.329411764705878008e-03
1.325980392156858459e-03
1.278431372549015520e-03
1.291666666666662537e-03
1.344117647058819210e-03
1.283823529411760650e-03
1.264705882352937108e-03
1.328431372549015435e-03
1.370098039215681849e-03
1.309803921568623289e-03
1.315686274509799596e-03
1.275980392156858762e-03
1.329901960784309403e-03
1.291666666666662537e-03
1.339705882352936871e-03
1.330392156862740798e-03
1.340196078431368266e-03
1.315686274509799596e-03
1.307843137254897708e-03
1.291176470588231142e-03
1.337254901960780113e-03
1.318627450980387967e-03
1.325490196078427064e-03
1.348529411764701549e-03
1.299509803921564425e-03
1.332352941176466379e-03
1.305392156862740950e-03
1.329901960784309403e-03
1.307352941176466313e-03
1.369607843137250454e-03
1.337745098039211291e-03
1.333823529411760347e-03
1.335784313725485927e-03
1.313725490196074232e-03
1.312254901960780047e-03
1.391666666666662149e-03
1.305882352941172345e-03
1.342647058823525025e-03
1.365686274509799510e-03
1.304901960784309554e-03
1.340686274509799662e-03
1.288235294117642989e-03
1.361764705882348566e-03
1.349509803921564340e-03
1.325490196078427064e-03
1.319117647058819362e-03
1.347549019607838759e-03
1.325490196078427064e-03
1.324019607843133096e-03
1.321568627450976120e-03
1.319607843137250757e-03
1.349999999999995735e-03
1.310784313725486079e-03
1.298039215686270240e-03
1.320098039215681935e-03
1.264215686274505713e-03
1.343137254901956420e-03
1.341666666666662452e-03
1.346078431372544574e-03
1.303431372549015369e-03
1.307352941176466313e-03
1.309313725490191893e-03
1.321568627450976120e-03
1.371568627450976035e-03
1.338235294117642686e-03
1.337254901960780113e-03
1.314705882352937023e-03
1.322058823529407515e-03
1.332843137254897774e-03
1.326960784313721249e-03
1.360294117647054381e-03
1.337254901960780113e-03
1.307843137254897708e-03
1.309313725490191893e-03
1.324509803921564274e-03
1.339215686274505476e-03
1.333333333333328952e-03
1.352941176470583888e-03
1.319117647058819362e-03
1.262745098039211745e-03
1.307352941176466313e-03
1.333333333333328952e-03
1.333823529411760347e-03
1.302941176470583974e-03
1.277941176470584125e-03
1.344117647058819210e-03
1.299999999999995820e-03
1.350980392156858308e-03
1.315686274509799596e-03
1.346568627450975969e-03
1.350490196078426913e-03
1.332843137254897774e-03
1.296078431372544876e-03
1.371078431372544639e-03
1.312745098039211442e-03
1.305882352941172345e-03
1.322549019607838910e-03
1.332843137254897774e-03
1.286274509803917408e-03
1.330392156862740798e-03
1.347549019607838759e-03
1.357843137254897622e-03
1.331862745098034984e-03
1.304901960784309554e-03
1.338235294117642686e-03
1.283823529411760650e-03
1.319607843137250757e-03
1.387745098039211205e-03
1.335784313725485927e-03
1.307843137254897708e-03
1.313235294117642837e-03
1.339215686274505476e-03
1.326470588235289854e-03
1.347058823529407364e-03
1.363235294117642752e-03
1.363235294117642752e-03
1.317156862745093781e-03
1.307843137254897708e-03
1.330392156862740798e-03
1.316176470588230991e-03
1.330392156862740798e-03
1.321568627450976120e-03
1.318627450980387967e-03
1.350490196078426913e-03
1.338725490196074081e-03
1.343137254901956420e-03
1.317647058823525176e-03
1.346568627450975969e-03
1.353431372549015283e-03
1.343627450980387815e-03
1.328431372549015435e-03
1.289705882352936957e-03
1.340686274509799662e-03
1.331372549019603588e-03
1.333823529411760347e-03
1.301960784313721401e-03
1.351470588235289703e-03
1.358823529411760413e-03
1.297549019607839062e-03
1.303431372549015369e-03
1.292156862745093933e-03
1.333823529411760347e-03
1.304901960784309554e-03
1.320098039215681935e-03
1.370098039215681849e-03
1.350490196078426913e-03
1.299509803921564425e-03
1.348529411764701549e-03
1.331372549019603588e-03
1.335784313725485927e-03
1.329901960784309403e-03
1.377941176470583737e-03
1.386274509803917020e-03
1.322058823529407515e-03
1.322549019607838910e-03
1.314705882352937023e-03
1.316666666666662386e-03
1.363725490196073930e-03
1.325980392156858459e-03
1.299019607843133030e-03
1.329901960784309403e-03
1.340686274509799662e-03
1.325980392156858459e-03
1.304411764705878159e-03
1.349999999999995735e-03
1.290686274509799747e-03
1.285784313725486013e-03
1.301470588235290006e-03
1.375980392156858374e-03
1.345588235294113396e-03
1.302450980392152579e-03
1.312745098039211442e-03
1.327941176470584040e-03
1.372549019607838608e-03
1.311764705882348652e-03
1.341666666666662452e-03
1.366176470588230905e-03
1.285784313725486013e-03
1.295098039215682086e-03
1.341176470588231057e-03
1.313235294117642837e-03
1.294117647058819296e-03
1.305882352941172345e-03
1.337745098039211291e-03
1.339215686274505476e-03
1.337254901960780113e-03
1.337745098039211291e-03
1.307843137254897708e-03
1.313725490196074232e-03
1.345588235294113396e-03
1.330882352941172193e-03
1.322058823529407515e-03
1.316176470588230991e-03
1.330882352941172193e-03
1.360294117647054381e-03
1.314215686274505628e-03
1.344117647058819210e-03
1.317647058823525176e-03
1.316176470588230991e-03
1.286274509803917408e-03
1.382352941176466076e-03
1.353431372549015283e-03
1.327450980392152645e-03
1.328921568627446613e-03
1.350490196078426913e-03
1.355882352941172042e-03
1.315686274509799596e-03
1.350490196078426913e-03
1.326470588235289854e-03
1.345098039215682001e-03
1.307352941176466313e-03
1.320588235294113330e-03
1.317156862745093781e-03
1.397058823529407278e-03
1.308823529411760498e-03
1.364705882352936720e-03
1.349019607843132944e-03
1.314215686274505628e-03
1.333823529411760347e-03
1.321568627450976120e-03
1.343137254901956420e-03
1.302450980392152579e-03
1.307352941176466313e-03
1.353921568627446679e-03
1.324019607843133096e-03
1.287254901960780198e-03
1.338725490196074081e-03
1.332352941176466379e-03
1.333823529411760347e-03
1.355882352941172042e-03
1.356862745098034832e-03
1.346568627450975969e-03
1.308333333333329103e-03
1.321568627450976120e-03
1.312745098039211442e-03
1.288725490196074384e-03
1.308823529411760498e-03
1.331372549019603588e-03
1.364705882352936720e-03
1.347058823529407364e-03
1.343627450980387815e-03
1.359313725490191591e-03
1.333823529411760347e-03
1.355392156862740647e-03
1.345588235294113396e-03
1.334803921568623137e-03
1.336274509803917323e-03
1.271078431372545028e-03
1.298529411764701635e-03
1.308333333333329103e-03
1.340686274509799662e-03
1.324019607843133096e-03
1.316666666666662386e-03
1.316666666666662386e-03
1.329411764705878008e-03
1.304411764705878159e-03
1.321568627450976120e-03
1.297549019607839062e-03
1.336764705882348718e-03
1.285294117647054618e-03
1.313725490196074232e-03
1.332352941176466379e-03
1.347058823529407581e-03
1.323529411764701701e-03
1.328921568627446613e-03
1.350980392156858308e-03
1.317156862745093781e-03
1.285294117647054618e-03
1.344607843137250605e-03
1.308333333333329103e-03
1.383823529411760261e-03
1.328921568627446613e-03
1.286764705882348803e-03
1.314215686274505628e-03
1.326470588235289854e-03
1.292156862745093933e-03
1.367156862745093696e-03
1.310784313725486079e-03
1.372058823529407430e-03
1.294607843137250691e-03
1.307843137254897708e-03
1.346078431372544574e-03
1.316666666666662386e-03
1.297058823529407667e-03
1.333333333333328952e-03
1.321078431372544725e-03
1.336274509803917323e-03
1.293627450980387901e-03
1.327941176470584040e-03
1.318137254901956571e-03
1.316176470588230991e-03
1.313725490196074232e-03
1.359803921568622986e-03
1.333333333333328952e-03
1.359803921568622986e-03
1.319607843137250757e-03
1.317156862745093781e-03
1.304411764705878159e-03
1.352450980392152493e-03
1.295588235294113481e-03
1.332352941176466379e-03
1.305392156862740950e-03
1.315686274509799596e-03
1.355392156862740647e-03
1.347058823529407364e-03
1.350490196078426913e-03
1.334803921568623137e-03
1.346568627450975969e-03
1.305882352941172345e-03
1.348039215686270154e-03
1.280392156862741101e-03
1.314705882352937023e-03
1.340196078431368266e-03
1.301470588235290006e-03
1.324019607843133096e-03
1.297058823529407667e-03
1.328431372549015435e-03
1.351960784313721098e-03
1.340196078431368266e-03
1.316666666666662386e-03
1.287254901960780198e-03
1.335294117647054532e-03
1.340686274509799662e-03
1.281372549019603674e-03
1.328921568627446613e-03
1.312745098039211442e-03
1.328921568627446613e-03
1.325980392156858459e-03
1.334313725490191742e-03
1.360294117647054381e-03
1.316666666666662386e-03
1.362254901960779961e-03
1.364705882352936720e-03
1.367156862745093696e-03
1.381862745098034681e-03
1.316176470588230991e-03
1.329901960784309403e-03
1.359803921568622986e-03
1.326960784313721249e-03
1.314215686274505628e-03
1.371078431372544639e-03
1.293627450980387901e-03
1.329411764705878008e-03
1.340686274509799662e-03
1.313725490196074232e-03
1.334803921568623137e-03
1.340686274509799662e-03
1.310294117647054684e-03
1.303431372549015369e-03
1.323039215686270306e-03
1.351960784313721098e-03
1.355392156862740647e-03
1.334313725490191742e-03
1.330882352941172193e-03
1.288725490196074384e-03
1.292156862745093933e-03
1.327450980392152645e-03
1.363235294117642752e-03
1.276470588235289940e-03
1.334803921568623137e-03
1.341666666666662452e-03
1.344607843137250605e-03
1.297549019607839062e-03
1.339215686274505476e-03
1.313725490196074232e-03
1.342156862745093630e-03
1.309803921568623289e-03
1.316176470588230991e-03
1.315686274509799596e-03
1.289705882352936957e-03
1.303431372549015369e-03
1.297549019607839062e-03
1.312254901960780047e-03
1.278431372549015520e-03
1.338725490196074081e-03
1.379411764705877922e-03
1.377941176470583737e-03
1.281862745098035069e-03
1.340686274509799662e-03
1.293137254901956723e-03
1.314215686274505628e-03
1.347549019607838759e-03
1.290196078431368352e-03
1.338235294117642686e-03
1.352450980392152493e-03
1.362254901960779961e-03
1.325490196078427064e-03
1.337254901960780113e-03
1.372058823529407430e-03
1.306372549019603740e-03
1.364705882352936720e-03
1.319117647058819362e-03
1.307843137254897708e-03
1.366666666666662300e-03
1.320588235294113330e-03
1.322549019607838910e-03
1.320588235294113330e-03
1.348529411764701549e-03
1.331862745098034984e-03
1.319607843137250757e-03
1.357843137254897622e-03
1.309313725490191893e-03
1.328431372549015435e-03
1.301960784313721401e-03
1.372058823529407430e-03
1.374999999999995583e-03
1.288235294117642989e-03
1.351960784313721098e-03
1.315686274509799596e-03
1.241176470588231228e-03
1.327941176470584040e-03
1.375980392156858374e-03
1.314215686274505628e-03
1.333823529411760347e-03
1.344607843137250605e-03
1.340686274509799662e-03
1.315686274509799596e-03
1.318137254901956571e-03
1.320098039215681935e-03
1.324509803921564274e-03
1.313235294117642837e-03
1.364705882352936720e-03
1.360294117647054381e-03
1.334313725490191742e-03
1.327941176470584040e-03
1.363235294117642752e-03
1.343137254901956420e-03
1.341666666666662452e-03
1.311764705882348652e-03
1.335294117647054532e-03
1.313235294117642621e-03
1.335294117647054532e-03
1.267647058823525262e-03
1.339215686274505476e-03
1.329901960784309403e-03
1.370588235294113244e-03
1.299999999999995820e-03
1.348529411764701549e-03
1.362254901960779961e-03
1.370098039215681849e-03
1.308823529411760498e-03
1.335784313725485927e-03
1.305392156862740950e-03
1.321568627450976120e-03
1.328431372549015435e-03
1.321078431372544725e-03
1.328921568627446613e-03
1.324999999999995669e-03
1.303431372549015369e-03
1.331862745098034984e-03
1.276470588235289940e-03
1.346078431372544574e-03
1.277450980392152730e-03
1.302450980392152579e-03
1.314215686274505628e-03
1.309313725490191893e-03
1.330882352941172193e-03
1.331372549019603588e-03
1.311764705882348652e-03
1.319117647058819362e-03
1.357352941176466227e-03
1.299019607843133030e-03
1.344117647058819210e-03
1.354411764705878074e-03
1.335784313725485927e-03
1.365686274509799510e-03
1.335784313725485927e-03
1.346568627450975969e-03
1.336274509803917323e-03
1.338235294117642686e-03
1.361274509803917171e-03
1.337254901960780113e-03
1.332352941176466379e-03
1.338235294117642686e-03
1.362254901960779961e-03
1.325980392156858459e-03
1.333333333333328952e-03
1.361274509803917171e-03
1.319117647058819362e-03
1.315686274509799596e-03
1.319117647058819362e-03
1.289215686274505562e-03
1.371568627450976035e-03
1.365196078431368115e-03
1.340686274509799662e-03
1.317647058823525176e-03
1.342156862745093630e-03
1.326470588235289854e-03
1.307843137254897708e-03
1.296568627450976272e-03
1.341176470588231057e-03
1.320588235294113330e-03
1.303431372549015369e-03
1.330392156862740798e-03
1.325490196078427064e-03
1.363235294117642752e-03
1.316666666666662386e-03
1.326960784313721249e-03
1.376960784313720947e-03
1.327941176470584040e-03
1.304411764705878159e-03
1.336274509803917323e-03
1.346568627450975969e-03
1.348529411764701549e-03
1.333823529411760347e-03
1.384803921568623052e-03
1.331372549019603588e-03
1.362254901960779961e-03
1.332352941176466379e-03
1.384313725490191656e-03
1.322549019607838910e-03
1.289705882352936957e-03
1.362254901960779961e-03
1.352450980392152493e-03
1.349509803921564340e-03
1.301960784313721401e-03
1.332843137254897774e-03
1.279901960784309706e-03
1.311274509803917257e-03
1.366666666666662300e-03
1.338725490196074081e-03
1.337254901960780113e-03
1.331372549019603588e-03
1.306372549019603740e-03
1.335294117647054532e-03
1.361274509803917171e-03
1.379901960784309317e-03
1.339705882352936871e-03
1.340686274509799662e-03
1.306372549019603740e-03
1.327450980392152645e-03
1.308823529411760498e-03
1.333333333333328952e-03
1.345588235294113396e-03
1.326960784313721249e-03
1.320588235294113330e-03
1.337745098039211291e-03
1.331372549019603588e-03
1.335294117647054532e-03
1.340196078431368266e-03
1.289705882352936957e-03
1.367647058823525091e-03
1.337745098039211291e-03
1.386764705882348415e-03
1.263235294117642923e-03
1.336274509803917323e-03
1.299019607843133030e-03
1.324019607843133096e-03
1.334803921568623137e-03
1.350980392156858308e-03
1.334313725490191742e-03
1.370588235294113244e-03
1.349999999999995735e-03
1.306372549019603740e-03
1.293137254901956723e-03
1.350490196078426913e-03
1.343627450980387815e-03
1.334313725490191742e-03
1.307352941176466313e-03
1.317647058823525176e-03
1.320588235294113330e-03
1.346568627450975969e-03
1.310294117647054684e-03
1.309313725490191893e-03
1.328921568627446613e-03
1.324509803921564274e-03
1.351960784313721098e-03
1.299999999999995820e-03
1.345098039215682001e-03
1.334803921568623137e-03
1.343137254901956420e-03
1.319607843137250757e-03
1.351470588235289703e-03
1.327941176470584040e-03
1.312254901960780047e-03
1.343627450980387815e-03
1.307352941176466313e-03
1.343627450980387815e-03
1.286274509803917408e-03
1.294607843137250691e-03
1.319117647058819362e-03
1.317156862745093781e-03
1.373529411764701398e-03
1.316176470588230991e-03
1.391176470588230754e-03
1.271078431372545028e-03
1.317156862745093781e-03
1.313235294117642837e-03
1.324999999999995669e-03
1.364215686274505325e-03
1.286274509803917408e-03
1.299999999999995820e-03
1.337745098039211291e-03
1.349019607843132944e-03
1.322058823529407515e-03
1.324999999999995669e-03
1.339705882352936871e-03
1.342156862745093630e-03
1.335294117647054532e-03
1.327941176470584040e-03
1.307352941176466313e-03
1.308333333333329103e-03
1.321078431372544725e-03
1.327941176470584040e-03
1.288725490196074384e-03
1.311764705882348652e-03
1.344117647058819210e-03
1.345588235294113396e-03
1.343137254901956420e-03
1.346568627450975969e-03
1.300490196078427215e-03
1.392647058823524939e-03
1.334803921568623137e-03
1.301470588235290006e-03
1.299999999999995820e-03
1.291176470588231142e-03
1.350490196078426913e-03
1.355392156862740647e-03
1.334803921568623137e-03
1.371078431372544639e-03
1.319607843137250757e-03
1.316666666666662386e-03
1.310294117647054684e-03
1.352450980392152493e-03
1.363235294117642752e-03
1.304411764705878159e-03
1.348529411764701549e-03
1.333823529411760347e-03
1.252450980392152882e-03
1.308333333333329103e-03
1.352941176470583888e-03
1.308823529411760498e-03
1.342647058823525025e-03
1.348039215686270154e-03
1.324019607843133096e-03
1.325490196078427064e-03
1.344117647058819210e-03
1.344117647058819210e-03
1.294117647058819296e-03
1.321078431372544725e-03
1.380392156862740713e-03
1.335294117647054532e-03
1.305882352941172345e-03
1.334313725490191742e-03
1.336274509803917323e-03
1.292156862745093933e-03
1.337254901960780113e-03
1.338235294117642686e-03
1.349999999999995735e-03
1.304901960784309554e-03
1.321568627450976120e-03
1.344607843137250605e-03
1.337254901960780113e-03
1.304901960784309554e-03
1.327941176470584040e-03
1.329901960784309403e-03
1.315686274509799596e-03
1.310294117647054684e-03
1.354901960784309252e-03
1.348039215686270154e-03
1.298039215686270240e-03
1.355882352941172042e-03
1.306372549019603740e-03
1.328431372549015435e-03
1.288235294117642989e-03
1.298039215686270240e-03
1.317156862745093781e-03
1.388235294117642600e-03
1.319117647058819362e-03
1.310784313725486079e-03
1.327941176470584040e-03
1.317647058823525176e-03
1.321568627450976120e-03
1.285784313725486013e-03
1.346078431372544574e-03
1.337254901960780113e-03
1.354901960784309252e-03
1.319607843137250757e-03
1.331862745098034984e-03
1.307843137254897708e-03
1.326470588235289854e-03
1.341666666666662452e-03
1.344117647058819210e-03
1.357352941176466227e-03
1.349509803921564340e-03
1.364705882352936720e-03
1.315196078431368418e-03
1.342156862745093630e-03
1.340686274509799662e-03
1.364705882352936720e-03
1.355882352941172042e-03
1.331862745098034984e-03
1.319607843137250757e-03
1.336764705882348718e-03
1.340686274509799662e-03
1.339705882352936871e-03
1.274999999999995972e-03
1.316666666666662386e-03
1.324509803921564274e-03
1.311274509803917257e-03
1.324509803921564274e-03
1.351470588235289703e-03
1.332352941176466379e-03
1.332843137254897774e-03
1.292647058823525328e-03
1.345098039215682001e-03
1.318137254901956571e-03
1.357352941176466227e-03
1.307843137254897708e-03
1.318137254901956571e-03
1.313235294117642837e-03
1.290686274509799747e-03
1.347058823529407364e-03
1.311274509803917257e-03
1.304901960784309554e-03
1.320588235294113330e-03
1.340196078431368266e-03
1.379411764705877922e-03
1.325490196078427064e-03
1.379901960784309317e-03
1.300490196078427215e-03
1.308823529411760498e-03
1.310294117647054684e-03
1.298039215686270240e-03
1.357352941176466227e-03
1.344117647058819210e-03
1.302450980392152579e-03
1.322058823529407515e-03
1.314215686274505628e-03
1.377941176470583737e-03
1.347549019607838759e-03
1.315686274509799596e-03
1.303921568627446764e-03
1.320588235294113330e-03
1.334803921568623137e-03
1.369117647058819059e-03
1.313235294117642837e-03
1.342156862745093630e-03
1.348529411764701549e-03
1.283333333333329255e-03
1.325490196078427064e-03
1.322549019607838910e-03
1.363725490196073930e-03
1.346568627450975969e-03
1.333823529411760347e-03
1.328921568627446613e-03
1.310294117647054684e-03
1.348529411764701549e-03
1.314705882352937023e-03
1.385784313725485625e-03
1.315196078431368418e-03
1.369117647058819059e-03
1.289705882352936957e-03
1.288235294117642989e-03
1.300980392156858611e-03
1.257352941176466616e-03
1.309313725490191893e-03
1.331862745098034984e-03
1.334803921568623137e-03
1.334313725490191742e-03
1.349509803921564340e-03
1.308823529411760498e-03
1.302941176470583974e-03
1.376470588235289769e-03
1.319117647058819362e-03
1.329411764705878008e-03
1.301960784313721401e-03
1.330392156862740798e-03
1.313725490196074232e-03
1.344607843137250605e-03
1.341666666666662452e-03
1.331372549019603588e-03
1.322058823529407515e-03
1.319607843137250757e-03
1.328921568627446613e-03
1.321568627450976120e-03
1.313235294117642837e-03
1.314705882352937023e-03
1.307352941176466313e-03
1.364705882352936720e-03
1.324999999999995669e-03
1.313725490196074232e-03
1.315686274509799596e-03
1.374999999999995583e-03
1.311274509803917257e-03
1.352941176470583888e-03
1.310784313725486079e-03
1.322549019607838910e-03
1.349509803921564340e-03
1.280392156862741101e-03
1.351960784313721098e-03
1.365196078431368115e-03
1.331372549019603588e-03
1.323529411764701701e-03
1.376470588235289769e-03
1.318137254901956571e-03
1.330392156862740798e-03
1.321078431372544725e-03
1.344117647058819210e-03
1.338725490196074081e-03
1.352941176470583888e-03
1.311274509803917257e-03
1.314705882352937023e-03
1.331372549019603588e-03
1.353921568627446679e-03
1.339705882352936871e-03
1.321078431372544725e-03
1.324999999999995669e-03
1.347549019607838759e-03
1.341176470588231057e-03
1.331372549019603588e-03
1.333823529411760347e-03
1.297549019607839062e-03
1.374509803921564188e-03
1.323529411764701701e-03
1.343137254901956420e-03
1.355392156862740647e-03
1.317647058823525176e-03
1.349999999999995735e-03
1.332843137254897774e-03
1.286764705882348803e-03
1.331372549019603588e-03
1.299999999999995820e-03
1.373529411764701398e-03
1.358333333333329018e-03
1.302450980392152579e-03
1.345098039215682001e-03
1.299999999999995820e-03
1.330392156862740798e-03
1.336274509803917323e-03
1.380882352941172108e-03
1.351470588235289703e-03
1.330392156862740798e-03
1.358333333333329018e-03
1.365686274509799510e-03
1.381862745098034681e-03
1.348039215686270154e-03
1.372058823529407430e-03
1.287745098039211594e-03
1.302941176470583974e-03
1.332843137254897774e-03
1.313725490196074232e-03
1.347058823529407364e-03
1.295588235294113481e-03
1.353921568627446679e-03
1.282352941176466464e-03
1.347058823529407364e-03
1.274019607843133181e-03
1.324999999999995669e-03
1.321078431372544725e-03
1.312254901960780047e-03
1.315686274509799596e-03
1.342647058823525025e-03
1.354411764705878074e-03
1.279901960784309706e-03
1.332352941176466379e-03
1.349019607843132944e-03
1.345588235294113396e-03
1.332843137254897774e-03
1.329901960784309403e-03
1.350980392156858308e-03
1.331372549019603588e-03
1.331372549019603588e-03
1.277450980392152730e-03
1.316666666666662386e-03
1.330882352941172193e-03
1.349509803921564340e-03
1.329411764705878008e-03
1.321568627450976120e-03
1.339705882352936871e-03
1.355392156862740647e-03
1.343137254901956420e-03
1.382843137254897471e-03
1.361764705882348566e-03
1.339215686274505476e-03
1.287745098039211594e-03
1.297058823529407667e-03
1.338725490196074081e-03
1.299509803921564425e-03
1.269117647058819447e-03
1.306372549019603740e-03
1.352941176470583888e-03
1.330392156862740798e-03
1.306862745098034918e-03
1.354901960784309252e-03
1.330392156862740798e-03
1.327450980392152645e-03
1.345588235294113396e-03
1.325490196078427064e-03
1.347549019607838759e-03
1.303431372549015369e-03
1.339215686274505476e-03
1.352450980392152493e-03
1.357843137254897622e-03
1.369607843137250454e-03
1.315196078431368418e-03
1.301960784313721401e-03
1.342647058823525025e-03
1.333823529411760347e-03
1.313235294117642837e-03
1.350980392156858308e-03
1.299999999999995820e-03
1.314215686274505628e-03
1.325490196078427064e-03
1.363235294117642752e-03
1.342647058823525025e-03
1.308823529411760498e-03
1.334803921568623137e-03
1.280392156862741101e-03
1.356372549019603437e-03
1.332843137254897774e-03
1.345098039215682001e-03
1.322058823529407515e-03
1.351470588235289703e-03
1.277941176470584125e-03
1.336274509803917323e-03
1.349999999999995735e-03
1.359313725490191591e-03
1.325490196078427064e-03
1.353921568627446679e-03
1.304901960784309554e-03
1.335294117647054532e-03
1.315686274509799596e-03
1.297058823529407667e-03
1.359313725490191591e-03
1.318137254901956571e-03
1.360294117647054381e-03
1.363725490196073930e-03
1.276960784313721335e-03
1.282843137254897859e-03
1.307843137254897708e-03
1.324019607843133096e-03
1.321568627450976120e-03
1.328431372549015435e-03
1.385294117647054447e-03
1.483823529411759873e-03
1.547549019607837983e-03
1.680392156862739548e-03
1.771568627450974482e-03
1.830882352941170686e-03
1.964215686274503429e-03
2.033333333333327102e-03
2.077941176470581887e-03
2.159313725490189136e-03
2.256862745098031989e-03
2.274509803921561345e-03
2.314705882352934008e-03
2.410784313725482676e-03
2.487745098039207802e-03
2.532843137254893982e-03
2.530882352941168402e-03
2.649509803921559943e-03
2.670588235294109065e-03
2.670098039215677670e-03
2.670588235294109065e-03
2.775490196078422411e-03
2.840686274509794922e-03
2.826960784313716293e-03
2.849999999999990562e-03
2.944117647058814083e-03
2.956372549019598093e-03
2.924509803921559147e-03
3.002941176470578458e-03
2.993137254901950990e-03
2.996568627450970756e-03
2.982843137254892127e-03
3.076470588235284253e-03
3.026960784313715517e-03
3.051470588235283971e-03
3.102941176470578287e-03
3.058823529411754897e-03
3.113725490196068112e-03
3.191176470588224633e-03
3.205392156862734657e-03
3.153431372549009380e-03
3.107352941176460409e-03
3.134803921568617233e-03
3.188725490196068092e-03
3.108333333333323199e-03
3.203921568627440472e-03
3.100980392156852707e-03
3.154901960784303565e-03
3.208333333333323028e-03
3.252450980392145984e-03
3.226470588235283345e-03
3.198039215686264165e-03
3.208823529411753989e-03
3.168137254901950365e-03
3.238725490196067789e-03
3.187745098039205301e-03
3.253431372549008774e-03
3.240686274509793369e-03
3.199019607843126955e-03
3.241176470588224764e-03
3.245098039215675492e-03
3.173529411764695711e-03
3.208823529411753989e-03
3.187745098039205301e-03
3.286274509803910945e-03
3.183333333333322746e-03
3.200490196078420706e-03
3.131862745098028863e-03
3.220588235294107038e-03
3.243627450980381306e-03
3.225490196078420989e-03
3.164215686274499638e-03
3.238235294117636394e-03
3.181372549019597599e-03
3.196078431372538584e-03
3.175490196078420858e-03
3.153431372549009380e-03
3.186274509803911116e-03
3.085784313725480326e-03
3.167156862745087575e-03
3.043627450980382083e-03
3.131862745098028863e-03
3.151960784313715194e-03
3.171078431372538736e-03
3.178431372549009228e-03
3.160294117647048477e-03
3.174509803921558068e-03
3.161764705882342662e-03
3.177450980392146438e-03
3.095098039215675965e-03
3.074509803921558673e-03
3.071078431372538907e-03
3.157352941176460107e-03
3.119117647058813458e-03
3.083823529411754746e-03
3.125490196078421160e-03
3.040686274509794146e-03
3.141176470588224936e-03
3.084803921568617536e-03
2.999999999999990088e-03
3.065196078431362599e-03
3.057352941176460712e-03
3.036274509803911590e-03
3.134803921568617233e-03
3.034313725490186010e-03
3.086764705882342683e-03
3.000980392156852878e-03
3.008823529411754766e-03
3.067156862745088180e-03
3.095098039215675965e-03
2.983823529411754917e-03
2.979411764705872795e-03
3.078431372549009400e-03
3.009803921568617556e-03
3.003921568627441249e-03
2.978431372549010005e-03
3.034313725490186010e-03
3.037745098039205775e-03
2.945098039215676873e-03
3.027941176470578307e-03
2.944117647058814083e-03
2.944117647058814083e-03
2.881862745098029942e-03
3.014215686274500112e-03
3.009803921568617556e-03
2.939705882352931527e-03
2.969117647058813932e-03
2.958333333333323673e-03
2.978921568627441400e-03
2.977941176470578610e-03
2.930392156862735454e-03
2.942647058823519898e-03
2.953431372549010156e-03
2.911764705882343308e-03
3.007843137254891976e-03
2.893137254901951595e-03
2.942156862745088503e-03
2.936764705882343590e-03
2.976470588235284424e-03
2.971078431372539512e-03
2.856862745098030093e-03
2.895588235294108137e-03
2.834313725490186786e-03
2.905392156862735605e-03
2.905882352941167000e-03
2.929411764705872664e-03
2.884313725490186917e-03
2.838725490196069342e-03
2.953431372549010156e-03
2.896568627450970927e-03
2.929901960784304059e-03
2.859803921568618030e-03
2.874509803921559449e-03
2.851470588235284747e-03
2.933823529411755220e-03
2.858823529411755240e-03
2.856862745098030093e-03
2.840196078431363527e-03
2.869607843137245498e-03
2.864215686274500586e-03
2.786274509803912669e-03
2.794607843137245952e-03
2.857352941176461488e-03
2.800490196078422259e-03
2.837745098039206552e-03
2.825490196078422108e-03
2.838235294117637947e-03
2.787254901960775459e-03
2.798039215686265284e-03
2.839705882352932132e-03
2.757352941176461660e-03
2.852450980392147537e-03
2.788235294117638249e-03
2.748529411764696982e-03
2.759803921568618635e-03
2.804411764705873420e-03
2.757352941176461660e-03
2.708823529411756147e-03
2.782352941176461508e-03
2.714215686274501060e-03
2.776470588235285201e-03
2.778431372549010781e-03
2.755882352941167474e-03
2.791666666666657581e-03
2.824509803921559318e-03
2.770098039215677498e-03
2.721568627450971552e-03
2.775490196078422411e-03
2.741176470588226489e-03
2.809803921568618332e-03
2.718137254901952220e-03
2.698039215686265889e-03
2.671568627450971855e-03
2.731372549019599021e-03
2.691176470588226791e-03
2.687745098039207026e-03
2.761764705882344215e-03
2.663725490196069967e-03
2.740686274509795094e-03
2.684803921568618655e-03
2.755882352941167474e-03
2.682843137254893508e-03
2.738725490196069513e-03
2.682352941176462113e-03
2.749999999999991167e-03
2.640686274509795265e-03
2.662254901960775782e-03
2.633333333333324772e-03
2.659803921568618806e-03
2.662254901960775782e-03
2.662254901960775782e-03
2.722058823529402947e-03
2.602941176470580011e-03
2.564705882352932929e-03
2.682352941176462113e-03
2.635294117647050353e-03
2.682352941176462113e-03
2.648529411764697153e-03
2.640686274509795265e-03
2.627450980392148465e-03
2.679901960784305138e-03
2.604411764705874197e-03
2.625490196078422885e-03
2.659313725490187411e-03
2.646568627450972006e-03
2.553431372549011275e-03
2.613725490196069836e-03
2.620098039215677972e-03
2.601470588235285826e-03
2.612254901960776084e-03
2.577941176470580163e-03
2.610784313725481899e-03
2.647549019607834796e-03
2.592647058823521148e-03
2.608333333333324924e-03
2.565196078431364324e-03
2.551960784313717524e-03
2.545588235294109387e-03
2.508823529411756490e-03
2.600490196078423036e-03
2.600490196078423036e-03
2.566666666666658509e-03
2.582843137254893680e-03
2.576470588235285977e-03
2.532352941176462587e-03
2.561764705882344558e-03
2.552450980392148485e-03
2.522549019607835119e-03
2.519607843137246748e-03
2.497549019607835270e-03
2.561274509803913163e-03
2.519117647058815353e-03
2.511274509803913466e-03
2.581372549019599495e-03
2.577450980392148767e-03
2.542647058823521451e-03
2.535784313725481919e-03
2.531372549019599797e-03
2.438235294117639500e-03
2.516666666666658812e-03
2.470588235294109841e-03
2.465196078431364495e-03
2.585294117647050655e-03
2.486764705882345012e-03
2.499509803921560851e-03
2.441666666666658832e-03
2.464705882352932666e-03
2.491666666666658529e-03
2.524019607843129304e-03
2.421568627450972500e-03
2.556372549019599646e-03
2.517156862745089773e-03
2.461764705882345163e-03
2.484803921568619432e-03
2.488235294117639197e-03
2.461274509803913768e-03
2.506862745098031343e-03
2.389705882352933554e-03
2.394117647058816110e-03
2.490196078431364778e-03
2.384803921568620037e-03
2.489705882352933383e-03
2.450980392156854905e-03
2.430392156862737178e-03
2.464215686274502139e-03
2.422549019607835290e-03
2.451470588235286300e-03
2.441176470588227437e-03
2.385784313725482393e-03
2.352450980392149261e-03
2.367156862745090681e-03
2.353431372549012052e-03
2.466666666666658680e-03
2.459803921568619583e-03
2.418627450980384563e-03
2.414215686274502008e-03
2.413235294117639217e-03
2.410784313725482676e-03
2.372058823529404198e-03
2.415196078431364798e-03
2.349019607843129930e-03
2.415686274509796193e-03
2.395588235294109861e-03
2.392156862745090529e-03
2.394117647058816110e-03
2.475490196078423358e-03
2.389705882352933554e-03
2.396568627450972652e-03
2.351470588235286471e-03
2.370098039215678618e-03
2.376960784313718149e-03
2.349509803921561325e-03
2.299999999999992589e-03
2.347058823529404349e-03
2.369607843137247222e-03
2.322058823529404500e-03
2.364215686274502310e-03
2.339215686274502028e-03
2.392647058823521924e-03
2.364705882352933705e-03
2.375490196078423964e-03
2.346078431372541559e-03
2.352450980392149261e-03
2.340686274509796647e-03
2.394117647058816110e-03
2.293137254901953491e-03
2.242647058823522398e-03
2.353431372549012052e-03
2.351470588235286471e-03
2.363235294117639520e-03
2.349999999999992720e-03
2.299019607843129365e-03
2.382352941176463061e-03
2.336274509803914091e-03
2.344117647058815979e-03
2.303431372549012354e-03
2.298039215686267442e-03
2.324019607843130081e-03
2.313235294117639389e-03
2.316666666666658721e-03
2.334803921568619905e-03
2.292647058823522096e-03
2.327941176470580808e-03
2.285784313725482998e-03
2.281862745098031837e-03
2.306862745098032120e-03
2.289705882352933725e-03
2.352450980392149261e-03
2.300980392156855379e-03
2.322549019607835896e-03
2.298529411764698403e-03
2.278431372549012505e-03
2.185294117647051775e-03
2.261764705882345940e-03
2.276470588235286491e-03
2.205882352941169501e-03
2.315686274509796798e-03
2.248529411764698272e-03
2.276470588235286925e-03
2.296078431372541861e-03
2.265686274509796667e-03
2.251470588235287076e-03
2.281862745098031837e-03
2.210784313725482585e-03
2.314705882352933574e-03
2.292156862745090701e-03
2.267647058823522247e-03
2.200490196078424155e-03
2.207843137254895081e-03
2.293137254901953491e-03
2.258333333333326174e-03
2.273529411764698555e-03
2.263235294117639691e-03
2.288235294117639974e-03
2.240196078431365423e-03
2.162254901960777506e-03
2.213235294117639994e-03
2.237745098039208447e-03
2.191176470588228516e-03
2.231862745098032140e-03
2.192647058823522701e-03
2.175980392156855268e-03
2.213725490196071389e-03
2.228431372549012374e-03
2.133333333333326497e-03
2.159803921568620531e-03
2.212745098039208599e-03
2.219117647058816735e-03
2.183333333333326628e-03
2.169117647058816604e-03
2.238235294117639843e-03
2.184313725490188551e-03
2.133333333333326497e-03
2.224509803921561647e-03
2.175980392156855701e-03
2.216666666666659759e-03
2.162745098039208901e-03
2.174019607843130121e-03
2.153921568627444223e-03
2.169607843137247999e-03
2.199999999999993194e-03
2.123529411764699028e-03
2.153431372549012828e-03
2.168627450980385209e-03
2.157843137254894950e-03
2.196568627450973428e-03
2.208333333333326477e-03
2.176960784313718492e-03
2.130882352941169955e-03
2.164705882352934482e-03
2.157843137254895384e-03
2.154901960784306580e-03
2.185784313725483170e-03
2.150980392156855853e-03
2.167647058823522419e-03
2.183333333333326628e-03
2.192647058823522701e-03
2.126470588235287399e-03
2.103921568627444526e-03
2.184803921568620379e-03
2.174509803921561950e-03
2.135784313725483472e-03
2.099999999999993365e-03
2.168627450980385209e-03
2.123039215686267200e-03
2.080882352941169824e-03
2.163235294117639863e-03
2.168627450980385209e-03
2.164705882352934482e-03
2.052450980392150643e-03
2.196568627450973428e-03
2.100490196078424760e-03
2.124999999999993214e-03
2.073039215686267936e-03
2.070098039215679999e-03
2.023039215686267805e-03
2.095098039215679848e-03
2.111764705882346414e-03
2.125490196078424609e-03
2.134313725490189287e-03
2.078921568627444677e-03
2.100490196078424760e-03
2.158333333333326345e-03
2.093137254901954267e-03
2.105392156862738277e-03
2.091176470588228687e-03
2.095588235294110809e-03
2.078921568627444677e-03
2.078921568627444677e-03
2.070098039215679999e-03
2.088725490196071712e-03
2.123529411764698595e-03
2.061764705882346716e-03
2.123529411764699028e-03
2.100490196078424760e-03
2.050980392156856458e-03
2.130882352941169955e-03
2.115686274509797141e-03
2.095588235294110809e-03
2.015686274509797746e-03
2.036274509803915039e-03
2.100980392156856155e-03
2.096078431372542638e-03
2.076470588235287268e-03
2.033333333333326668e-03
2.074509803921562121e-03
2.056372549019601370e-03
2.023039215686268238e-03
2.139215686274503238e-03
2.061764705882346716e-03
2.032352941176464312e-03
2.038235294117640185e-03
2.061274509803915321e-03
2.078431372549012848e-03
2.028921568627444546e-03
2.014215686274503560e-03
2.060294117647052531e-03
2.054411764705875356e-03
2.067647058823523024e-03
2.029901960784307336e-03
2.083823529411758194e-03
2.030392156862738731e-03
1.976960784313719268e-03
2.107352941176463858e-03
1.998039215686267956e-03
1.980392156862738600e-03
2.035294117647052682e-03
2.060784313725483926e-03
2.027450980392150361e-03
2.030882352941170126e-03
2.005882352941170278e-03
2.027941176470581322e-03
2.052941176470582038e-03
2.026470588235288004e-03
2.017647058823523326e-03
1.990686274509797463e-03
2.004901960784307054e-03
2.064215686274502824e-03
1.959313725490189478e-03
1.956372549019601541e-03
