5.568627450980375045e-04
6.093137254901941774e-04
6.127450980392137262e-04
6.475490196078410431e-04
6.828431372548997551e-04
7.093137254901937892e-04
7.289215686274487255e-04
7.397058823529388755e-04
7.568627450980367280e-04
8.098039215686249044e-04
8.039215686274483802e-04
8.377450980392129069e-04
8.151960784313699252e-04
8.647058823529384444e-04
8.960784313725462125e-04
9.098039215686245162e-04
8.651960784313698395e-04
9.460784313725459100e-04
9.269607843137224771e-04
9.681372549019577134e-04
9.460784313725459100e-04
9.779411764705850732e-04
9.872549019607811463e-04
1.007352941176467478e-03
1.055882352941173207e-03
1.003921568627447929e-03
1.075490196078427926e-03
1.068627450980388829e-03
1.065196078431369280e-03
1.104901960784310331e-03
1.054901960784310417e-03
1.095098039215682863e-03
1.121568627450976897e-03
1.150980392156859084e-03
1.095588235294114258e-03
1.108333333333329880e-03
1.128431372549015994e-03
1.138725490196074858e-03
1.130882352941172970e-03
1.160784313725486553e-03
1.154411764705878633e-03
1.128431372549015994e-03
1.170588235294114021e-03
1.219117647058819750e-03
1.219607843137250928e-03
1.198529411764702023e-03
1.209803921568623677e-03
1.218627450980388355e-03
1.162745098039211916e-03
1.186764705882349192e-03
1.205392156862741338e-03
1.216176470588231379e-03
1.234313725490192130e-03
1.190686274509800135e-03
1.205392156862741338e-03
1.174019607843133570e-03
1.196078431372545265e-03
1.247058823529407752e-03
1.203431372549015757e-03
1.170098039215682626e-03
1.233823529411760735e-03
1.235784313725486316e-03
1.252941176470584277e-03
1.179901960784309877e-03
1.240686274509800050e-03
1.170098039215682626e-03
1.239705882352937260e-03
1.247549019607839147e-03
1.224509803921564662e-03
1.200980392156858999e-03
1.194607843137251079e-03
1.224509803921564662e-03
1.217156862745094170e-03
1.249019607843133333e-03
1.217156862745094170e-03
1.214705882352937411e-03
1.270098039215682238e-03
1.245588235294113567e-03
1.233823529411760735e-03
1.276960784313721335e-03
1.285784313725486013e-03
1.239705882352937260e-03
1.256372549019603825e-03
1.204901960784309943e-03
1.258823529411760584e-03
1.227941176470584211e-03
1.184803921568623611e-03
1.269117647058819447e-03
1.257843137254898011e-03
1.223529411764701872e-03
1.238235294117643074e-03
1.224019607843133267e-03
1.199019607843133418e-03
1.286764705882348803e-03
1.250980392156858696e-03
1.228921568627447001e-03
1.265686274509799899e-03
1.255392156862741035e-03
1.215196078431368589e-03
1.233823529411760735e-03
1.200980392156858999e-03
1.233823529411760735e-03
1.301960784313721401e-03
1.263725490196074318e-03
1.235294117647054921e-03
1.290196078431368352e-03
1.278431372549015520e-03
1.241666666666662623e-03
1.225980392156858848e-03
1.203921568627447152e-03
1.255882352941172430e-03
1.269117647058819447e-03
1.201470588235290394e-03
1.235294117647054921e-03
1.219607843137250928e-03
1.255392156862741035e-03
1.246078431372544962e-03
1.293627450980387901e-03
1.269607843137250842e-03
1.255882352941172430e-03
1.211274509803917645e-03
1.258823529411760584e-03
1.281372549019603674e-03
1.237745098039211679e-03
1.267647058823525262e-03
1.304411764705878159e-03
1.298039215686270240e-03
1.274509803921564577e-03
1.274509803921564577e-03
1.216666666666662774e-03
1.244117647058819599e-03
1.222058823529407904e-03
1.254411764705878245e-03
1.238725490196074469e-03
1.207352941176466701e-03
1.252450980392152882e-03
1.229411764705878396e-03
1.256862745098035221e-03
1.228921568627447001e-03
1.213235294117643226e-03
1.259313725490192196e-03
1.257843137254898011e-03
1.226960784313721638e-03
1.272549019607838996e-03
1.240196078431368655e-03
1.224999999999996057e-03
1.238235294117643074e-03
1.205392156862741338e-03
1.227941176470584211e-03
1.258823529411760584e-03
1.227941176470584211e-03
1.247549019607839147e-03
1.251960784313721486e-03
1.281372549019603674e-03
1.258333333333329406e-03
1.229901960784309791e-03
1.222549019607839299e-03
1.263235294117642923e-03
1.264705882352937108e-03
1.257352941176466616e-03
1.273529411764701786e-03
1.253921568627447067e-03
1.245588235294113567e-03
1.256372549019603825e-03
1.243627450980388204e-03
1.287745098039211594e-03
1.286764705882348803e-03
1.255392156862741035e-03
1.209313725490192282e-03
1.201470588235290394e-03
1.250490196078427301e-03
1.268137254901956657e-03
1.248529411764701938e-03
1.238235294117643074e-03
1.284313725490192045e-03
1.252450980392152882e-03
1.290196078431368352e-03
1.272058823529407601e-03
1.247058823529407752e-03
1.231372549019603977e-03
1.267156862745094084e-03
1.227941176470584211e-03
1.201960784313721572e-03
1.225980392156858848e-03
1.268137254901956657e-03
1.258823529411760584e-03
1.187745098039211982e-03
1.200980392156858999e-03
1.275980392156858762e-03
1.211274509803917645e-03
1.265686274509799899e-03
1.240196078431368655e-03
1.231862745098035372e-03
1.203921568627447152e-03
1.250980392156858696e-03
1.237254901960780284e-03
1.264215686274505713e-03
1.228921568627447001e-03
1.254901960784309640e-03
1.240196078431368655e-03
1.229411764705878396e-03
1.214705882352937411e-03
1.208333333333329491e-03
1.243137254901956808e-03
1.264215686274505713e-03
1.214705882352937411e-03
1.234803921568623526e-03
1.254901960784309640e-03
1.284803921568623223e-03
1.202941176470584362e-03
1.229901960784309791e-03
1.246568627450976357e-03
1.232843137254897945e-03
1.246568627450976357e-03
1.225490196078427452e-03
1.280882352941172279e-03
1.310784313725486079e-03
1.204411764705878548e-03
1.199019607843133418e-03
1.267156862745094084e-03
1.223039215686270694e-03
1.218627450980388355e-03
1.197549019607839233e-03
1.281372549019603674e-03
1.252941176470584277e-03
1.262745098039211745e-03
1.230882352941172582e-03
1.208823529411760887e-03
1.237254901960780284e-03
1.296078431372544876e-03
1.210294117647055072e-03
1.237254901960780284e-03
1.266666666666662689e-03
1.238725490196074469e-03
1.222549019607839299e-03
1.230392156862741187e-03
1.236274509803917711e-03
1.241666666666662623e-03
1.236764705882348889e-03
1.258333333333329406e-03
1.291176470588231142e-03
1.233823529411760735e-03
1.245588235294113567e-03
1.265196078431368503e-03
1.267647058823525262e-03
1.243627450980388204e-03
1.277450980392152730e-03
1.223529411764701872e-03
1.236764705882348889e-03
1.279411764705878311e-03
1.223529411764701872e-03
1.300980392156858611e-03
1.223039215686270694e-03
1.265686274509799899e-03
1.278921568627446916e-03
1.214215686274506016e-03
1.240196078431368655e-03
1.229411764705878396e-03
1.256862745098035221e-03
1.219117647058819750e-03
1.257843137254898011e-03
1.220098039215682323e-03
1.222058823529407904e-03
1.197549019607839233e-03
1.252450980392152882e-03
1.284313725490192045e-03
1.275980392156858762e-03
1.226960784313721638e-03
1.265196078431368503e-03
1.199509803921564813e-03
1.221078431372545113e-03
1.269117647058819447e-03
1.246078431372544962e-03
1.285294117647054618e-03
1.225490196078427452e-03
1.238725490196074469e-03
1.224509803921564662e-03
1.207843137254898096e-03
1.263725490196074318e-03
1.247058823529407752e-03
1.244117647058819599e-03
1.235784313725486316e-03
1.209803921568623677e-03
1.257843137254898011e-03
1.226960784313721638e-03
1.266176470588231294e-03
1.260294117647054769e-03
1.239705882352937260e-03
1.253431372549015672e-03
1.235784313725486316e-03
1.246568627450976357e-03
1.235294117647054921e-03
1.202450980392152967e-03
1.227450980392153033e-03
1.232843137254897945e-03
1.248529411764701938e-03
1.236274509803917711e-03
1.237745098039211679e-03
1.221568627450976509e-03
1.261764705882348955e-03
1.241666666666662623e-03
1.204901960784309943e-03
1.225490196078427452e-03
1.243137254901956808e-03
1.268137254901956657e-03
1.257352941176466616e-03
1.235294117647054921e-03
1.235784313725486316e-03
1.254411764705878245e-03
1.251960784313721486e-03
1.196078431372545265e-03
1.243137254901956808e-03
1.214215686274506016e-03
1.248039215686270543e-03
1.213725490196074621e-03
1.215196078431368589e-03
1.216176470588231379e-03
1.243627450980388204e-03
1.237254901960780284e-03
1.246078431372544962e-03
1.246568627450976357e-03
1.239705882352937260e-03
1.236274509803917711e-03
1.247549019607839147e-03
1.235294117647054921e-03
1.269117647058819447e-03
1.299999999999995820e-03
1.242156862745094018e-03
1.242647058823525413e-03
1.276960784313721335e-03
1.283823529411760650e-03
1.248039215686270543e-03
1.248529411764701938e-03
1.249999999999995906e-03
1.217647058823525565e-03
1.249019607843133333e-03
1.236764705882348889e-03
1.279901960784309706e-03
1.293137254901956723e-03
1.214215686274506016e-03
1.274999999999995972e-03
1.284803921568623223e-03
1.225980392156858848e-03
1.220098039215682323e-03
1.228431372549015606e-03
1.244117647058819599e-03
1.244117647058819599e-03
1.209313725490192282e-03
1.278431372549015520e-03
1.239215686274505865e-03
1.226960784313721638e-03
1.280392156862741101e-03
1.257352941176466616e-03
1.224019607843133267e-03
1.217647058823525565e-03
1.224509803921564662e-03
1.225980392156858848e-03
1.221078431372545113e-03
1.250980392156858696e-03
1.208823529411760887e-03
1.252941176470584277e-03
1.207843137254898096e-03
1.217647058823525565e-03
1.219117647058819750e-03
1.217156862745094170e-03
1.234313725490192130e-03
1.204901960784309943e-03
1.257843137254898011e-03
1.242156862745094018e-03
1.246078431372544962e-03
1.258333333333329406e-03
1.220098039215682323e-03
1.219607843137250928e-03
1.253431372549015672e-03
1.242647058823525413e-03
1.296568627450976272e-03
1.238235294117643074e-03
1.243137254901956808e-03
1.234313725490192130e-03
1.256862745098035221e-03
1.275490196078427367e-03
1.266666666666662689e-03
1.237254901960780284e-03
1.258823529411760584e-03
1.233823529411760735e-03
1.237254901960780284e-03
1.288235294117642989e-03
1.188725490196074555e-03
1.311764705882348652e-03
1.261274509803917560e-03
1.267156862745094084e-03
1.239215686274505865e-03
1.254411764705878245e-03
1.230882352941172582e-03
1.219607843137250928e-03
1.230392156862741187e-03
1.226960784313721638e-03
1.288725490196074384e-03
1.226470588235290243e-03
1.227450980392153033e-03
1.237254901960780284e-03
1.237745098039211679e-03
1.296568627450976272e-03
1.274509803921564577e-03
1.249509803921564728e-03
1.262254901960780350e-03
1.221568627450976509e-03
1.250490196078427301e-03
1.312745098039211442e-03
1.236274509803917711e-03
1.252450980392152882e-03
1.227941176470584211e-03
1.257843137254898011e-03
1.274019607843133181e-03
1.223039215686270694e-03
1.283333333333329255e-03
1.295588235294113481e-03
1.294607843137250691e-03
1.254901960784309640e-03
1.263235294117642923e-03
1.277450980392152730e-03
1.293137254901956723e-03
1.278921568627446916e-03
1.228431372549015606e-03
1.228921568627447001e-03
1.263725490196074318e-03
1.262254901960780350e-03
1.223039215686270694e-03
1.249019607843133333e-03
1.243137254901956808e-03
1.253431372549015672e-03
1.230392156862741187e-03
1.264705882352937108e-03
1.274019607843133181e-03
1.305392156862740950e-03
1.234313725490192130e-03
1.209313725490192282e-03
1.227450980392153033e-03
1.245588235294113567e-03
1.253431372549015672e-03
1.236274509803917711e-03
1.230882352941172582e-03
1.199999999999996209e-03
1.240196078431368655e-03
1.278921568627446916e-03
1.243137254901956808e-03
1.232843137254897945e-03
1.207352941176466701e-03
1.194117647058819684e-03
1.219607843137250928e-03
1.243627450980388204e-03
1.247549019607839147e-03
1.258333333333329406e-03
1.216176470588231379e-03
1.197549019607839233e-03
1.224999999999996057e-03
1.219117647058819750e-03
1.250490196078427301e-03
1.206372549019603911e-03
1.254901960784309640e-03
1.250980392156858696e-03
1.236274509803917711e-03
1.192647058823525716e-03
1.254411764705878245e-03
1.249019607843133333e-03
1.256862745098035221e-03
1.254411764705878245e-03
1.249019607843133333e-03
1.202941176470584362e-03
1.289215686274505562e-03
1.242647058823525413e-03
1.261764705882348955e-03
1.241176470588231228e-03
1.245098039215682389e-03
1.280882352941172279e-03
1.231862745098035372e-03
1.228431372549015606e-03
1.215686274509799984e-03
1.256862745098035221e-03
1.222549019607839299e-03
1.245588235294113567e-03
1.213235294117643226e-03
1.252450980392152882e-03
1.224509803921564662e-03
1.228921568627447001e-03
1.254411764705878245e-03
1.219117647058819750e-03
1.204901960784309943e-03
1.243137254901956808e-03
1.274999999999995972e-03
1.249509803921564728e-03
1.288725490196074384e-03
1.236274509803917711e-03
1.262254901960780350e-03
1.220588235294113718e-03
1.246568627450976357e-03
1.250980392156858696e-03
1.200490196078427604e-03
1.275490196078427367e-03
1.251470588235290091e-03
1.230882352941172582e-03
1.236764705882348889e-03
1.228921568627447001e-03
1.225490196078427452e-03
1.217647058823525565e-03
1.237745098039211679e-03
1.265196078431368503e-03
1.210784313725486250e-03
1.272058823529407601e-03
1.251960784313721486e-03
1.265686274509799899e-03
1.160294117647055158e-03
1.251470588235290091e-03
1.269117647058819447e-03
1.205882352941172733e-03
1.205882352941172733e-03
1.248529411764701938e-03
1.255882352941172430e-03
1.245588235294113567e-03
1.290686274509799747e-03
1.231862745098035372e-03
1.254411764705878245e-03
1.232352941176466550e-03
1.256862745098035221e-03
1.266176470588231294e-03
1.266176470588231294e-03
1.288725490196074384e-03
1.237745098039211679e-03
1.267156862745094084e-03
1.234803921568623526e-03
1.268137254901956657e-03
1.261274509803917560e-03
1.234313725490192130e-03
1.273039215686270391e-03
1.218627450980388355e-03
1.213725490196074621e-03
1.254901960784309640e-03
1.232843137254897945e-03
1.252941176470584277e-03
1.272058823529407601e-03
1.225490196078427452e-03
1.233823529411760735e-03
1.219607843137250928e-03
1.259803921568623374e-03
1.281862745098035069e-03
1.283333333333329255e-03
1.177450980392153118e-03
1.225980392156858848e-03
1.241176470588231228e-03
1.264705882352937108e-03
1.274019607843133181e-03
1.228921568627447001e-03
1.212745098039211831e-03
1.243137254901956808e-03
1.190686274509800135e-03
1.231862745098035372e-03
1.250490196078427301e-03
1.236274509803917711e-03
1.258823529411760584e-03
1.213725490196074621e-03
1.248529411764701938e-03
1.255392156862741035e-03
1.253431372549015672e-03
1.257843137254898011e-03
1.229411764705878396e-03
1.215196078431368589e-03
1.228431372549015606e-03
1.259803921568623374e-03
1.214705882352937411e-03
1.271568627450976423e-03
1.263235294117642923e-03
1.254901960784309640e-03
1.262745098039211745e-03
1.246078431372544962e-03
1.212254901960780435e-03
1.273039215686270391e-03
1.244117647058819599e-03
1.246568627450976357e-03
1.277450980392152730e-03
1.212745098039211831e-03
1.236764705882348889e-03
1.219117647058819750e-03
1.274509803921564577e-03
1.211274509803917645e-03
1.255882352941172430e-03
1.271078431372545028e-03
1.260784313725486164e-03
1.267156862745094084e-03
1.222058823529407904e-03
1.221568627450976509e-03
1.249019607843133333e-03
1.248039215686270543e-03
1.273039215686270391e-03
1.250980392156858696e-03
1.266666666666662689e-03
1.269117647058819447e-03
1.213235294117643226e-03
1.272549019607838996e-03
1.226960784313721638e-03
1.285784313725486013e-03
1.207843137254898096e-03
1.314215686274505628e-03
1.235784313725486316e-03
1.286764705882348803e-03
1.263235294117642923e-03
1.200980392156858999e-03
1.274509803921564577e-03
1.258333333333329406e-03
1.271568627450976423e-03
1.232352941176466550e-03
1.255392156862741035e-03
1.218627450980388355e-03
1.218137254901956960e-03
1.270098039215682238e-03
1.246568627450976357e-03
1.240686274509800050e-03
1.250980392156858696e-03
1.225490196078427452e-03
1.298039215686270240e-03
1.248529411764701938e-03
1.241666666666662623e-03
1.224509803921564662e-03
1.244607843137250994e-03
1.220098039215682323e-03
1.229901960784309791e-03
1.239215686274505865e-03
1.226960784313721638e-03
1.217156862745094170e-03
1.251470588235290091e-03
1.216176470588231379e-03
1.260784313725486164e-03
1.257352941176466616e-03
1.218627450980388355e-03
1.218627450980388355e-03
1.239215686274505865e-03
1.236764705882348889e-03
1.250490196078427301e-03
1.248529411764701938e-03
1.291176470588231142e-03
1.251470588235290091e-03
1.218137254901956960e-03
1.218627450980388355e-03
1.220588235294113718e-03
1.282843137254897859e-03
1.247549019607839147e-03
1.244607843137250994e-03
1.195588235294113870e-03
1.250490196078427301e-03
1.264705882352937108e-03
1.259313725490191979e-03
1.213725490196074621e-03
1.256372549019603825e-03
1.251470588235290091e-03
1.244607843137250994e-03
1.231372549019603977e-03
1.261274509803917560e-03
1.259803921568623374e-03
1.243137254901956808e-03
1.247549019607839147e-03
1.269117647058819447e-03
1.243137254901956808e-03
1.261274509803917560e-03
1.234803921568623526e-03
1.240686274509800050e-03
1.207352941176466701e-03
1.218137254901956960e-03
1.262745098039211745e-03
1.220098039215682323e-03
1.268627450980388052e-03
1.251960784313721486e-03
1.230882352941172582e-03
1.181372549019604062e-03
1.219607843137250928e-03
1.286764705882348803e-03
1.247549019607839147e-03
1.260784313725486164e-03
1.258333333333329406e-03
1.257352941176466616e-03
1.258333333333329406e-03
1.234803921568623526e-03
1.228921568627447001e-03
1.255392156862741035e-03
1.236274509803917711e-03
1.240686274509800050e-03
1.221568627450976509e-03
1.236274509803917711e-03
1.232352941176466550e-03
1.227450980392153033e-03
1.243627450980388204e-03
1.275490196078427367e-03
1.199019607843133418e-03
1.197549019607839233e-03
1.242647058823525413e-03
1.259803921568623374e-03
1.242156862745094018e-03
1.229901960784309791e-03
1.259803921568623374e-03
1.237254901960780284e-03
1.234803921568623526e-03
1.270098039215682238e-03
1.280882352941172279e-03
1.258333333333329406e-03
1.237254901960780284e-03
1.220588235294113718e-03
1.217156862745094170e-03
1.208823529411760887e-03
1.254411764705878245e-03
1.253921568627447067e-03
1.274019607843133181e-03
1.224019607843133267e-03
1.243627450980388204e-03
1.258333333333329406e-03
1.259313725490191979e-03
1.287745098039211594e-03
1.254411764705878245e-03
1.273039215686270391e-03
1.187745098039211982e-03
1.270588235294113633e-03
1.235294117647054921e-03
1.279411764705878311e-03
1.235294117647054921e-03
1.226470588235290243e-03
1.247549019607839147e-03
1.248529411764701938e-03
1.307352941176466313e-03
1.246568627450976357e-03
1.249019607843133333e-03
1.227941176470584211e-03
1.271078431372545028e-03
1.224019607843133267e-03
1.220588235294113718e-03
1.260294117647054769e-03
1.249019607843133333e-03
1.248039215686270543e-03
1.234313725490192130e-03
1.211274509803917645e-03
1.246078431372544962e-03
1.243137254901956808e-03
1.269117647058819447e-03
1.303431372549015369e-03
1.224999999999996057e-03
1.257352941176466616e-03
1.226960784313721638e-03
1.239215686274505865e-03
1.274019607843133181e-03
1.220588235294113718e-03
1.250490196078427301e-03
1.226470588235290243e-03
1.200980392156858999e-03
1.241666666666662623e-03
1.274019607843133181e-03
1.233823529411760735e-03
1.233333333333329340e-03
1.264705882352937108e-03
1.239705882352937260e-03
1.249019607843133333e-03
1.231372549019603977e-03
1.262745098039211745e-03
1.244607843137250994e-03
1.272549019607838996e-03
1.262254901960780350e-03
1.224019607843133267e-03
1.209803921568623677e-03
1.228431372549015606e-03
1.246568627450976357e-03
1.253431372549015672e-03
1.239215686274505865e-03
1.281372549019603674e-03
1.222058823529407904e-03
1.256862745098035221e-03
1.272549019607838996e-03
1.216666666666662774e-03
1.220588235294113718e-03
1.239215686274505865e-03
1.242647058823525413e-03
1.263725490196074318e-03
1.249509803921564728e-03
1.274019607843133181e-03
1.238725490196074469e-03
1.228431372549015606e-03
1.254901960784309640e-03
1.260294117647054769e-03
1.219117647058819750e-03
1.245098039215682389e-03
1.253921568627447067e-03
1.254411764705878245e-03
1.253921568627447067e-03
1.248039215686270543e-03
1.248039215686270543e-03
1.236764705882348889e-03
1.232843137254897945e-03
1.260294117647054769e-03
1.270098039215682238e-03
1.256372549019603825e-03
1.259313725490191979e-03
1.258333333333329406e-03
1.244607843137250994e-03
1.216176470588231379e-03
1.241176470588231228e-03
1.233823529411760735e-03
1.224019607843133267e-03
1.230392156862741187e-03
1.233333333333329340e-03
1.229411764705878396e-03
1.265686274509799899e-03
1.259803921568623374e-03
1.231862745098035372e-03
1.233823529411760735e-03
1.240686274509800050e-03
1.234313725490192130e-03
1.211274509803917645e-03
1.195588235294113870e-03
1.236764705882348889e-03
1.261274509803917560e-03
1.263725490196074318e-03
1.248529411764701938e-03
1.213235294117643226e-03
1.217156862745094170e-03
1.231862745098035372e-03
1.268627450980388052e-03
1.248529411764701938e-03
1.249509803921564728e-03
1.268627450980388052e-03
1.238725490196074469e-03
1.258333333333329406e-03
1.278921568627446916e-03
1.259313725490191979e-03
1.211274509803917645e-03
1.266666666666662689e-03
1.224999999999996057e-03
1.274509803921564577e-03
1.262745098039211745e-03
1.220588235294113718e-03
1.269117647058819447e-03
1.298039215686270240e-03
1.257352941176466616e-03
1.234313725490192130e-03
1.230392156862741187e-03
1.277450980392152730e-03
1.274509803921564577e-03
1.255392156862741035e-03
1.239215686274505865e-03
1.250980392156858696e-03
1.250980392156858696e-03
1.280392156862741101e-03
1.248039215686270543e-03
1.224019607843133267e-03
1.224019607843133267e-03
1.266666666666662689e-03
1.204411764705878548e-03
1.269607843137250842e-03
1.218627450980388355e-03
1.237745098039211679e-03
1.227941176470584211e-03
1.212745098039211831e-03
1.257352941176466616e-03
1.227941176470584211e-03
1.274999999999995972e-03
1.216176470588231379e-03
1.241666666666662623e-03
1.249509803921564728e-03
1.234313725490192130e-03
1.245098039215682389e-03
1.283823529411760650e-03
1.293137254901956723e-03
1.221078431372545113e-03
1.254411764705878245e-03
1.239705882352937260e-03
1.250490196078427301e-03
1.250490196078427301e-03
1.184313725490192216e-03
1.205882352941172733e-03
1.206372549019603911e-03
1.193627450980388289e-03
1.223039215686270694e-03
1.286764705882348803e-03
1.255882352941172430e-03
1.274999999999995972e-03
1.215686274509799984e-03
1.212745098039211831e-03
1.282352941176466464e-03
1.255392156862741035e-03
1.243137254901956808e-03
1.239705882352937260e-03
1.249999999999995906e-03
1.207352941176466701e-03
1.242647058823525413e-03
1.253921568627447067e-03
1.206372549019603911e-03
1.183823529411761038e-03
1.249019607843133333e-03
1.217647058823525565e-03
1.229901960784309791e-03
1.265686274509799899e-03
1.291176470588231142e-03
1.286274509803917408e-03
1.211274509803917645e-03
1.244607843137250994e-03
1.226960784313721638e-03
1.235784313725486316e-03
1.272058823529407601e-03
1.241176470588231228e-03
1.252450980392152882e-03
1.235784313725486316e-03
1.182843137254898248e-03
1.213235294117643226e-03
1.246078431372544962e-03
1.216176470588231379e-03
1.249509803921564728e-03
1.219117647058819750e-03
1.246078431372544962e-03
1.257352941176466616e-03
1.269607843137250842e-03
1.314215686274505628e-03
1.208333333333329491e-03
1.260784313725486164e-03
1.249999999999995906e-03
1.270588235294113633e-03
1.231372549019603977e-03
1.266176470588231294e-03
1.273039215686270391e-03
1.252941176470584277e-03
1.264215686274505713e-03
1.206372549019603911e-03
1.213235294117643226e-03
1.258333333333329406e-03
1.193627450980388289e-03
1.243627450980388204e-03
1.243137254901956808e-03
1.239215686274505865e-03
1.243627450980388204e-03
1.252941176470584277e-03
1.249509803921564728e-03
1.267156862745094084e-03
1.211274509803917645e-03
1.271078431372545028e-03
1.262745098039211745e-03
1.230392156862741187e-03
1.264705882352937108e-03
1.225490196078427452e-03
1.239705882352937260e-03
1.257843137254898011e-03
1.227941176470584211e-03
1.272549019607838996e-03
1.213235294117643226e-03
1.201470588235290394e-03
1.265686274509799899e-03
1.284313725490192045e-03
1.247058823529407752e-03
1.271078431372545028e-03
1.230882352941172582e-03
1.211764705882349040e-03
1.263235294117642923e-03
1.270098039215682238e-03
1.231372549019603977e-03
1.227941176470584211e-03
1.278431372549015520e-03
1.238235294117643074e-03
1.259313725490191979e-03
1.208823529411760887e-03
1.242647058823525413e-03
1.235294117647054921e-03
1.257352941176466616e-03
1.256862745098035221e-03
1.257843137254898011e-03
1.224999999999996057e-03
1.243627450980388204e-03
1.255392156862741035e-03
1.282352941176466464e-03
1.284313725490192045e-03
1.233333333333329340e-03
1.254411764705878245e-03
1.210784313725486250e-03
1.247058823529407752e-03
1.246078431372544962e-03
1.254901960784309640e-03
1.243137254901956808e-03
1.298039215686270240e-03
1.235294117647054921e-03
1.217647058823525565e-03
1.240196078431368655e-03
1.237254901960780284e-03
1.254411764705878245e-03
1.265196078431368503e-03
1.249509803921564728e-03
1.285784313725486013e-03
1.260294117647054769e-03
1.217647058823525565e-03
1.246078431372544962e-03
1.263725490196074318e-03
1.221568627450976509e-03
1.209313725490192282e-03
1.224019607843133267e-03
1.269117647058819447e-03
1.268137254901956657e-03
1.317156862745093781e-03
1.260294117647054769e-03
1.240196078431368655e-03
1.230882352941172582e-03
1.270588235294113633e-03
1.261274509803917560e-03
1.336274509803917323e-03
1.415196078431368246e-03
1.474509803921563800e-03
1.615196078431367253e-03
1.631862745098033819e-03
1.728431372549013882e-03
1.763235294117641416e-03
1.799999999999994096e-03
1.844117647058817486e-03
1.888235294117640876e-03
1.990196078431366068e-03
2.028921568627444546e-03
2.086274509803915170e-03
2.078921568627444243e-03
2.167647058823521985e-03
2.138235294117640014e-03
2.234803921568620077e-03
2.215686274509796969e-03
2.248529411764698706e-03
2.282352941176463233e-03
2.347549019607835744e-03
2.316666666666659154e-03
2.366666666666659286e-03
2.356862745098031817e-03
2.374999999999992568e-03
2.434313725490188339e-03
2.454901960784306066e-03
2.406372549019600120e-03
2.499509803921560851e-03
2.438725490196070461e-03
2.420098039215678315e-03
2.523039215686266514e-03
2.478921568627443124e-03
2.546078431372540783e-03
2.564215686274501534e-03
2.457843137254894002e-03
2.516176470588227417e-03
2.488235294117639197e-03
2.522549019607835119e-03
2.537254901960776104e-03
2.541666666666658660e-03
2.555882352941168251e-03
2.632352941176461982e-03
2.542647058823521451e-03
2.540196078431364475e-03
2.513725490196070441e-03
2.493137254901952714e-03
2.530882352941168402e-03
2.551470588235286129e-03
2.566176470588227114e-03
2.546078431372540783e-03
2.549509803921560548e-03
2.568627450980384089e-03
2.517156862745089773e-03
2.542156862745090055e-03
2.543137254901952846e-03
2.521078431372540934e-03
2.523039215686266514e-03
2.552941176470579880e-03
2.580392156862736704e-03
2.574509803921560397e-03
2.504901960784305329e-03
2.503431372549011578e-03
2.526960784313717241e-03
2.571568627450972026e-03
2.515196078431364626e-03
2.549999999999991943e-03
2.545098039215677992e-03
2.534803921568619129e-03
2.523039215686266514e-03
2.614215686274501231e-03
2.456862745098031212e-03
2.519117647058815353e-03
2.502450980392148788e-03
2.493627450980384110e-03
2.529901960784305612e-03
2.524509803921560699e-03
2.440196078431364646e-03
2.519117647058815353e-03
2.471568627450972631e-03
2.515686274509796021e-03
2.440686274509796042e-03
2.516666666666658812e-03
2.524999999999992095e-03
2.460784313725482373e-03
2.471568627450972631e-03
2.503921568627442973e-03
2.458823529411756793e-03
2.451470588235286300e-03
2.501960784313717392e-03
2.425490196078423661e-03
2.484803921568619432e-03
2.469117647058815656e-03
2.504411764705874368e-03
2.389705882352933554e-03
2.449509803921560720e-03
2.458333333333325398e-03
2.532843137254893982e-03
2.425490196078423661e-03
2.516666666666658812e-03
2.433333333333325549e-03
2.424509803921560437e-03
2.480882352941168704e-03
2.449999999999992115e-03
2.456862745098031212e-03
2.434803921568619734e-03
2.470588235294109841e-03
2.442156862745090227e-03
2.427941176470580636e-03
2.387745098039207974e-03
2.390196078431364949e-03
2.420588235294110144e-03
2.360294117647051149e-03
2.449509803921560720e-03
2.387745098039207974e-03
2.330882352941169178e-03
2.380882352941168876e-03
2.359803921568619754e-03
2.405392156862737330e-03
2.380882352941168876e-03
2.422058823529403895e-03
2.405392156862737330e-03
2.396568627450972652e-03
2.358823529411757398e-03
2.345588235294110164e-03
2.421568627450972500e-03
2.410784313725482676e-03
2.447058823529403744e-03
2.360294117647051149e-03
2.408333333333325700e-03
2.336274509803914091e-03
2.363725490196070915e-03
2.367647058823522076e-03
2.377941176470580505e-03
2.334803921568619905e-03
2.331862745098031969e-03
2.338235294117639671e-03
2.385784313725482393e-03
2.326470588235286623e-03
2.392647058823521924e-03
2.345098039215678769e-03
2.341176470588228042e-03
2.324999999999992437e-03
2.352450980392149261e-03
2.316176470588227759e-03
2.315686274509796798e-03
2.353431372549011618e-03
2.314705882352934008e-03
2.329901960784306388e-03
2.296568627450973257e-03
2.320098039215678920e-03
2.336274509803914091e-03
2.292647058823521662e-03
2.329901960784306388e-03
2.363725490196070915e-03
2.346078431372541559e-03
2.304411764705875144e-03
2.255882352941169199e-03
2.259313725490188964e-03
2.307843137254894476e-03
2.315686274509796798e-03
2.310784313725482847e-03
2.288725490196071369e-03
2.300980392156855379e-03
2.325980392156855227e-03
2.263725490196071086e-03
2.319607843137247525e-03
2.322549019607835896e-03
2.252941176470581262e-03
2.246568627450972692e-03
2.322549019607835896e-03
2.295588235294110466e-03
2.280882352941169047e-03
2.327450980392149413e-03
2.332843137254894759e-03
2.262745098039208296e-03
2.303921568627443749e-03
2.251470588235287076e-03
2.251960784313718471e-03
2.281372549019600442e-03
2.269117647058815999e-03
2.258333333333326174e-03
2.274019607843129950e-03
2.231372549019600745e-03
2.203431372549012526e-03
2.282843137254894628e-03
2.321078431372541710e-03
2.227941176470581413e-03
2.211764705882345809e-03
2.196078431372542033e-03
2.222549019607836067e-03
2.191176470588228516e-03
2.253431372549012657e-03
2.276470588235286925e-03
2.186274509803914565e-03
2.175490196078424740e-03
2.256862745098031989e-03
2.156862745098032160e-03
2.186764705882345960e-03
2.238235294117639843e-03
2.137254901960777657e-03
2.192647058823522267e-03
2.230392156862737955e-03
2.183333333333326628e-03
2.235784313725483301e-03
2.192156862745091306e-03
2.192156862745091306e-03
2.267156862745090852e-03
2.198529411764699008e-03
2.254411764705875447e-03
2.168627450980385209e-03
2.132843137254895102e-03
2.191666666666659911e-03
2.194117647058816453e-03
2.149509803921561667e-03
2.217647058823522550e-03
2.179411764705875467e-03
2.159803921568620531e-03
2.147058823529405126e-03
2.186274509803914565e-03
2.202450980392149735e-03
2.177941176470581282e-03
2.193627450980385057e-03
2.140686274509796989e-03
2.160294117647051926e-03
2.155882352941169804e-03
2.158823529411757740e-03
2.147549019607836521e-03
2.132843137254895102e-03
2.154901960784307013e-03
2.139215686274503238e-03
2.143627450980385360e-03
2.097549019607836390e-03
2.157843137254895384e-03
2.181862745098032443e-03
2.078431372549013282e-03
2.111274509803915019e-03
2.136764705882346262e-03
2.133823529411757892e-03
2.138725490196071843e-03
2.116666666666659931e-03
2.119117647058816906e-03
2.100490196078424760e-03
2.119607843137248301e-03
2.144117647058816755e-03
2.131372549019601350e-03
2.163725490196071691e-03
2.065196078431365614e-03
2.083823529411757761e-03
2.120588235294111092e-03
2.111764705882346414e-03
2.089705882352934502e-03
2.109803921568620833e-03
2.132352941176463706e-03
2.142647058823522570e-03
2.063235294117640468e-03
2.079411764705875638e-03
2.100490196078424760e-03
2.063235294117640468e-03
2.126960784313718794e-03
2.044117647058817360e-03
2.095588235294111243e-03
2.127941176470581151e-03
2.083333333333326799e-03
2.092156862745091477e-03
2.096078431372542204e-03
2.044117647058817360e-03
2.070098039215679565e-03
2.060294117647052097e-03
2.063235294117640468e-03
2.046078431372542507e-03
2.053431372549013000e-03
2.116176470588228536e-03
2.072058823529405146e-03
2.063725490196071863e-03
2.055882352941169975e-03
2.028431372549013151e-03
2.077450980392150058e-03
2.014215686274503560e-03
2.039705882352934804e-03
2.004901960784307054e-03
2.109313725490189438e-03
2.074999999999993516e-03
2.058823529411758346e-03
2.051960784313719248e-03
1.972058823529405317e-03
2.038235294117640619e-03
2.016666666666660102e-03
2.018137254901954288e-03
2.030882352941170126e-03
2.057843137254895555e-03
1.972549019607836712e-03
2.032843137254895707e-03
2.011274509803915190e-03
2.039215686274502976e-03
2.017156862745091931e-03
2.034803921568621287e-03
1.973529411764699502e-03
2.030882352941170126e-03
2.021078431372542658e-03
2.002941176470581907e-03
2.040196078431365766e-03
2.030882352941170126e-03
2.062745098039209073e-03
2.018137254901954288e-03
2.015686274509797746e-03
2.040196078431365766e-03
1.999999999999993536e-03
1.965686274509797181e-03
2.000490196078424498e-03
2.042156862745091780e-03
2.018137254901954288e-03
1.988725490196071883e-03
1.953431372549013171e-03
2.024999999999993385e-03
2.032352941176464312e-03
1.990196078431366068e-03
2.029901960784307336e-03
1.957352941176463898e-03
1.966176470588229010e-03
1.986274509803914907e-03
2.007843137254895858e-03
1.987745098039209093e-03
1.959803921568621307e-03
1.998039215686267956e-03
1.887745098039209481e-03
1.936274509803915210e-03
2.036274509803915039e-03
1.973039215686268107e-03
1.978921568627444415e-03
2.012745098039208941e-03
1.936764705882346822e-03
1.988235294117640488e-03
1.964215686274503429e-03
1.994607843137248624e-03
1.972549019607836712e-03
1.933823529411758451e-03
1.932352941176464266e-03
1.980392156862738600e-03
1.953921568627444566e-03
1.941176470588228944e-03
1.964215686274503429e-03
1.968627450980385985e-03
1.918627450980385854e-03
1.935784313725484032e-03
1.968137254901954590e-03
2.009313725490189176e-03
1.965686274509797615e-03
1.961274509803915059e-03
1.974999999999993254e-03
1.971078431372542527e-03
1.948529411764699437e-03
1.923529411764699805e-03
1.887254901960778086e-03
1.924509803921562378e-03
1.888235294117640876e-03
1.979901960784307205e-03
1.948529411764699437e-03
1.907843137254895596e-03
1.906372549019601844e-03
1.928921568627444717e-03
1.913725490196072337e-03
1.904411764705876047e-03
1.923529411764699588e-03
1.918627450980385854e-03
1.929411764705876112e-03
1.903921568627444652e-03
1.908823529411758386e-03
1.920588235294111434e-03
1.867156862745091971e-03
1.979901960784307205e-03
1.899019607843131134e-03
1.860294117647052874e-03
1.889215686274503449e-03
1.871078431372543132e-03
1.895588235294111369e-03
1.853921568627444954e-03
1.885784313725484117e-03
1.873039215686268279e-03
1.851960784313719591e-03
1.923529411764699588e-03
1.877450980392150618e-03
1.846568627450974245e-03
1.909313725490189998e-03
1.802450980392151072e-03
1.905882352941170449e-03
1.833823529411758623e-03
1.878921568627444803e-03
1.913725490196072337e-03
1.851960784313719591e-03
1.913235294117640725e-03
1.908333333333326991e-03
1.934313725490189846e-03
1.879411764705876198e-03
1.886764705882346908e-03
1.860294117647052657e-03
1.825490196078425340e-03
1.874509803921562681e-03
1.846568627450974245e-03
1.861274509803915664e-03
1.852941176470582381e-03
1.848529411764699825e-03
1.841666666666660511e-03
1.871568627450974093e-03
1.880882352941170383e-03
1.871568627450974093e-03
1.877941176470582013e-03
1.873529411764699674e-03
1.916666666666660490e-03
1.838725490196072357e-03
1.870098039215680342e-03
1.884803921568621110e-03
1.849509803921562398e-03
1.870588235294111520e-03
1.870588235294111737e-03
1.821568627450974396e-03
1.835784313725484203e-03
1.834313725490190018e-03
1.839215686274503752e-03
1.799999999999994313e-03
1.883823529411758754e-03
1.833333333333327445e-03
1.797549019607837337e-03
1.824999999999993945e-03
1.822058823529405791e-03
1.800980392156856886e-03
1.816666666666660662e-03
1.837254901960778172e-03
1.811274509803915750e-03
1.805882352941170620e-03
1.870098039215680342e-03
1.831862745098033476e-03
1.770588235294112125e-03
1.820098039215680211e-03
1.826470588235288130e-03
1.831372549019602081e-03
1.817647058823523669e-03
1.880882352941170167e-03
1.799019607843131306e-03
1.834313725490190018e-03
1.874019607843131286e-03
1.837745098039209784e-03
1.791666666666660813e-03
1.795098039215680579e-03
1.807843137254895984e-03
1.835784313725484420e-03
1.788235294117641264e-03
1.841666666666660511e-03
1.837745098039209567e-03
1.785784313725484289e-03
1.754411764705876521e-03
1.806372549019602015e-03
1.792156862745092208e-03
1.856372549019601930e-03
1.764215686274503989e-03
1.826470588235288347e-03
1.817156862745092274e-03
1.716176470588229655e-03
1.769117647058817723e-03
1.830392156862739074e-03
1.803921568627445257e-03
1.762745098039210020e-03
1.745098039215680448e-03
1.769117647058817723e-03
1.815196078431366477e-03
1.710294117647053348e-03
1.807352941176464589e-03
1.784803921568621716e-03
1.720098039215680599e-03
1.769117647058817940e-03
1.793627450980386394e-03
1.763725490196072594e-03
1.787254901960778474e-03
1.784803921568621499e-03
1.819117647058817637e-03
1.751960784313719979e-03
1.769117647058817723e-03
1.816666666666660879e-03
1.781372549019601950e-03
1.803921568627445040e-03
1.770098039215680513e-03
1.692156862745092380e-03
1.762254901960778409e-03
1.790686274509798240e-03
1.817156862745092274e-03
1.765686274509798174e-03
1.762254901960778625e-03
1.768137254901954933e-03
1.755392156862739528e-03
1.752941176470582552e-03
1.720098039215680599e-03
1.793137254901954782e-03
1.740686274509798109e-03
1.749509803921562787e-03
1.744117647058818091e-03
1.786764705882347079e-03
1.758823529411758860e-03
1.756372549019602101e-03
1.743137254901955084e-03
