5.416666666666655576e-04
6.395833333333318486e-04
7.041666666666648996e-04
7.708333333333314882e-04
8.312499999999978977e-04
8.854166666666643450e-04
9.520833333333308252e-04
1.056249999999998596e-03
1.043749999999998455e-03
1.162500000000002290e-03
1.106250000000000245e-03
1.160416666666668969e-03
1.287500000000004570e-03
1.266666666666670061e-03
1.372916666666671587e-03
1.268750000000004249e-03
1.241666666666670646e-03
1.316666666666671277e-03
1.285416666666671899e-03
1.364583333333340689e-03
1.368750000000006897e-03
1.354166666666674086e-03
1.364583333333339605e-03
1.527083333333344476e-03
1.458333333333340989e-03
1.466666666666676007e-03
1.360416666666674915e-03
1.400000000000008443e-03
1.479166666666676148e-03
1.489583333333343836e-03
1.554166666666676128e-03
1.562500000000010278e-03
1.479166666666674413e-03
1.579166666666676844e-03
1.481250000000009902e-03
1.510416666666676826e-03
1.516666666666676789e-03
1.447916666666675687e-03
1.491666666666676072e-03
1.450000000000008574e-03
1.520833333333343864e-03
1.460416666666674744e-03
1.527083333333344043e-03
1.518750000000009242e-03
1.614583333333346332e-03
1.633333333333344918e-03
1.512500000000010581e-03
1.441666666666675074e-03
1.500000000000010006e-03
1.575000000000009986e-03
1.602083333333345107e-03
1.418750000000007028e-03
1.566666666666678438e-03
1.604166666666678211e-03
1.595833333333345795e-03
1.497916666666676035e-03
1.600000000000010919e-03
1.587500000000010994e-03
1.504166666666675780e-03
1.620833333333345427e-03
1.497916666666676468e-03
1.575000000000010853e-03
1.527083333333342742e-03
1.537500000000009562e-03
1.527083333333344910e-03
1.616666666666679653e-03
1.416666666666675008e-03
1.560416666666676741e-03
1.664583333333346680e-03
1.493750000000008092e-03
1.535416666666675808e-03
1.447916666666674386e-03
1.491666666666675639e-03
1.483333333333342356e-03
1.577083333333343740e-03
1.652083333333346105e-03
1.677083333333345954e-03
1.597916666666679333e-03
1.604166666666677560e-03
1.560416666666678475e-03
1.502083333333342893e-03
1.616666666666678135e-03
1.466666666666676007e-03
1.537500000000011731e-03
1.600000000000011136e-03
1.447916666666675036e-03
1.597916666666678248e-03
1.579166666666677278e-03
1.618750000000012323e-03
1.687500000000011040e-03
1.441666666666675291e-03
1.566666666666676269e-03
1.572916666666676665e-03
1.550000000000010788e-03
1.470833333333342648e-03
1.579166666666678145e-03
1.641666666666679285e-03
1.579166666666677928e-03
1.518750000000010760e-03
1.468750000000009111e-03
1.479166666666674630e-03
1.595833333333343844e-03
1.495833333333340979e-03
1.664583333333346246e-03
1.620833333333346511e-03
1.533333333333345089e-03
1.539583333333342449e-03
1.541666666666679673e-03
1.554166666666676995e-03
1.691666666666681584e-03
1.689583333333345445e-03
1.552083333333343675e-03
1.631250000000013115e-03
1.550000000000011438e-03
1.556250000000010967e-03
1.508333333333344590e-03
1.641666666666678417e-03
1.614583333333346549e-03
1.652083333333346973e-03
1.489583333333341884e-03
1.606250000000012832e-03
1.595833333333346229e-03
1.522916666666676534e-03
1.483333333333342790e-03
1.504166666666676430e-03
1.625000000000011852e-03
1.502083333333343327e-03
1.622916666666679832e-03
1.562500000000010712e-03
1.504166666666677515e-03
1.622916666666680049e-03
1.600000000000009184e-03
1.650000000000012351e-03
1.502083333333340941e-03
1.550000000000009487e-03
1.475000000000012759e-03
1.487500000000008997e-03
1.618750000000010155e-03
1.602083333333345107e-03
1.620833333333346945e-03
1.570833333333343778e-03
1.533333333333343571e-03
1.535416666666676025e-03
1.695833333333346925e-03
1.604166666666676693e-03
1.604166666666677994e-03
1.518750000000010543e-03
1.531250000000011335e-03
1.610416666666677956e-03
1.579166666666678145e-03
1.618750000000012540e-03
1.562500000000010712e-03
1.533333333333346607e-03
1.589583333333345182e-03
1.466666666666675356e-03
1.625000000000011852e-03
1.518750000000009676e-03
1.589583333333345182e-03
1.433333333333341141e-03
1.587500000000009910e-03
1.537500000000011514e-03
1.666666666666680868e-03
1.525000000000009421e-03
1.614583333333345899e-03
1.633333333333345135e-03
1.525000000000011156e-03
1.529166666666676930e-03
1.591666666666678286e-03
1.564583333333341214e-03
1.612500000000011494e-03
1.720833333333347641e-03
1.612500000000013445e-03
1.618750000000010805e-03
1.625000000000012502e-03
1.512500000000010364e-03
1.506250000000009318e-03
1.658333333333346501e-03
1.604166666666679295e-03
1.552083333333341723e-03
1.595833333333344277e-03
1.614583333333345248e-03
1.622916666666679398e-03
1.627083333333345172e-03
1.704166666666680425e-03
1.541666666666678372e-03
1.604166666666678428e-03
1.616666666666679436e-03
1.631250000000011380e-03
1.525000000000010505e-03
1.595833333333346012e-03
1.627083333333344088e-03
1.610416666666680341e-03
1.554166666666678513e-03
1.610416666666680341e-03
1.591666666666676552e-03
1.491666666666676289e-03
1.581250000000012550e-03
1.581250000000011466e-03
1.531250000000009600e-03
1.597916666666677164e-03
1.612500000000011710e-03
1.479166666666675714e-03
1.658333333333343465e-03
1.585416666666678758e-03
1.637500000000014161e-03
1.677083333333346171e-03
1.562500000000013097e-03
1.518750000000009892e-03
1.587500000000011428e-03
1.518750000000010326e-03
1.602083333333346625e-03
1.512500000000009497e-03
1.616666666666678786e-03
1.668750000000011370e-03
1.495833333333343364e-03
1.593750000000010957e-03
1.575000000000011937e-03
1.533333333333344222e-03
1.454166666666675432e-03
1.612500000000012361e-03
1.518750000000010977e-03
1.581250000000011683e-03
1.602083333333345757e-03
1.591666666666677419e-03
1.587500000000010994e-03
1.654166666666678559e-03
1.608333333333342901e-03
1.577083333333344391e-03
1.637500000000010258e-03
1.618750000000012106e-03
1.677083333333344436e-03
1.552083333333343891e-03
1.531250000000010250e-03
1.587500000000010561e-03
1.639583333333348132e-03
1.637500000000012643e-03
1.560416666666678475e-03
1.564583333333344683e-03
1.620833333333346294e-03
1.550000000000010354e-03
1.462500000000009365e-03
1.625000000000012285e-03
1.577083333333344174e-03
1.622916666666679181e-03
1.489583333333342752e-03
1.572916666666676448e-03
1.570833333333343561e-03
1.520833333333346466e-03
1.608333333333346370e-03
1.606250000000011748e-03
1.589583333333344532e-03
1.572916666666675798e-03
1.577083333333346125e-03
1.654166666666680077e-03
1.608333333333345286e-03
1.572916666666679267e-03
1.506250000000010185e-03
1.685416666666679671e-03
1.572916666666678617e-03
1.570833333333346380e-03
1.522916666666675016e-03
1.662500000000012926e-03
1.597916666666676514e-03
1.633333333333345135e-03
1.537500000000009345e-03
1.587500000000011862e-03
1.572916666666680134e-03
1.591666666666679587e-03
1.597916666666678248e-03
1.550000000000011655e-03
1.518750000000009676e-03
1.545833333333344797e-03
1.693750000000012520e-03
1.560416666666675440e-03
1.587500000000011645e-03
1.597916666666679550e-03
1.575000000000013022e-03
1.679166666666678624e-03
1.616666666666679870e-03
1.556250000000010099e-03
1.612500000000011060e-03
1.491666666666676289e-03
1.554166666666677429e-03
1.531250000000009600e-03
1.631250000000012464e-03
1.508333333333344807e-03
1.670833333333344257e-03
1.631250000000011597e-03
1.587500000000012512e-03
1.562500000000010495e-03
1.645833333333345276e-03
1.604166666666679078e-03
1.554166666666678080e-03
1.520833333333342779e-03
1.531250000000008299e-03
1.545833333333344797e-03
1.631250000000013332e-03
1.606250000000011315e-03
1.547916666666677901e-03
1.495833333333342931e-03
1.612500000000011710e-03
1.654166666666677691e-03
1.472916666666675535e-03
1.618750000000012323e-03
1.614583333333346549e-03
1.543750000000010609e-03
1.518750000000009025e-03
1.479166666666675714e-03
1.581250000000010165e-03
1.666666666666681519e-03
1.620833333333344343e-03
1.539583333333344184e-03
1.616666666666677918e-03
1.660416666666680472e-03
1.637500000000014595e-03
1.581250000000012333e-03
1.504166666666675997e-03
1.502083333333344411e-03
1.583333333333346521e-03
1.610416666666677956e-03
1.635416666666678889e-03
1.570833333333343344e-03
1.631250000000013115e-03
1.620833333333345210e-03
1.570833333333345079e-03
1.483333333333342356e-03
1.618750000000014058e-03
1.620833333333345427e-03
1.568750000000010674e-03
1.587500000000009693e-03
1.608333333333347671e-03
1.545833333333344146e-03
1.570833333333343995e-03
1.583333333333343702e-03
1.518750000000009025e-03
1.585416666666677890e-03
1.597916666666676297e-03
1.556250000000009015e-03
1.616666666666679002e-03
1.643750000000012389e-03
1.637500000000012427e-03
1.664583333333346030e-03
1.597916666666680200e-03
1.579166666666677711e-03
1.593750000000012258e-03
1.589583333333345399e-03
1.577083333333340704e-03
1.545833333333345230e-03
1.641666666666677767e-03
1.489583333333343836e-03
1.587500000000013596e-03
1.554166666666676778e-03
1.641666666666676900e-03
1.516666666666677439e-03
1.393750000000009348e-03
1.520833333333344297e-03
1.579166666666677061e-03
1.656250000000011446e-03
1.606250000000011315e-03
1.568750000000010457e-03
1.677083333333345304e-03
1.479166666666675498e-03
1.660416666666679605e-03
1.495833333333343581e-03
1.585416666666675505e-03
1.650000000000015170e-03
1.679166666666678407e-03
1.602083333333346842e-03
1.491666666666675856e-03
1.566666666666677353e-03
1.502083333333342893e-03
1.566666666666677787e-03
1.577083333333344824e-03
1.541666666666674686e-03
1.533333333333342270e-03
1.604166666666679078e-03
1.539583333333342016e-03
1.516666666666675921e-03
1.552083333333344759e-03
1.635416666666678455e-03
1.554166666666676345e-03
1.539583333333345268e-03
1.608333333333344418e-03
1.566666666666676920e-03
1.479166666666675064e-03
1.677083333333345304e-03
1.604166666666679295e-03
1.520833333333343430e-03
1.591666666666676768e-03
1.468750000000011713e-03
1.645833333333344625e-03
1.554166666666677863e-03
1.745833333333347706e-03
1.625000000000012936e-03
1.525000000000011373e-03
1.660416666666679605e-03
1.583333333333346088e-03
1.554166666666680465e-03
1.672916666666679963e-03
1.497916666666675384e-03
1.618750000000011673e-03
1.606250000000010447e-03
1.610416666666679908e-03
1.612500000000010626e-03
1.522916666666676100e-03
1.568750000000011108e-03
1.514583333333344769e-03
1.625000000000012719e-03
1.583333333333345871e-03
1.531250000000010684e-03
1.608333333333343334e-03
1.654166666666678559e-03
1.629166666666677843e-03
1.583333333333345437e-03
1.539583333333343533e-03
1.639583333333346398e-03
1.535416666666677976e-03
1.618750000000012974e-03
1.604166666666678861e-03
1.652083333333346756e-03
1.587500000000012079e-03
1.627083333333345606e-03
1.604166666666679078e-03
1.570833333333344212e-03
1.531250000000010901e-03
1.531250000000010467e-03
1.487500000000009648e-03
1.620833333333346511e-03
1.639583333333346831e-03
1.645833333333344408e-03
1.541666666666676854e-03
1.631250000000013549e-03
1.677083333333345520e-03
1.616666666666677918e-03
1.552083333333341940e-03
1.554166666666677429e-03
1.618750000000012323e-03
1.579166666666677928e-03
1.600000000000011136e-03
1.595833333333344494e-03
1.581250000000012550e-03
1.614583333333344597e-03
1.595833333333345361e-03
1.560416666666678259e-03
1.662500000000012058e-03
1.550000000000008619e-03
1.614583333333344814e-03
1.491666666666676940e-03
1.616666666666677268e-03
1.583333333333343702e-03
1.566666666666677570e-03
1.604166666666678428e-03
1.595833333333344277e-03
1.670833333333345775e-03
1.556250000000010099e-03
1.564583333333343599e-03
1.577083333333346125e-03
1.516666666666677439e-03
1.531250000000011768e-03
1.531250000000010250e-03
1.579166666666677928e-03
1.647916666666680548e-03
1.587500000000012512e-03
1.654166666666680077e-03
1.631250000000013115e-03
1.577083333333343740e-03
1.635416666666679756e-03
1.589583333333344749e-03
1.589583333333345833e-03
1.641666666666676683e-03
1.600000000000013087e-03
1.635416666666680624e-03
1.635416666666676721e-03
1.562500000000009845e-03
1.485416666666677411e-03
1.572916666666679484e-03
1.547916666666675732e-03
1.531250000000010684e-03
1.545833333333345664e-03
1.595833333333343193e-03
1.656250000000011663e-03
1.627083333333344956e-03
1.566666666666679305e-03
1.685416666666679887e-03
1.664583333333346897e-03
1.554166666666678947e-03
1.614583333333345899e-03
1.491666666666675856e-03
1.602083333333345107e-03
1.510416666666677694e-03
1.583333333333345220e-03
1.593750000000012908e-03
1.631250000000010513e-03
1.581250000000012984e-03
1.564583333333344683e-03
1.614583333333346983e-03
1.604166666666677777e-03
1.537500000000010430e-03
1.670833333333348811e-03
1.529166666666676496e-03
1.737500000000011821e-03
1.495833333333342931e-03
1.597916666666679550e-03
1.554166666666677863e-03
1.614583333333344164e-03
1.522916666666675233e-03
1.514583333333344118e-03
1.612500000000010843e-03
1.535416666666677542e-03
1.693750000000011652e-03
1.656250000000013397e-03
1.487500000000009431e-03
1.658333333333346501e-03
1.579166666666678579e-03
1.439583333333342837e-03
1.556250000000011183e-03
1.593750000000014209e-03
1.510416666666675742e-03
1.612500000000010626e-03
1.552083333333346277e-03
1.560416666666677391e-03
1.566666666666678871e-03
1.693750000000011869e-03
1.570833333333343778e-03
1.666666666666678266e-03
1.545833333333343062e-03
1.547916666666676816e-03
1.531250000000010901e-03
1.587500000000010561e-03
1.506250000000010402e-03
1.622916666666678531e-03
1.547916666666676383e-03
1.514583333333343468e-03
1.483333333333343223e-03
1.622916666666677013e-03
1.629166666666680661e-03
1.541666666666677721e-03
1.593750000000013342e-03
1.506250000000010185e-03
1.483333333333344091e-03
1.622916666666678748e-03
1.600000000000012220e-03
1.541666666666676854e-03
1.527083333333341657e-03
1.572916666666675798e-03
1.575000000000011070e-03
1.506250000000011486e-03
1.587500000000011428e-03
1.552083333333344108e-03
1.491666666666676723e-03
1.493750000000009610e-03
1.606250000000012182e-03
1.639583333333346398e-03
1.629166666666678710e-03
1.516666666666677656e-03
1.639583333333346831e-03
1.622916666666680266e-03
1.595833333333342326e-03
1.591666666666678503e-03
1.472916666666677487e-03
1.643750000000012172e-03
1.535416666666677326e-03
1.568750000000010024e-03
1.602083333333343589e-03
1.622916666666678097e-03
1.572916666666678617e-03
1.487500000000010515e-03
1.575000000000010853e-03
1.631250000000013332e-03
1.533333333333342704e-03
1.668750000000012454e-03
1.612500000000012578e-03
1.535416666666678193e-03
1.593750000000011390e-03
1.747916666666679292e-03
1.495833333333344015e-03
1.585416666666676589e-03
1.585416666666679408e-03
1.606250000000010664e-03
1.512500000000011014e-03
1.618750000000013407e-03
1.545833333333345447e-03
1.529166666666675846e-03
1.575000000000010636e-03
1.614583333333344164e-03
1.670833333333344691e-03
1.645833333333344625e-03
1.591666666666677636e-03
1.535416666666676675e-03
1.510416666666675525e-03
1.558333333333344504e-03
1.595833333333342976e-03
1.475000000000009073e-03
1.602083333333346408e-03
1.604166666666677560e-03
1.585416666666676373e-03
1.591666666666678720e-03
1.714583333333345727e-03
1.477083333333341526e-03
1.629166666666678710e-03
1.514583333333343902e-03
1.625000000000011852e-03
1.504166666666675129e-03
1.600000000000011569e-03
1.554166666666678296e-03
1.547916666666677901e-03
1.537500000000011947e-03
1.612500000000012361e-03
1.577083333333343306e-03
1.593750000000012041e-03
1.616666666666677268e-03
1.583333333333343052e-03
1.512500000000009497e-03
1.495833333333342714e-03
1.495833333333343148e-03
1.570833333333345730e-03
1.620833333333344343e-03
1.614583333333345465e-03
1.625000000000014887e-03
1.633333333333346436e-03
1.606250000000011098e-03
1.547916666666677467e-03
1.475000000000009507e-03
1.462500000000008715e-03
1.658333333333348670e-03
1.631250000000012898e-03
1.595833333333343844e-03
1.666666666666679134e-03
1.537500000000009996e-03
1.639583333333345097e-03
1.620833333333346511e-03
1.537500000000010430e-03
1.629166666666678493e-03
1.704166666666678907e-03
1.552083333333343024e-03
1.531250000000008733e-03
1.506250000000009534e-03
1.579166666666676627e-03
1.481250000000009252e-03
1.564583333333346852e-03
1.550000000000011655e-03
1.552083333333344325e-03
1.647916666666678596e-03
1.604166666666677777e-03
1.662500000000014227e-03
1.472916666666674668e-03
1.545833333333343712e-03
1.606250000000010664e-03
1.602083333333344673e-03
1.572916666666677532e-03
1.650000000000012134e-03
1.577083333333343090e-03
1.568750000000009807e-03
1.577083333333346342e-03
1.552083333333344108e-03
1.547916666666678334e-03
1.506250000000009101e-03
1.545833333333343279e-03
1.518750000000010543e-03
1.581250000000011683e-03
1.639583333333346831e-03
1.554166666666675694e-03
1.522916666666676534e-03
1.654166666666679643e-03
1.631250000000012464e-03
1.660416666666681123e-03
1.568750000000012409e-03
1.602083333333345107e-03
1.452083333333341678e-03
1.527083333333343826e-03
1.537500000000008912e-03
1.493750000000010261e-03
1.545833333333342411e-03
1.529166666666676279e-03
1.535416666666675808e-03
1.539583333333343967e-03
1.629166666666679360e-03
1.464583333333342686e-03
1.552083333333345192e-03
1.541666666666677071e-03
1.585416666666678107e-03
1.464583333333341602e-03
1.591666666666676118e-03
1.537500000000009345e-03
1.595833333333343844e-03
1.568750000000011758e-03
1.572916666666677532e-03
1.606250000000011315e-03
1.566666666666677570e-03
1.710416666666679736e-03
1.631250000000012681e-03
1.468750000000008460e-03
1.625000000000010551e-03
1.591666666666677853e-03
1.579166666666676410e-03
1.579166666666677278e-03
1.518750000000010109e-03
1.556250000000010099e-03
1.556250000000009666e-03
1.606250000000011315e-03
1.556250000000013786e-03
1.464583333333342686e-03
1.612500000000010626e-03
1.531250000000009383e-03
1.579166666666679446e-03
1.460416666666676478e-03
1.691666666666676814e-03
1.593750000000011607e-03
1.495833333333343798e-03
1.639583333333345097e-03
1.518750000000012278e-03
1.550000000000011872e-03
1.670833333333345992e-03
1.500000000000009355e-03
1.541666666666678372e-03
1.533333333333342053e-03
1.691666666666681368e-03
1.527083333333342742e-03
1.575000000000011287e-03
1.541666666666678372e-03
1.614583333333345682e-03
1.589583333333345182e-03
1.470833333333343299e-03
1.466666666666675573e-03
1.616666666666679436e-03
1.570833333333344429e-03
1.539583333333344834e-03
1.550000000000011438e-03
1.541666666666676420e-03
1.647916666666677946e-03
1.552083333333344325e-03
1.504166666666677515e-03
1.677083333333345737e-03
1.543750000000010609e-03
1.595833333333343410e-03
1.502083333333344194e-03
1.660416666666678738e-03
1.587500000000010561e-03
1.595833333333346446e-03
1.604166666666680162e-03
1.539583333333344618e-03
1.606250000000010664e-03
1.545833333333346315e-03
1.543750000000011476e-03
1.645833333333345276e-03
1.633333333333345785e-03
1.527083333333342959e-03
1.614583333333345248e-03
1.618750000000011456e-03
1.591666666666678720e-03
1.468750000000009328e-03
1.568750000000011108e-03
1.610416666666677739e-03
1.593750000000010740e-03
1.556250000000010533e-03
1.560416666666677174e-03
1.687500000000014292e-03
1.587500000000010561e-03
1.550000000000011438e-03
1.541666666666675987e-03
1.520833333333344731e-03
1.710416666666680604e-03
1.545833333333342411e-03
1.656250000000012747e-03
1.614583333333345031e-03
1.514583333333342167e-03
1.585416666666677674e-03
1.550000000000011004e-03
1.502083333333344411e-03
1.545833333333344580e-03
1.485416666666676761e-03
1.533333333333345740e-03
1.510416666666677043e-03
1.568750000000010024e-03
1.616666666666679002e-03
1.572916666666677532e-03
1.558333333333344070e-03
1.597916666666679766e-03
1.558333333333342986e-03
1.527083333333344693e-03
1.483333333333341488e-03
1.560416666666676958e-03
1.539583333333345919e-03
1.522916666666677184e-03
1.537500000000010213e-03
1.610416666666679040e-03
1.668750000000011587e-03
1.595833333333342759e-03
1.525000000000009855e-03
1.620833333333346728e-03
1.585416666666679625e-03
1.645833333333345276e-03
1.633333333333343833e-03
1.633333333333346869e-03
1.689583333333345011e-03
1.508333333333344807e-03
1.612500000000011710e-03
1.606250000000011965e-03
1.495833333333344232e-03
1.547916666666677033e-03
1.685416666666680538e-03
1.562500000000010495e-03
1.516666666666677222e-03
1.681250000000013680e-03
1.597916666666677815e-03
1.570833333333344429e-03
1.560416666666676524e-03
1.539583333333344618e-03
1.675000000000014151e-03
1.564583333333345117e-03
1.547916666666675515e-03
1.510416666666678344e-03
1.575000000000012371e-03
1.660416666666680906e-03
1.620833333333346294e-03
1.650000000000012785e-03
1.470833333333342865e-03
1.491666666666675856e-03
1.631250000000011380e-03
1.639583333333346398e-03
1.506250000000011052e-03
1.597916666666678682e-03
1.591666666666678069e-03
1.427083333333342913e-03
1.558333333333346889e-03
1.712500000000013924e-03
1.458333333333342290e-03
1.527083333333343826e-03
1.664583333333344729e-03
1.497916666666675818e-03
1.502083333333344411e-03
1.577083333333343740e-03
1.516666666666677656e-03
1.506250000000009318e-03
1.691666666666680066e-03
1.529166666666676930e-03
1.564583333333346418e-03
1.622916666666680266e-03
1.566666666666678221e-03
1.543750000000011259e-03
1.527083333333343175e-03
1.550000000000010571e-03
1.625000000000012068e-03
1.635416666666679539e-03
1.664583333333344945e-03
1.552083333333345192e-03
1.516666666666677439e-03
1.510416666666678127e-03
1.581250000000009297e-03
1.600000000000010919e-03
1.593750000000011390e-03
1.622916666666677880e-03
1.577083333333343740e-03
1.587500000000010994e-03
1.577083333333345258e-03
1.610416666666676872e-03
1.620833333333342391e-03
1.502083333333342893e-03
1.581250000000011249e-03
1.610416666666678823e-03
1.608333333333345286e-03
1.500000000000009789e-03
1.675000000000013501e-03
1.572916666666676665e-03
1.587500000000010561e-03
1.552083333333344542e-03
1.568750000000008939e-03
1.547916666666677467e-03
1.618750000000013407e-03
1.493750000000009176e-03
1.593750000000011607e-03
1.595833333333346879e-03
1.587500000000010994e-03
1.589583333333344532e-03
1.581250000000009948e-03
1.587500000000011211e-03
1.641666666666679068e-03
1.589583333333342580e-03
1.547916666666677684e-03
1.560416666666678042e-03
1.706250000000013528e-03
1.539583333333343967e-03
1.522916666666677184e-03
1.643750000000012389e-03
1.610416666666677089e-03
1.527083333333341874e-03
1.572916666666676448e-03
1.570833333333344645e-03
1.570833333333345946e-03
1.562500000000010061e-03
1.545833333333343712e-03
1.595833333333345145e-03
1.489583333333344703e-03
1.627083333333347341e-03
1.533333333333345089e-03
1.606250000000010447e-03
1.616666666666678786e-03
1.593750000000010957e-03
1.545833333333344797e-03
1.568750000000009373e-03
1.514583333333343685e-03
1.587500000000009693e-03
1.568750000000010674e-03
1.570833333333344212e-03
1.450000000000008791e-03
1.566666666666678004e-03
1.568750000000012626e-03
1.620833333333346511e-03
1.633333333333346436e-03
1.587500000000011211e-03
1.543750000000011259e-03
1.531250000000011335e-03
1.535416666666678844e-03
1.566666666666677570e-03
1.597916666666678465e-03
1.585416666666678107e-03
1.604166666666679078e-03
1.612500000000009108e-03
1.604166666666678211e-03
1.529166666666677363e-03
1.610416666666677089e-03
1.706250000000013962e-03
1.464583333333342469e-03
1.606250000000011531e-03
1.631250000000013332e-03
1.545833333333345013e-03
1.591666666666679587e-03
1.593750000000011607e-03
1.654166666666679209e-03
1.510416666666674224e-03
1.612500000000009976e-03
1.618750000000012323e-03
1.558333333333344504e-03
1.556250000000009666e-03
1.583333333333346738e-03
1.554166666666678080e-03
1.504166666666675997e-03
1.552083333333344108e-03
1.620833333333345427e-03
1.679166666666679492e-03
1.750000000000012396e-03
1.583333333333343702e-03
1.616666666666679002e-03
1.668750000000013322e-03
1.635416666666676504e-03
1.641666666666679285e-03
1.568750000000012626e-03
1.597916666666679550e-03
1.631250000000009862e-03
1.654166666666678992e-03
1.535416666666676458e-03
1.622916666666679181e-03
1.412500000000008150e-03
1.585416666666678324e-03
1.566666666666678871e-03
1.491666666666677157e-03
1.512500000000007979e-03
1.566666666666679305e-03
1.600000000000014171e-03
1.568750000000011541e-03
1.622916666666678748e-03
1.585416666666678107e-03
1.570833333333345079e-03
1.560416666666677391e-03
1.625000000000012068e-03
1.614583333333346115e-03
1.556250000000011834e-03
1.662500000000013359e-03
1.493750000000010044e-03
1.522916666666675233e-03
1.502083333333341592e-03
1.616666666666678569e-03
1.643750000000013907e-03
1.560416666666678692e-03
1.681250000000012812e-03
1.502083333333343543e-03
1.529166666666678014e-03
1.568750000000010240e-03
1.504166666666676647e-03
1.608333333333344202e-03
1.660416666666677220e-03
1.652083333333345888e-03
1.443750000000010346e-03
1.537500000000010863e-03
1.581250000000012116e-03
1.579166666666677061e-03
1.602083333333345540e-03
1.618750000000012757e-03
1.575000000000011287e-03
1.552083333333343891e-03
1.612500000000011060e-03
1.520833333333343647e-03
1.612500000000011277e-03
1.622916666666679832e-03
1.610416666666676655e-03
1.587500000000013163e-03
1.589583333333345399e-03
1.585416666666679408e-03
1.702083333333344935e-03
1.547916666666677033e-03
1.539583333333342016e-03
1.541666666666675119e-03
1.572916666666679050e-03
1.547916666666678334e-03
1.487500000000008997e-03
1.591666666666678286e-03
1.502083333333343977e-03
1.527083333333344043e-03
1.489583333333344270e-03
1.489583333333345354e-03
1.518750000000009459e-03
1.477083333333342827e-03
1.383333333333340359e-03
1.362500000000006718e-03
1.377083333333341481e-03
1.208333333333335780e-03
1.297916666666672474e-03
1.366666666666672926e-03
1.277083333333337099e-03
1.293750000000003664e-03
1.245833333333336854e-03
1.254166666666671655e-03
1.243750000000004834e-03
1.335416666666673115e-03
1.245833333333336420e-03
1.262500000000004504e-03
1.252083333333337250e-03
1.295833333333339370e-03
1.127083333333334103e-03
1.243750000000003750e-03
1.279166666666671504e-03
1.179166666666669723e-03
1.187500000000002356e-03
1.291666666666672512e-03
1.366666666666674010e-03
1.243750000000003316e-03
1.243750000000004401e-03
1.216666666666669713e-03
1.252083333333337900e-03
1.118750000000000603e-03
1.266666666666671145e-03
1.158333333333335649e-03
1.275000000000004645e-03
1.206250000000003327e-03
1.089583333333332812e-03
1.158333333333334781e-03
1.208333333333336214e-03
1.206250000000003110e-03
1.200000000000003364e-03
1.325000000000005861e-03
1.116666666666667283e-03
1.275000000000004428e-03
1.116666666666667066e-03
1.266666666666670278e-03
1.258333333333339380e-03
1.291666666666672512e-03
1.287500000000004786e-03
1.304166666666672003e-03
1.252083333333337467e-03
1.254166666666670354e-03
1.262500000000005155e-03
1.264583333333337391e-03
1.304166666666672003e-03
1.197916666666669176e-03
1.316666666666672361e-03
1.243750000000003967e-03
1.177083333333336186e-03
1.293750000000005182e-03
1.256250000000005626e-03
1.212500000000003722e-03
1.222916666666669892e-03
1.291666666666671211e-03
1.220833333333336355e-03
1.270833333333338221e-03
1.306250000000008142e-03
1.329166666666672719e-03
1.150000000000001282e-03
1.316666666666673228e-03
1.175000000000000914e-03
1.247916666666671259e-03
1.275000000000006163e-03
1.214583333333336609e-03
1.260416666666671400e-03
1.310416666666672182e-03
1.233333333333337797e-03
1.177083333333335318e-03
1.285416666666671683e-03
1.268750000000004683e-03
1.364583333333341123e-03
1.327083333333338531e-03
1.295833333333338069e-03
1.189583333333335460e-03
1.239583333333337326e-03
1.222916666666669892e-03
1.189583333333336978e-03
1.193750000000002752e-03
1.302083333333337815e-03
1.287500000000005220e-03
1.264583333333338475e-03
1.329166666666671852e-03
1.281250000000005041e-03
1.293750000000004315e-03
1.206250000000003327e-03
1.160416666666669186e-03
1.308333333333339512e-03
1.270833333333338004e-03
1.289583333333340276e-03
1.237500000000004005e-03
1.295833333333339804e-03
1.204166666666670006e-03
1.235416666666670684e-03
1.252083333333338334e-03
1.256250000000004542e-03
1.379166666666673501e-03
1.283333333333339229e-03
1.277083333333338833e-03
1.356250000000006756e-03
1.318750000000005248e-03
1.264583333333338042e-03
1.302083333333338682e-03
1.210416666666669751e-03
1.333333333333340228e-03
1.216666666666671014e-03
1.372916666666672454e-03
1.291666666666670994e-03
1.252083333333337900e-03
1.252083333333336599e-03
1.262500000000003854e-03
1.254166666666671004e-03
1.331250000000006907e-03
1.297916666666671173e-03
1.347916666666672389e-03
1.297916666666673558e-03
1.281250000000005692e-03
1.404166666666673132e-03
1.291666666666671645e-03
1.314583333333337739e-03
1.308333333333341246e-03
1.275000000000004645e-03
1.281250000000005258e-03
1.239583333333337326e-03
1.327083333333340266e-03
1.289583333333338324e-03
1.283333333333339012e-03
1.279166666666671504e-03
1.427083333333340094e-03
1.335416666666671597e-03
1.227083333333337401e-03
1.316666666666671927e-03
1.225000000000002996e-03
1.304166666666672220e-03
1.254166666666670787e-03
1.316666666666671060e-03
1.343750000000006181e-03
1.285416666666671032e-03
1.347916666666672605e-03
1.202083333333336035e-03
1.320833333333336834e-03
1.325000000000006511e-03
1.227083333333338052e-03
1.331250000000006473e-03
1.297916666666673125e-03
1.254166666666671438e-03
1.258333333333337212e-03
1.293750000000006917e-03
1.289583333333338107e-03
1.310416666666673266e-03
1.304166666666672220e-03
1.287500000000003919e-03
1.285416666666672116e-03
1.372916666666673972e-03
1.287500000000005003e-03
1.335416666666673332e-03
1.397916666666673387e-03
1.327083333333339398e-03
1.258333333333338513e-03
1.191666666666669865e-03
1.337500000000006652e-03
1.308333333333339295e-03
1.385416666666674981e-03
1.347916666666673256e-03
1.343750000000004880e-03
1.222916666666670109e-03
1.350000000000005276e-03
1.414583333333341037e-03
1.381250000000006388e-03
1.287500000000005437e-03
1.318750000000005465e-03
1.350000000000006360e-03
1.310416666666671531e-03
1.285416666666670815e-03
1.389583333333340972e-03
1.345833333333339935e-03
1.316666666666671710e-03
1.356250000000007189e-03
1.364583333333339822e-03
1.260416666666672051e-03
1.264583333333336524e-03
1.295833333333339587e-03
1.370833333333340651e-03
1.360416666666674481e-03
1.306250000000004890e-03
1.318750000000006983e-03
1.385416666666674330e-03
1.375000000000006425e-03
1.368750000000005813e-03
1.297916666666671607e-03
1.320833333333338785e-03
1.347916666666674123e-03
1.341666666666673511e-03
1.302083333333338682e-03
1.385416666666674547e-03
1.352083333333339897e-03
1.235416666666671335e-03
1.389583333333340321e-03
1.368750000000007764e-03
1.429166666666674933e-03
1.383333333333339708e-03
1.277083333333338400e-03
1.408333333333342376e-03
1.433333333333340490e-03
1.393750000000007396e-03
1.293750000000006483e-03
1.337500000000005134e-03
1.397916666666674038e-03
1.370833333333341085e-03
1.297916666666672908e-03
1.341666666666672210e-03
1.395833333333341151e-03
1.329166666666674020e-03
1.329166666666673369e-03
1.262500000000004721e-03
1.414583333333341254e-03
1.285416666666671249e-03
1.279166666666672154e-03
1.331250000000006473e-03
1.352083333333338596e-03
1.333333333333338276e-03
1.362500000000005851e-03
1.325000000000005644e-03
1.252083333333336816e-03
1.335416666666673115e-03
1.377083333333341047e-03
1.452083333333341244e-03
1.277083333333337099e-03
1.316666666666671060e-03
1.356250000000009358e-03
1.445833333333342800e-03
1.381250000000007255e-03
1.331250000000005389e-03
1.385416666666673029e-03
1.277083333333338616e-03
1.368750000000006897e-03
1.395833333333340283e-03
1.427083333333342479e-03
1.393750000000007613e-03
1.325000000000005644e-03
1.337500000000006652e-03
1.343750000000007699e-03
1.337500000000007737e-03
1.235416666666670901e-03
1.343750000000006615e-03
1.297916666666670956e-03
1.329166666666672719e-03
1.352083333333339681e-03
1.341666666666673294e-03
1.462500000000008281e-03
1.408333333333341292e-03
1.300000000000006229e-03
1.422916666666675621e-03
1.431250000000007386e-03
1.477083333333343912e-03
1.358333333333339643e-03
1.375000000000007076e-03
1.350000000000007661e-03
1.345833333333339718e-03
1.264583333333338258e-03
1.464583333333342036e-03
1.331250000000005606e-03
1.404166666666675084e-03
1.387500000000006350e-03
1.437500000000007782e-03
1.370833333333340651e-03
1.345833333333339068e-03
1.356250000000005672e-03
1.339583333333338889e-03
1.379166666666673934e-03
1.314583333333339907e-03
1.470833333333341998e-03
1.368750000000007547e-03
1.297916666666671390e-03
1.406250000000007104e-03
1.375000000000006209e-03
1.306250000000005540e-03
1.306250000000004456e-03
1.327083333333340482e-03
1.341666666666673511e-03
1.372916666666674406e-03
1.318750000000005248e-03
1.356250000000006973e-03
1.314583333333338606e-03
1.337500000000004701e-03
1.385416666666673463e-03
1.422916666666676055e-03
1.322916666666671022e-03
1.454166666666674998e-03
1.447916666666675036e-03
1.420833333333342300e-03
1.354166666666673869e-03
1.493750000000009827e-03
1.431250000000008037e-03
1.427083333333341178e-03
1.435416666666674678e-03
1.343750000000004663e-03
1.456250000000008102e-03
1.422916666666673453e-03
1.420833333333341433e-03
1.391666666666677111e-03
1.489583333333342752e-03
1.337500000000007303e-03
1.306250000000007058e-03
1.447916666666675903e-03
1.431250000000008687e-03
1.412500000000008150e-03
1.356250000000005455e-03
1.425000000000009159e-03
1.389583333333341188e-03
1.310416666666673049e-03
1.356250000000006539e-03
1.341666666666674378e-03
1.366666666666673793e-03
1.433333333333340490e-03
1.354166666666672351e-03
1.395833333333340500e-03
1.445833333333341282e-03
1.391666666666674292e-03
1.470833333333341781e-03
1.372916666666673322e-03
1.297916666666671390e-03
1.291666666666673379e-03
1.495833333333340979e-03
1.420833333333342517e-03
1.400000000000009093e-03
1.452083333333341678e-03
1.352083333333338596e-03
1.422916666666674103e-03
1.393750000000007830e-03
1.433333333333341141e-03
1.345833333333339285e-03
1.445833333333341499e-03
1.406250000000007537e-03
1.437500000000007348e-03
1.522916666666675016e-03
1.472916666666676620e-03
1.412500000000009234e-03
1.379166666666674151e-03
1.445833333333340631e-03
1.435416666666674895e-03
1.435416666666674028e-03
1.427083333333341612e-03
1.443750000000007744e-03
1.489583333333344053e-03
1.422916666666675187e-03
1.460416666666677779e-03
1.400000000000008009e-03
1.404166666666673349e-03
1.343750000000006615e-03
1.489583333333343185e-03
1.479166666666675281e-03
1.483333333333342790e-03
1.379166666666675018e-03
1.410416666666675263e-03
1.358333333333341377e-03
1.406250000000007971e-03
1.418750000000007028e-03
1.347916666666673906e-03
1.427083333333341829e-03
1.433333333333342658e-03
1.354166666666673869e-03
1.362500000000006718e-03
1.443750000000008395e-03
1.364583333333338738e-03
1.497916666666676685e-03
1.341666666666674812e-03
1.437500000000008649e-03
1.402083333333341546e-03
1.418750000000007462e-03
1.397916666666674254e-03
1.368750000000007331e-03
1.341666666666674161e-03
1.395833333333340500e-03
1.506250000000009534e-03
1.468750000000008894e-03
1.441666666666674640e-03
1.487500000000011599e-03
1.370833333333340868e-03
1.385416666666672162e-03
1.447916666666676771e-03
1.354166666666673001e-03
1.445833333333340414e-03
1.481250000000009902e-03
1.452083333333342545e-03
1.522916666666675450e-03
1.514583333333344118e-03
1.472916666666675752e-03
1.416666666666674358e-03
1.458333333333342290e-03
1.427083333333340745e-03
1.308333333333339295e-03
1.479166666666677666e-03
1.466666666666676441e-03
1.460416666666675828e-03
1.425000000000007641e-03
1.425000000000007424e-03
1.389583333333340972e-03
1.510416666666675959e-03
1.431250000000007386e-03
1.452083333333342328e-03
1.395833333333341801e-03
1.356250000000006105e-03
1.366666666666674444e-03
1.433333333333342008e-03
1.468750000000008894e-03
1.520833333333342779e-03
1.437500000000009300e-03
1.437500000000006698e-03
1.454166666666676299e-03
1.433333333333340490e-03
1.468750000000009328e-03
1.437500000000011035e-03
1.383333333333340359e-03
1.366666666666674010e-03
1.462500000000009365e-03
1.437500000000009734e-03
1.412500000000007283e-03
1.450000000000010308e-03
1.364583333333340906e-03
1.518750000000011410e-03
1.387500000000007000e-03
1.391666666666674943e-03
1.445833333333341932e-03
1.481250000000009252e-03
1.458333333333342724e-03
1.389583333333341405e-03
1.495833333333342280e-03
1.358333333333340293e-03
1.358333333333340293e-03
1.431250000000008037e-03
1.458333333333342507e-03
1.435416666666674678e-03
1.529166666666675629e-03
1.522916666666678485e-03
1.479166666666677015e-03
1.533333333333344222e-03
1.452083333333343195e-03
1.416666666666675659e-03
1.441666666666674857e-03
1.375000000000006425e-03
1.404166666666675084e-03
1.452083333333341678e-03
1.408333333333342376e-03
1.337500000000004701e-03
1.477083333333342394e-03
1.356250000000005672e-03
1.418750000000008763e-03
1.433333333333340924e-03
1.383333333333341009e-03
1.329166666666673369e-03
1.370833333333339133e-03
1.456250000000009620e-03
1.297916666666672257e-03
1.450000000000006405e-03
1.481250000000011204e-03
1.431250000000009338e-03
1.531250000000009383e-03
1.447916666666676120e-03
1.431250000000009555e-03
1.397916666666673821e-03
1.420833333333341433e-03
1.460416666666676045e-03
1.456250000000008102e-03
1.400000000000006057e-03
1.445833333333339764e-03
1.397916666666674254e-03
1.435416666666674895e-03
1.454166666666673914e-03
1.402083333333340679e-03
1.462500000000008932e-03
1.414583333333342772e-03
1.414583333333341037e-03
1.460416666666674310e-03
1.429166666666674933e-03
1.464583333333342686e-03
1.412500000000008584e-03
1.510416666666677260e-03
1.372916666666674839e-03
1.445833333333340848e-03
1.470833333333342648e-03
1.535416666666676892e-03
1.529166666666677147e-03
