5.416666666666654492e-04
6.611111111111093877e-04
7.166666666666648240e-04
7.972222222222202174e-04
8.805555555555531549e-04
9.027777777777752427e-04
1.069444444444441443e-03
1.119444444444441357e-03
1.127777777777774423e-03
1.247222222222218579e-03
1.255555555555551862e-03
1.255555555555552079e-03
1.213888888888885447e-03
1.336111111111107147e-03
1.383333333333329300e-03
1.502777777777773239e-03
1.441666666666662714e-03
1.572222222222217480e-03
1.488888888888884434e-03
1.547222222222217631e-03
1.416666666666662432e-03
1.549999999999995609e-03
1.474999999999995629e-03
1.591666666666661806e-03
1.547222222222217631e-03
1.558333333333328675e-03
1.591666666666661806e-03
1.599999999999995306e-03
1.686111111111106330e-03
1.613888888888884111e-03
1.652777777777772981e-03
1.652777777777772765e-03
1.658333333333328503e-03
1.649999999999995004e-03
1.530555555555551282e-03
1.599999999999995306e-03
1.555555555555550914e-03
1.599999999999995306e-03
1.591666666666661806e-03
1.544444444444439870e-03
1.833333333333327878e-03
1.641666666666661721e-03
1.602777777777773284e-03
1.769444444444438942e-03
1.566666666666661958e-03
1.724999999999994767e-03
1.686111111111106113e-03
1.624999999999995372e-03
1.738888888888883572e-03
1.738888888888883788e-03
1.749999999999994615e-03
1.744444444444439310e-03
1.855555555555550400e-03
1.772222222222217137e-03
1.769444444444438942e-03
1.733333333333328266e-03
1.869444444444438988e-03
1.774999999999994898e-03
1.816666666666661096e-03
1.799999999999994747e-03
1.783333333333328181e-03
1.777777777777772659e-03
1.869444444444438554e-03
1.797222222222216986e-03
1.824999999999994378e-03
1.741666666666661333e-03
1.686111111111106113e-03
1.688888888888883874e-03
1.780555555555550420e-03
1.777777777777772659e-03
1.866666666666661010e-03
1.791666666666661464e-03
1.819444444444438857e-03
1.605555555555550828e-03
1.727777777777772528e-03
1.672222222222217091e-03
1.774999999999994681e-03
1.797222222222216986e-03
1.705555555555550440e-03
1.794444444444439225e-03
1.719444444444439245e-03
1.794444444444439225e-03
1.677777777777772830e-03
1.658333333333328287e-03
1.749999999999994832e-03
1.955555555555549795e-03
1.772222222222216920e-03
1.763888888888883854e-03
1.861111111111105705e-03
1.702777777777772896e-03
1.791666666666661247e-03
1.666666666666661569e-03
1.766666666666661181e-03
1.663888888888883809e-03
1.777777777777772442e-03
1.705555555555550440e-03
1.713888888888883723e-03
1.716666666666661484e-03
1.702777777777772896e-03
1.736111111111105811e-03
1.719444444444439462e-03
1.702777777777772679e-03
1.761111111111105659e-03
1.688888888888883657e-03
1.758333333333327898e-03
1.855555555555549749e-03
1.777777777777772442e-03
1.741666666666661766e-03
1.716666666666661484e-03
1.708333333333328201e-03
1.699999999999994918e-03
1.758333333333328332e-03
1.763888888888883637e-03
1.680555555555550591e-03
1.674999999999995069e-03
1.808333333333328029e-03
1.838888888888883400e-03
1.830555555555549900e-03
1.758333333333327898e-03
1.688888888888884091e-03
1.774999999999994681e-03
1.838888888888883400e-03
1.644444444444439699e-03
1.961111111111105317e-03
1.861111111111105488e-03
1.661111111111106048e-03
1.694444444444439396e-03
1.802777777777772508e-03
1.730555555555550289e-03
1.777777777777772659e-03
1.716666666666661484e-03
1.699999999999994918e-03
1.741666666666661549e-03
1.677777777777772613e-03
1.819444444444439073e-03
1.908333333333327641e-03
1.799999999999994747e-03
1.758333333333328115e-03
1.669444444444439547e-03
1.822222222222216834e-03
1.736111111111105811e-03
1.763888888888883203e-03
1.877777777777772271e-03
1.741666666666661333e-03
1.747222222222216854e-03
1.774999999999994898e-03
1.738888888888883572e-03
1.797222222222216986e-03
1.766666666666661398e-03
1.783333333333327964e-03
1.619444444444439633e-03
1.827777777777772139e-03
1.944444444444438317e-03
1.661111111111106264e-03
1.663888888888884025e-03
1.863888888888883466e-03
1.786111111111105725e-03
1.805555555555550052e-03
1.811111111111105790e-03
1.738888888888883572e-03
1.669444444444439547e-03
1.763888888888883637e-03
1.724999999999994767e-03
1.872222222222216965e-03
1.649999999999995004e-03
1.566666666666661958e-03
1.658333333333328503e-03
1.747222222222216854e-03
1.708333333333328201e-03
1.808333333333328029e-03
1.783333333333327747e-03
1.483333333333328912e-03
1.749999999999994615e-03
1.847222222222216683e-03
1.813888888888883551e-03
1.661111111111106264e-03
1.727777777777772528e-03
1.769444444444439376e-03
1.661111111111106048e-03
1.772222222222217137e-03
1.816666666666661096e-03
1.744444444444439093e-03
1.741666666666661333e-03
1.727777777777772744e-03
1.761111111111105876e-03
1.777777777777772442e-03
1.869444444444438988e-03
1.869444444444438771e-03
1.719444444444439462e-03
1.883333333333327576e-03
1.749999999999994832e-03
1.816666666666661312e-03
1.797222222222216769e-03
1.866666666666661227e-03
1.716666666666661701e-03
1.824999999999994595e-03
1.552777777777773153e-03
1.811111111111105790e-03
1.733333333333328266e-03
1.849999999999994227e-03
1.683333333333328569e-03
1.680555555555550374e-03
1.716666666666661484e-03
1.730555555555550505e-03
1.752777777777772376e-03
1.769444444444438942e-03
1.694444444444439613e-03
1.761111111111105659e-03
1.752777777777772376e-03
1.894444444444438836e-03
1.819444444444438857e-03
1.722222222222217223e-03
1.752777777777772376e-03
1.699999999999995135e-03
1.897222222222216381e-03
1.761111111111105659e-03
1.849999999999994444e-03
1.672222222222217091e-03
1.647222222222217460e-03
1.758333333333327681e-03
1.786111111111105725e-03
1.844444444444438922e-03
1.847222222222216466e-03
1.802777777777772291e-03
1.769444444444439376e-03
1.683333333333328786e-03
1.777777777777772659e-03
1.766666666666661398e-03
1.827777777777772356e-03
1.763888888888883637e-03
1.608333333333328806e-03
1.708333333333328201e-03
1.863888888888883683e-03
1.733333333333328266e-03
1.838888888888883183e-03
1.838888888888883183e-03
1.688888888888884091e-03
1.788888888888883486e-03
1.666666666666661786e-03
1.758333333333328115e-03
1.708333333333328201e-03
1.772222222222217137e-03
1.644444444444439699e-03
1.691666666666661635e-03
1.824999999999994595e-03
1.763888888888883637e-03
1.841666666666661161e-03
1.811111111111105574e-03
1.661111111111106264e-03
1.755555555555550354e-03
1.722222222222217223e-03
1.680555555555550157e-03
1.711111111111106179e-03
1.755555555555550354e-03
1.772222222222216920e-03
1.702777777777772679e-03
1.752777777777772593e-03
1.833333333333327878e-03
1.649999999999995004e-03
1.702777777777772679e-03
1.774999999999994898e-03
1.794444444444439008e-03
1.774999999999994681e-03
1.811111111111105574e-03
1.691666666666661852e-03
1.777777777777772442e-03
1.708333333333328201e-03
1.708333333333328201e-03
1.619444444444439633e-03
1.777777777777772659e-03
1.852777777777772205e-03
1.747222222222217071e-03
1.758333333333328115e-03
1.713888888888883723e-03
1.788888888888883703e-03
1.658333333333328287e-03
1.786111111111105725e-03
1.747222222222217071e-03
1.663888888888884025e-03
1.841666666666661161e-03
1.827777777777772356e-03
1.724999999999994984e-03
1.744444444444439093e-03
1.744444444444439310e-03
1.802777777777772291e-03
1.694444444444439396e-03
1.741666666666661766e-03
1.719444444444439245e-03
1.836111111111105639e-03
1.780555555555550420e-03
1.749999999999994832e-03
1.713888888888883940e-03
1.688888888888884091e-03
1.849999999999994661e-03
1.827777777777772139e-03
1.638888888888884177e-03
1.691666666666661852e-03
1.783333333333328181e-03
1.733333333333328266e-03
1.647222222222217460e-03
1.799999999999994530e-03
1.813888888888883551e-03
1.688888888888884091e-03
1.680555555555550374e-03
1.774999999999994898e-03
1.669444444444439547e-03
1.824999999999994595e-03
1.744444444444439310e-03
1.841666666666661161e-03
1.783333333333328181e-03
1.783333333333327964e-03
1.836111111111105639e-03
1.666666666666662003e-03
1.763888888888883637e-03
1.897222222222216597e-03
1.719444444444439462e-03
1.688888888888884091e-03
1.763888888888883420e-03
1.888888888888883098e-03
1.844444444444438705e-03
1.763888888888883420e-03
1.705555555555550657e-03
1.688888888888883874e-03
1.811111111111105790e-03
1.797222222222216552e-03
1.722222222222217223e-03
1.799999999999994963e-03
1.744444444444439093e-03
1.763888888888883420e-03
1.716666666666661267e-03
1.749999999999994832e-03
1.780555555555550420e-03
1.547222222222217631e-03
1.736111111111106244e-03
1.730555555555550289e-03
1.766666666666661398e-03
1.891666666666661075e-03
1.799999999999994530e-03
1.808333333333327813e-03
1.811111111111105574e-03
1.894444444444438836e-03
1.730555555555550289e-03
1.774999999999994681e-03
1.688888888888884091e-03
1.769444444444438942e-03
1.774999999999994681e-03
1.752777777777772593e-03
1.758333333333327898e-03
1.713888888888883940e-03
1.816666666666661312e-03
1.880555555555549815e-03
1.602777777777773284e-03
1.705555555555550440e-03
1.827777777777772139e-03
1.755555555555550354e-03
1.641666666666661938e-03
1.613888888888884111e-03
1.713888888888883940e-03
1.844444444444438705e-03
1.624999999999995155e-03
1.658333333333328503e-03
1.711111111111105962e-03
1.852777777777772205e-03
1.741666666666661549e-03
1.752777777777772376e-03
1.780555555555549986e-03
1.672222222222217091e-03
1.719444444444439462e-03
1.688888888888883874e-03
1.766666666666661181e-03
1.763888888888883420e-03
1.747222222222216854e-03
1.711111111111106179e-03
1.705555555555550874e-03
1.741666666666661333e-03
1.744444444444439310e-03
1.802777777777772508e-03
1.741666666666661766e-03
1.841666666666661161e-03
1.697222222222217374e-03
1.858333333333327944e-03
1.638888888888883960e-03
1.830555555555550117e-03
1.836111111111105422e-03
1.719444444444439245e-03
1.724999999999994767e-03
1.899999999999994141e-03
1.736111111111106027e-03
1.749999999999994615e-03
1.691666666666661852e-03
1.780555555555550420e-03
1.722222222222217223e-03
1.738888888888883788e-03
1.733333333333328266e-03
1.697222222222217157e-03
1.766666666666661398e-03
1.752777777777772593e-03
1.644444444444439482e-03
1.727777777777772744e-03
1.911111111111105402e-03
1.761111111111105876e-03
1.619444444444439850e-03
1.663888888888883809e-03
1.722222222222217006e-03
1.799999999999994747e-03
1.872222222222216749e-03
1.858333333333327727e-03
1.827777777777772139e-03
1.708333333333328418e-03
1.772222222222216920e-03
1.688888888888883874e-03
1.841666666666660944e-03
1.863888888888883249e-03
1.605555555555551045e-03
1.861111111111105705e-03
1.838888888888883183e-03
1.716666666666661484e-03
1.688888888888883874e-03
1.780555555555550420e-03
1.752777777777772593e-03
1.719444444444439462e-03
1.741666666666661333e-03
1.677777777777772830e-03
1.677777777777772613e-03
1.613888888888884111e-03
1.697222222222217374e-03
1.655555555555550742e-03
1.655555555555550526e-03
1.649999999999995004e-03
1.824999999999994812e-03
1.824999999999994378e-03
1.708333333333328418e-03
1.847222222222216683e-03
1.727777777777772744e-03
1.747222222222217071e-03
1.799999999999994747e-03
1.780555555555550203e-03
1.833333333333327661e-03
1.758333333333328115e-03
1.908333333333327858e-03
1.827777777777772356e-03
1.713888888888883723e-03
1.713888888888883940e-03
1.727777777777772528e-03
1.658333333333328503e-03
1.741666666666661333e-03
1.797222222222216986e-03
1.747222222222216854e-03
1.738888888888883788e-03
1.855555555555549749e-03
1.719444444444439462e-03
1.794444444444439225e-03
1.749999999999994832e-03
1.797222222222216986e-03
1.705555555555550657e-03
1.747222222222216854e-03
1.730555555555550289e-03
1.574999999999995457e-03
1.769444444444439376e-03
1.738888888888883572e-03
1.683333333333328135e-03
1.611111111111106350e-03
1.755555555555550571e-03
1.636111111111106416e-03
1.766666666666661398e-03
1.833333333333327878e-03
1.927777777777771968e-03
1.644444444444439482e-03
1.761111111111105876e-03
1.855555555555549966e-03
1.847222222222216683e-03
1.733333333333328050e-03
1.694444444444439396e-03
1.755555555555550354e-03
1.636111111111106416e-03
1.824999999999994595e-03
1.824999999999994595e-03
1.813888888888883335e-03
1.858333333333327944e-03
1.713888888888883940e-03
1.638888888888883960e-03
1.802777777777772291e-03
1.661111111111106264e-03
1.602777777777773284e-03
1.841666666666660944e-03
1.774999999999994681e-03
1.755555555555550354e-03
1.838888888888883183e-03
1.736111111111106027e-03
1.824999999999994595e-03
1.833333333333327661e-03
1.661111111111106048e-03
1.819444444444439073e-03
1.858333333333327727e-03
1.752777777777772376e-03
1.788888888888883703e-03
1.686111111111106113e-03
1.786111111111105725e-03
1.872222222222216965e-03
1.627777777777773133e-03
1.838888888888883183e-03
1.758333333333328115e-03
1.769444444444439376e-03
1.741666666666661549e-03
1.749999999999994832e-03
1.649999999999995220e-03
1.769444444444439376e-03
1.722222222222217006e-03
1.819444444444439073e-03
1.711111111111106179e-03
1.758333333333327898e-03
1.702777777777772896e-03
1.849999999999994444e-03
1.747222222222217071e-03
1.686111111111106113e-03
1.719444444444439462e-03
1.688888888888884091e-03
1.691666666666661852e-03
1.733333333333328050e-03
1.716666666666661484e-03
1.722222222222217006e-03
1.611111111111106350e-03
1.702777777777772896e-03
1.916666666666660924e-03
1.869444444444438988e-03
1.622222222222217611e-03
1.755555555555550571e-03
1.730555555555550505e-03
1.816666666666661312e-03
1.680555555555550374e-03
1.708333333333328201e-03
1.724999999999994550e-03
1.661111111111106264e-03
1.674999999999995069e-03
1.833333333333328095e-03
1.733333333333328266e-03
1.699999999999995135e-03
1.777777777777772659e-03
1.749999999999994615e-03
1.702777777777772679e-03
1.705555555555550657e-03
1.811111111111105574e-03
1.755555555555550354e-03
1.677777777777772830e-03
1.713888888888883723e-03
1.694444444444439396e-03
1.816666666666661312e-03
1.827777777777772139e-03
1.941666666666660773e-03
1.783333333333328181e-03
1.797222222222216769e-03
1.858333333333327727e-03
1.744444444444439093e-03
1.788888888888883486e-03
1.661111111111106048e-03
1.836111111111105422e-03
1.802777777777772291e-03
1.666666666666661786e-03
1.758333333333328115e-03
1.780555555555550420e-03
1.699999999999994918e-03
1.705555555555550440e-03
1.941666666666660773e-03
1.761111111111106093e-03
1.849999999999994227e-03
1.805555555555550485e-03
1.911111111111105402e-03
1.794444444444439225e-03
1.855555555555549966e-03
1.691666666666661635e-03
1.808333333333327813e-03
1.705555555555550440e-03
1.763888888888883420e-03
1.763888888888883420e-03
1.763888888888883420e-03
1.811111111111105790e-03
1.816666666666661312e-03
1.744444444444439310e-03
1.599999999999995089e-03
1.738888888888883572e-03
1.705555555555550657e-03
1.822222222222216834e-03
1.808333333333328029e-03
1.672222222222217091e-03
1.783333333333328181e-03
1.761111111111105659e-03
1.794444444444439008e-03
1.738888888888883572e-03
1.749999999999994832e-03
1.641666666666661721e-03
1.719444444444439462e-03
1.699999999999994918e-03
1.633333333333328655e-03
1.930555555555549729e-03
1.674999999999994852e-03
1.688888888888884091e-03
1.861111111111105488e-03
1.861111111111105705e-03
1.666666666666661569e-03
1.722222222222217223e-03
1.777777777777772442e-03
1.683333333333328135e-03
1.819444444444439073e-03
1.794444444444439225e-03
1.752777777777772376e-03
1.702777777777773113e-03
1.691666666666661852e-03
1.697222222222217374e-03
1.855555555555549966e-03
1.841666666666660944e-03
1.744444444444439093e-03
1.730555555555550289e-03
1.702777777777772896e-03
1.874999999999994293e-03
1.808333333333327813e-03
1.883333333333327576e-03
1.755555555555550137e-03
1.730555555555550505e-03
1.761111111111106093e-03
1.708333333333328418e-03
1.824999999999994595e-03
1.744444444444439093e-03
1.758333333333327898e-03
1.783333333333327964e-03
1.852777777777771988e-03
1.763888888888883420e-03
1.777777777777772876e-03
1.724999999999994767e-03
1.741666666666661549e-03
1.738888888888883572e-03
1.872222222222216749e-03
1.819444444444438857e-03
1.908333333333327424e-03
1.602777777777773067e-03
1.744444444444439310e-03
1.633333333333328655e-03
1.797222222222216986e-03
1.794444444444439008e-03
1.719444444444439462e-03
1.716666666666661917e-03
1.638888888888883960e-03
1.752777777777772593e-03
1.763888888888883637e-03
1.566666666666662175e-03
1.761111111111105659e-03
1.799999999999994530e-03
1.663888888888883809e-03
1.866666666666661227e-03
1.777777777777772442e-03
1.772222222222217137e-03
1.641666666666661938e-03
1.833333333333327661e-03
1.894444444444438620e-03
1.688888888888884091e-03
1.808333333333328029e-03
1.755555555555550137e-03
1.711111111111105962e-03
1.766666666666661398e-03
1.786111111111105725e-03
1.780555555555550203e-03
1.686111111111106330e-03
1.713888888888883940e-03
1.694444444444439613e-03
1.777777777777772442e-03
1.788888888888883486e-03
1.791666666666661464e-03
1.791666666666661247e-03
1.633333333333328438e-03
1.758333333333328115e-03
1.677777777777772613e-03
1.755555555555550137e-03
1.761111111111105659e-03
1.802777777777772508e-03
1.705555555555550657e-03
1.716666666666661701e-03
1.683333333333328569e-03
1.794444444444439225e-03
1.883333333333327793e-03
1.666666666666661569e-03
1.666666666666661786e-03
1.774999999999994898e-03
1.697222222222217374e-03
1.716666666666661484e-03
1.808333333333327813e-03
1.669444444444439330e-03
1.705555555555550440e-03
1.941666666666660773e-03
1.758333333333328115e-03
1.761111111111105876e-03
1.761111111111105659e-03
1.755555555555550354e-03
1.824999999999994378e-03
1.838888888888883400e-03
1.708333333333328418e-03
1.769444444444438942e-03
1.744444444444439093e-03
1.711111111111105962e-03
1.749999999999994832e-03
1.877777777777772487e-03
1.816666666666661312e-03
1.691666666666661852e-03
1.783333333333327964e-03
1.919444444444438685e-03
1.616666666666662089e-03
1.774999999999994681e-03
1.641666666666661721e-03
1.830555555555549900e-03
1.702777777777772896e-03
1.736111111111106027e-03
1.722222222222217223e-03
1.802777777777772508e-03
1.822222222222216834e-03
1.755555555555550571e-03
1.813888888888883551e-03
1.849999999999994444e-03
1.766666666666661181e-03
1.794444444444439441e-03
1.863888888888883466e-03
1.802777777777772291e-03
1.686111111111106330e-03
1.833333333333327878e-03
1.799999999999994530e-03
1.880555555555549815e-03
1.802777777777772508e-03
1.683333333333328135e-03
1.691666666666661635e-03
1.766666666666661615e-03
1.813888888888883551e-03
1.663888888888884025e-03
1.763888888888883637e-03
1.774999999999994898e-03
1.661111111111106264e-03
1.977777777777771449e-03
1.774999999999994898e-03
1.719444444444439245e-03
1.808333333333327813e-03
1.688888888888883874e-03
1.766666666666661181e-03
1.661111111111106048e-03
1.774999999999994681e-03
1.749999999999994832e-03
1.797222222222216769e-03
1.752777777777772593e-03
1.752777777777772376e-03
1.755555555555550137e-03
1.786111111111105942e-03
1.647222222222217460e-03
1.749999999999994615e-03
1.811111111111105790e-03
1.794444444444439225e-03
1.844444444444438705e-03
1.713888888888883723e-03
1.758333333333328115e-03
1.727777777777772744e-03
1.708333333333327984e-03
1.691666666666661852e-03
1.552777777777773153e-03
1.780555555555550420e-03
1.769444444444439376e-03
1.719444444444439245e-03
1.736111111111106027e-03
1.788888888888883486e-03
1.761111111111105876e-03
1.591666666666662023e-03
1.833333333333327878e-03
1.849999999999994444e-03
1.849999999999994227e-03
1.722222222222217006e-03
1.852777777777772205e-03
1.811111111111105790e-03
1.688888888888883874e-03
1.738888888888883572e-03
1.944444444444438968e-03
1.686111111111106330e-03
1.783333333333328181e-03
1.824999999999994595e-03
1.736111111111105811e-03
1.691666666666661852e-03
1.711111111111105962e-03
1.702777777777772896e-03
1.863888888888883466e-03
1.694444444444439396e-03
1.691666666666661635e-03
1.830555555555549900e-03
1.761111111111105876e-03
1.788888888888883703e-03
1.738888888888883788e-03
1.783333333333328181e-03
1.841666666666661161e-03
1.741666666666661549e-03
1.736111111111106244e-03
1.766666666666661398e-03
1.705555555555550657e-03
1.752777777777772593e-03
1.716666666666661701e-03
1.783333333333328181e-03
1.755555555555550354e-03
1.783333333333327964e-03
1.641666666666661938e-03
1.627777777777772916e-03
1.824999999999994378e-03
1.755555555555550354e-03
1.697222222222217374e-03
1.680555555555550591e-03
1.808333333333327813e-03
1.805555555555550269e-03
1.508333333333328760e-03
1.819444444444439073e-03
1.849999999999994227e-03
1.638888888888883960e-03
1.777777777777772659e-03
1.780555555555550420e-03
1.813888888888883551e-03
1.722222222222217006e-03
1.661111111111106048e-03
1.719444444444439028e-03
1.694444444444439396e-03
1.777777777777772876e-03
1.788888888888883703e-03
1.794444444444439225e-03
1.863888888888883466e-03
1.680555555555550374e-03
1.799999999999994747e-03
1.849999999999994444e-03
1.633333333333328655e-03
1.786111111111105725e-03
1.769444444444439376e-03
1.822222222222216834e-03
1.641666666666661721e-03
1.788888888888883703e-03
1.802777777777772508e-03
1.830555555555550117e-03
1.797222222222216986e-03
1.763888888888883637e-03
1.872222222222216749e-03
1.661111111111106264e-03
1.855555555555549749e-03
1.727777777777772528e-03
1.805555555555550269e-03
1.769444444444439376e-03
1.763888888888883420e-03
1.774999999999994681e-03
1.669444444444439547e-03
1.724999999999994767e-03
1.763888888888883420e-03
1.777777777777772659e-03
1.711111111111105962e-03
1.730555555555550289e-03
1.747222222222217071e-03
1.744444444444439310e-03
1.611111111111106350e-03
1.738888888888883572e-03
1.686111111111106113e-03
1.761111111111105876e-03
1.777777777777772442e-03
1.677777777777772830e-03
1.777777777777772442e-03
1.658333333333328503e-03
1.563888888888884414e-03
1.861111111111105705e-03
1.758333333333328115e-03
1.763888888888883420e-03
1.841666666666661161e-03
1.749999999999994615e-03
1.752777777777772376e-03
1.916666666666660924e-03
1.697222222222217157e-03
1.902777777777772119e-03
1.744444444444439310e-03
1.488888888888884434e-03
1.666666666666661569e-03
1.783333333333327964e-03
1.799999999999994530e-03
1.816666666666661096e-03
1.713888888888883723e-03
1.855555555555549966e-03
1.763888888888883420e-03
1.633333333333328438e-03
1.841666666666661161e-03
1.577777777777773002e-03
1.808333333333327813e-03
1.747222222222216854e-03
1.908333333333327641e-03
1.772222222222217137e-03
1.688888888888883874e-03
1.866666666666661010e-03
1.705555555555550440e-03
1.708333333333328201e-03
1.777777777777772442e-03
1.716666666666661701e-03
1.705555555555550440e-03
1.772222222222216920e-03
1.799999999999994747e-03
1.741666666666661333e-03
1.766666666666661398e-03
1.741666666666661333e-03
1.766666666666661181e-03
1.761111111111105659e-03
1.686111111111106113e-03
1.766666666666661181e-03
1.874999999999994726e-03
1.777777777777772659e-03
1.774999999999994681e-03
1.874999999999994510e-03
1.797222222222216986e-03
1.827777777777772573e-03
1.705555555555550440e-03
1.799999999999994747e-03
1.788888888888883703e-03
1.813888888888883551e-03
1.736111111111105811e-03
1.611111111111106350e-03
1.788888888888883703e-03
1.647222222222217243e-03
1.691666666666661635e-03
1.749999999999994832e-03
1.769444444444439376e-03
1.766666666666661398e-03
1.738888888888883788e-03
1.594444444444439784e-03
1.905555555555549663e-03
1.727777777777772528e-03
1.724999999999994767e-03
1.758333333333327898e-03
1.641666666666661721e-03
1.680555555555550591e-03
1.777777777777772659e-03
1.808333333333328029e-03
1.719444444444439462e-03
1.905555555555549880e-03
1.791666666666661464e-03
1.877777777777772271e-03
1.716666666666661701e-03
1.847222222222216466e-03
1.699999999999995135e-03
1.669444444444439330e-03
1.808333333333327813e-03
1.788888888888883486e-03
1.869444444444438988e-03
1.686111111111106330e-03
1.855555555555549966e-03
1.747222222222217071e-03
1.680555555555550591e-03
1.719444444444439245e-03
1.636111111111106199e-03
1.869444444444438988e-03
1.758333333333327898e-03
1.697222222222217374e-03
1.783333333333328398e-03
1.702777777777772896e-03
1.688888888888883874e-03
1.688888888888883874e-03
1.641666666666661938e-03
1.805555555555550269e-03
1.744444444444439093e-03
1.733333333333328266e-03
1.758333333333328115e-03
1.683333333333328569e-03
1.727777777777772528e-03
1.777777777777772442e-03
1.772222222222217137e-03
1.811111111111105574e-03
1.808333333333328029e-03
1.744444444444439093e-03
1.833333333333327878e-03
1.577777777777773002e-03
1.658333333333328287e-03
1.872222222222216532e-03
1.749999999999994615e-03
1.744444444444439310e-03
1.747222222222217071e-03
1.833333333333327878e-03
1.708333333333328201e-03
1.861111111111105705e-03
1.638888888888884177e-03
1.780555555555550420e-03
1.758333333333327898e-03
1.788888888888883703e-03
1.722222222222217223e-03
1.649999999999995004e-03
1.733333333333328050e-03
1.861111111111105705e-03
1.811111111111105574e-03
1.686111111111106113e-03
1.699999999999995135e-03
1.697222222222217374e-03
1.830555555555549900e-03
1.902777777777771902e-03
1.758333333333328115e-03
1.761111111111105876e-03
1.741666666666661549e-03
1.752777777777772376e-03
1.733333333333328050e-03
1.658333333333328287e-03
1.741666666666661549e-03
1.755555555555550137e-03
1.741666666666661549e-03
1.922222222222216446e-03
1.805555555555550052e-03
1.680555555555550591e-03
1.888888888888883314e-03
2.122222222222215886e-03
2.249999999999993325e-03
2.436111111111103743e-03
2.591666666666658791e-03
2.747222222222213839e-03
2.777777777777769210e-03
2.663888888888880577e-03
3.024999999999990370e-03
3.372222222222211359e-03
3.269444444444434637e-03
3.236111111111101071e-03
3.324999999999989856e-03
3.494444444444433709e-03
3.386111111111101031e-03
3.491666666666655948e-03
3.605555555555544148e-03
3.511111111111099841e-03
3.383333333333323270e-03
3.494444444444433275e-03
3.463888888888878338e-03
3.711111111111099498e-03
3.561111111111099972e-03
3.649999999999988757e-03
3.627777777777766669e-03
3.683333333333321455e-03
3.683333333333321889e-03
3.613888888888877864e-03
3.616666666666655192e-03
3.674999999999988606e-03
3.622222222222211147e-03
3.544444444444433840e-03
3.763888888888877390e-03
3.786111111111099478e-03
3.622222222222211147e-03
3.808333333333321132e-03
3.780555555555543956e-03
3.702777777777766215e-03
3.705555555555543976e-03
3.602777777777766820e-03
3.780555555555543523e-03
3.666666666666654889e-03
3.699999999999988454e-03
3.936111111111098571e-03
3.924999999999987527e-03
3.774999999999988001e-03
3.702777777777765782e-03
3.761111111111099196e-03
3.574999999999988777e-03
3.538888888888877884e-03
3.691666666666654738e-03
3.919444444444432005e-03
3.755555555555544107e-03
3.797222222222210522e-03
3.716666666666655454e-03
3.702777777777766215e-03
3.611111111111100103e-03
3.666666666666654889e-03
3.705555555555543543e-03
3.594444444444433538e-03
3.763888888888877390e-03
3.752777777777766346e-03
3.705555555555543543e-03
3.591666666666655777e-03
3.533333333333322362e-03
3.691666666666655171e-03
3.730555555555544259e-03
3.613888888888877864e-03
3.580555555555544733e-03
3.672222222222210411e-03
3.616666666666655192e-03
3.527777777777766841e-03
3.624999999999988908e-03
3.661111111111099801e-03
3.508333333333322080e-03
3.588888888888878016e-03
3.527777777777766407e-03
3.769444444444432912e-03
3.769444444444432912e-03
3.555555555555544450e-03
3.644444444444433235e-03
3.455555555555544622e-03
3.552777777777767123e-03
3.580555555555544733e-03
3.624999999999988908e-03
3.372222222222211359e-03
3.405555555555544924e-03
3.374999999999989987e-03
3.561111111111099972e-03
3.486111111111100426e-03
3.486111111111099992e-03
3.630555555555544430e-03
3.616666666666655192e-03
3.374999999999989987e-03
3.530555555555544602e-03
3.594444444444433104e-03
3.599999999999989059e-03
3.563888888888878167e-03
3.583333333333322494e-03
3.608333333333322342e-03
3.622222222222211147e-03
3.499999999999989231e-03
3.444444444444433578e-03
3.594444444444433538e-03
3.602777777777766387e-03
3.452777777777766861e-03
3.513888888888877602e-03
3.511111111111100275e-03
3.327777777777767183e-03
3.463888888888878338e-03
3.458333333333322816e-03
3.427777777777767446e-03
3.299999999999990007e-03
3.508333333333322080e-03
3.577777777777766538e-03
3.444444444444434011e-03
3.486111111111100426e-03
3.452777777777767294e-03
3.427777777777767446e-03
3.399999999999989402e-03
3.552777777777766689e-03
3.408333333333323119e-03
3.344444444444433749e-03
3.449999999999989533e-03
3.347222222222211510e-03
3.449999999999989100e-03
3.416666666666656402e-03
3.305555555555545529e-03
3.291666666666656291e-03
3.433333333333322534e-03
3.333333333333322705e-03
3.402777777777767597e-03
3.424999999999989685e-03
3.336111111111100900e-03
3.452777777777767294e-03
3.530555555555544602e-03
3.322222222222211661e-03
3.430555555555545207e-03
3.338888888888878661e-03
3.252777777777767637e-03
3.366666666666656271e-03
3.297222222222212246e-03
3.313888888888878812e-03
3.647222222222210996e-03
3.374999999999989987e-03
3.199999999999990179e-03
3.277777777777767486e-03
3.419444444444434163e-03
3.269444444444434637e-03
3.291666666666656291e-03
3.366666666666656271e-03
3.361111111111100315e-03
3.369444444444434465e-03
3.161111111111101091e-03
3.499999999999989231e-03
3.274999999999989725e-03
3.172222222222212135e-03
3.480555555555544904e-03
3.347222222222211510e-03
3.336111111111100900e-03
3.272222222222211964e-03
3.272222222222211964e-03
3.158333333333323330e-03
3.258333333333323159e-03
3.186111111111101374e-03
3.166666666666656613e-03
3.311111111111100617e-03
3.302777777777767335e-03
3.444444444444433578e-03
3.241666666666656593e-03
3.258333333333323593e-03
3.394444444444434314e-03
3.249999999999990310e-03
3.186111111111100940e-03
3.252777777777768071e-03
3.291666666666656291e-03
3.194444444444434223e-03
3.238888888888878832e-03
2.999999999999990521e-03
3.036111111111101848e-03
3.033333333333324087e-03
3.227777777777767788e-03
3.238888888888878832e-03
3.113888888888879155e-03
3.366666666666656271e-03
3.374999999999989553e-03
3.211111111111101223e-03
3.199999999999990612e-03
3.255555555555545832e-03
3.158333333333323764e-03
3.052777777777768414e-03
3.088888888888879306e-03
3.255555555555545398e-03
3.130555555555546154e-03
3.052777777777768414e-03
3.133333333333323482e-03
3.238888888888878832e-03
3.136111111111101243e-03
3.105555555555546306e-03
3.194444444444434223e-03
3.108333333333323633e-03
3.069444444444434979e-03
3.138888888888879004e-03
3.252777777777767637e-03
3.049999999999990653e-03
3.161111111111101091e-03
3.133333333333323482e-03
2.983333333333323956e-03
3.172222222222212135e-03
3.108333333333323633e-03
2.972222222222213345e-03
3.008333333333323804e-03
3.091666666666657067e-03
3.208333333333323462e-03
3.144444444444434526e-03
3.052777777777768414e-03
3.194444444444434657e-03
3.222222222222212266e-03
3.055555555555546608e-03
2.899999999999991127e-03
3.097222222222212589e-03
3.044444444444435131e-03
3.086111111111101979e-03
3.174999999999989896e-03
2.997222222222212761e-03
3.180555555555545418e-03
3.033333333333324087e-03
3.019444444444435282e-03
2.980555555555546195e-03
3.230555555555545983e-03
3.116666666666656916e-03
3.230555555555545983e-03
3.080555555555546023e-03
2.913888888888879931e-03
2.936111111111102019e-03
2.905555555555546648e-03
3.111111111111101394e-03
3.063888888888879024e-03
3.019444444444434848e-03
2.894444444444435605e-03
3.047222222222212892e-03
3.133333333333323482e-03
3.061111111111101696e-03
3.099999999999990350e-03
2.858333333333324712e-03
2.902777777777768888e-03
3.016666666666657087e-03
3.177777777777767657e-03
2.708333333333325186e-03
2.972222222222212912e-03
2.924999999999990975e-03
2.897222222222213366e-03
3.108333333333323633e-03
2.863888888888880234e-03
2.866666666666657995e-03
3.047222222222213325e-03
3.094444444444434828e-03
2.897222222222213366e-03
2.961111111111101868e-03
2.797222222222213537e-03
3.052777777777768414e-03
2.952777777777769019e-03
2.924999999999990975e-03
3.002777777777768282e-03
3.047222222222213325e-03
2.933333333333324258e-03
2.758333333333324883e-03
2.963888888888880063e-03
2.991666666666657672e-03
2.958333333333324107e-03
3.049999999999991086e-03
2.905555555555546648e-03
3.105555555555545872e-03
3.044444444444435131e-03
2.736111111111102796e-03
2.988888888888879478e-03
2.933333333333324258e-03
2.894444444444435605e-03
2.869444444444435756e-03
2.736111111111102796e-03
2.972222222222213345e-03
2.908333333333324843e-03
2.936111111111102019e-03
3.144444444444434526e-03
2.952777777777768585e-03
2.930555555555546497e-03
2.916666666666658126e-03
2.886111111111102322e-03
2.766666666666657733e-03
2.786111111111102493e-03
2.772222222222213688e-03
2.947222222222213063e-03
2.999999999999990955e-03
3.072222222222213174e-03
2.863888888888880234e-03
2.936111111111102019e-03
2.686111111111103098e-03
2.788888888888880254e-03
2.694444444444436381e-03
2.924999999999990975e-03
2.938888888888880214e-03
2.816666666666657864e-03
2.794444444444435776e-03
2.741666666666657884e-03
2.880555555555546800e-03
2.761111111111102644e-03
2.830555555555546235e-03
2.819444444444435625e-03
2.849999999999990995e-03
3.005555555555546043e-03
2.722222222222214424e-03
2.930555555555546497e-03
2.847222222222213234e-03
2.772222222222213688e-03
2.861111111111102473e-03
2.969444444444435151e-03
2.902777777777768888e-03
2.758333333333324883e-03
2.844444444444435473e-03
2.858333333333324712e-03
2.783333333333324732e-03
2.722222222222213991e-03
2.608333333333325357e-03
2.808333333333325015e-03
2.727777777777769513e-03
2.922222222222213214e-03
2.827777777777768908e-03
2.719444444444436230e-03
2.749999999999991600e-03
2.708333333333325186e-03
2.774999999999991449e-03
2.849999999999990995e-03
2.861111111111102473e-03
2.797222222222213537e-03
2.677777777777769382e-03
2.736111111111102796e-03
2.722222222222213991e-03
2.811111111111102342e-03
2.758333333333324883e-03
2.733333333333325468e-03
2.691666666666658620e-03
2.661111111111102382e-03
2.961111111111101868e-03
2.652777777777769533e-03
2.705555555555547425e-03
2.669444444444435665e-03
2.758333333333325317e-03
2.727777777777769513e-03
2.686111111111103098e-03
2.624999999999991923e-03
2.830555555555546669e-03
2.899999999999991127e-03
2.994444444444435000e-03
2.808333333333324581e-03
2.588888888888881031e-03
2.686111111111103098e-03
2.702777777777769664e-03
2.688888888888880859e-03
2.799999999999991298e-03
2.516666666666659245e-03
2.644444444444436250e-03
2.480555555555547919e-03
2.638888888888880728e-03
2.691666666666658620e-03
2.697222222222214142e-03
2.638888888888880728e-03
2.636111111111103401e-03
2.705555555555547425e-03
2.605555555555547596e-03
2.666666666666658338e-03
2.647222222222214011e-03
2.769444444444435927e-03
2.874999999999991278e-03
2.708333333333325186e-03
2.755555555555547122e-03
2.886111111111102322e-03
2.627777777777769684e-03
2.558333333333325660e-03
2.672222222222213860e-03
2.630555555555547445e-03
2.841666666666657712e-03
2.772222222222213688e-03
2.686111111111103098e-03
2.805555555555546820e-03
2.630555555555547445e-03
2.655555555555547294e-03
2.802777777777769493e-03
2.574999999999992226e-03
2.644444444444436250e-03
2.752777777777769361e-03
2.680555555555547576e-03
2.613888888888880879e-03
2.538888888888881333e-03
2.536111111111103572e-03
2.502777777777770874e-03
2.622222222222214162e-03
2.641666666666658923e-03
2.513888888888881484e-03
2.697222222222214142e-03
2.649999999999991772e-03
2.672222222222214293e-03
2.688888888888880859e-03
2.602777777777769835e-03
2.627777777777769684e-03
2.608333333333325357e-03
2.641666666666658489e-03
2.769444444444435927e-03
2.702777777777769664e-03
2.638888888888880294e-03
2.655555555555547294e-03
2.694444444444436381e-03
2.538888888888881333e-03
2.563888888888881182e-03
2.619444444444436401e-03
2.419444444444437178e-03
2.630555555555547445e-03
2.402777777777771046e-03
2.688888888888880859e-03
2.608333333333325791e-03
2.627777777777769684e-03
2.752777777777769361e-03
2.549999999999992377e-03
2.569444444444436704e-03
2.472222222222215070e-03
2.502777777777770007e-03
2.527777777777770289e-03
2.702777777777769664e-03
2.455555555555548070e-03
2.572222222222214465e-03
2.416666666666659417e-03
2.513888888888881484e-03
2.636111111111102967e-03
2.458333333333325831e-03
2.594444444444436552e-03
2.722222222222213991e-03
2.602777777777769835e-03
2.538888888888881333e-03
2.572222222222214465e-03
2.555555555555547899e-03
2.527777777777770289e-03
2.574999999999992226e-03
2.588888888888881031e-03
2.572222222222214465e-03
2.574999999999992226e-03
2.586111111111103270e-03
2.538888888888881333e-03
2.574999999999992226e-03
2.583333333333325509e-03
2.505555555555548201e-03
2.519444444444437006e-03
2.627777777777769684e-03
2.508333333333325962e-03
2.616666666666658640e-03
2.697222222222214142e-03
2.569444444444436704e-03
2.511111111111103723e-03
2.572222222222214465e-03
2.677777777777769382e-03
2.561111111111103421e-03
2.466666666666659114e-03
2.427777777777770461e-03
2.683333333333325337e-03
2.505555555555548201e-03
2.474999999999992397e-03
2.583333333333325509e-03
2.619444444444436401e-03
2.636111111111102967e-03
2.494444444444436724e-03
2.608333333333325357e-03
2.508333333333325962e-03
2.538888888888881333e-03
2.522222222222214334e-03
2.541666666666659094e-03
2.638888888888880728e-03
2.583333333333325509e-03
2.613888888888881313e-03
2.488888888888881202e-03
2.336111111111104349e-03
2.480555555555547919e-03
2.549999999999992377e-03
2.474999999999992397e-03
2.549999999999992377e-03
2.602777777777769835e-03
2.555555555555547899e-03
2.291666666666659739e-03
2.588888888888881031e-03
2.405555555555548373e-03
2.469444444444436875e-03
2.369444444444437480e-03
2.524999999999992528e-03
2.624999999999991923e-03
2.436111111111103743e-03
2.230555555555548564e-03
2.408333333333326134e-03
2.391666666666659568e-03
2.474999999999992397e-03
2.541666666666659094e-03
2.594444444444436552e-03
2.488888888888881202e-03
2.472222222222214636e-03
