5.805555555555542112e-04
6.694444444444427791e-04
7.638888888888868689e-04
7.416666666666646727e-04
8.083333333333311528e-04
8.555555555555533062e-04
9.472222222222196350e-04
1.086111111111108226e-03
1.069444444444441443e-03
1.144444444444441206e-03
1.174999999999996794e-03
1.249999999999996340e-03
1.330555555555551842e-03
1.344444444444440646e-03
1.322222222222218342e-03
1.316666666666662820e-03
1.352777777777774146e-03
1.388888888888885039e-03
1.369444444444440278e-03
1.358333333333329451e-03
1.480555555555551368e-03
1.527777777777773304e-03
1.583333333333328740e-03
1.430555555555551670e-03
1.505555555555551000e-03
1.522222222222217782e-03
1.477777777777773390e-03
1.624999999999995155e-03
1.580555555555550763e-03
1.574999999999995241e-03
1.513888888888884499e-03
1.588888888888884045e-03
1.613888888888884328e-03
1.616666666666662089e-03
1.519444444444440021e-03
1.602777777777772850e-03
1.591666666666662023e-03
1.552777777777773370e-03
1.558333333333328675e-03
1.605555555555551045e-03
1.672222222222217308e-03
1.649999999999995220e-03
1.558333333333328675e-03
1.502777777777773239e-03
1.644444444444439482e-03
1.727777777777772744e-03
1.747222222222217288e-03
1.622222222222217394e-03
1.616666666666661872e-03
1.716666666666661484e-03
1.658333333333328287e-03
1.661111111111105831e-03
1.649999999999995004e-03
1.811111111111105790e-03
1.588888888888884045e-03
1.655555555555550742e-03
1.599999999999995523e-03
1.672222222222217091e-03
1.711111111111105962e-03
1.566666666666661958e-03
1.569444444444439719e-03
1.669444444444439547e-03
1.705555555555550440e-03
1.616666666666662089e-03
1.680555555555550374e-03
1.738888888888883788e-03
1.749999999999994832e-03
1.677777777777772613e-03
1.772222222222216920e-03
1.719444444444439245e-03
1.758333333333327898e-03
1.599999999999995523e-03
1.713888888888883723e-03
1.647222222222217243e-03
1.666666666666661786e-03
1.669444444444439330e-03
1.705555555555550440e-03
1.688888888888884091e-03
1.719444444444439462e-03
1.599999999999995523e-03
1.747222222222217071e-03
1.758333333333328115e-03
1.744444444444439310e-03
1.713888888888883723e-03
1.677777777777772613e-03
1.691666666666661852e-03
1.699999999999995135e-03
1.755555555555550354e-03
1.816666666666661096e-03
1.738888888888883788e-03
1.616666666666661872e-03
1.766666666666661181e-03
1.686111111111106113e-03
1.769444444444439376e-03
1.719444444444439678e-03
1.824999999999994378e-03
1.669444444444439547e-03
1.727777777777772528e-03
1.669444444444439330e-03
1.758333333333328115e-03
1.777777777777772442e-03
1.722222222222217006e-03
1.772222222222217137e-03
1.622222222222217394e-03
1.652777777777772981e-03
1.624999999999995155e-03
1.638888888888883960e-03
1.738888888888883788e-03
1.722222222222217223e-03
1.724999999999994767e-03
1.791666666666661464e-03
1.777777777777772442e-03
1.791666666666661464e-03
1.622222222222217394e-03
1.702777777777772896e-03
1.652777777777772765e-03
1.619444444444439850e-03
1.708333333333328418e-03
1.766666666666661181e-03
1.713888888888883940e-03
1.677777777777772613e-03
1.769444444444438942e-03
1.777777777777772442e-03
1.574999999999995457e-03
1.697222222222217157e-03
1.713888888888883940e-03
1.686111111111106547e-03
1.624999999999995155e-03
1.855555555555549749e-03
1.799999999999994530e-03
1.758333333333328115e-03
1.724999999999994767e-03
1.741666666666661549e-03
1.761111111111105659e-03
1.688888888888883874e-03
1.733333333333328483e-03
1.738888888888883572e-03
1.758333333333327898e-03
1.744444444444439310e-03
1.674999999999994852e-03
1.802777777777772291e-03
1.627777777777773133e-03
1.624999999999995155e-03
1.747222222222217071e-03
1.786111111111105725e-03
1.663888888888884025e-03
1.786111111111105725e-03
1.716666666666661701e-03
1.752777777777772376e-03
1.691666666666661635e-03
1.613888888888884111e-03
1.686111111111106113e-03
1.749999999999994615e-03
1.772222222222216920e-03
1.736111111111105811e-03
1.763888888888883420e-03
1.691666666666661852e-03
1.713888888888883723e-03
1.561111111111106436e-03
1.747222222222216854e-03
1.591666666666662023e-03
1.669444444444439330e-03
1.616666666666661872e-03
1.822222222222216617e-03
1.805555555555550269e-03
1.694444444444439613e-03
1.669444444444439547e-03
1.599999999999995306e-03
1.733333333333328050e-03
1.644444444444439482e-03
1.786111111111105942e-03
1.686111111111106113e-03
1.722222222222217223e-03
1.808333333333328029e-03
1.669444444444439547e-03
1.786111111111106159e-03
1.647222222222217243e-03
1.686111111111106113e-03
1.772222222222217354e-03
1.686111111111106330e-03
1.774999999999994898e-03
1.661111111111106048e-03
1.602777777777773284e-03
1.691666666666661635e-03
1.647222222222217460e-03
1.638888888888884177e-03
1.677777777777772830e-03
1.774999999999994681e-03
1.613888888888884111e-03
1.694444444444439613e-03
1.683333333333328135e-03
1.666666666666661569e-03
1.708333333333328418e-03
1.708333333333328201e-03
1.758333333333328115e-03
1.758333333333328115e-03
1.633333333333328438e-03
1.808333333333328029e-03
1.766666666666661398e-03
1.677777777777772613e-03
1.763888888888883637e-03
1.686111111111106113e-03
1.649999999999995004e-03
1.619444444444439850e-03
1.719444444444439245e-03
1.749999999999994615e-03
1.741666666666661333e-03
1.591666666666662023e-03
1.588888888888884045e-03
1.772222222222216920e-03
1.744444444444439310e-03
1.641666666666661504e-03
1.624999999999995155e-03
1.774999999999994898e-03
1.749999999999994615e-03
1.708333333333328418e-03
1.708333333333328418e-03
1.661111111111106048e-03
1.697222222222217157e-03
1.699999999999995135e-03
1.780555555555550203e-03
1.763888888888883637e-03
1.666666666666661569e-03
1.763888888888883637e-03
1.663888888888883809e-03
1.702777777777772679e-03
1.786111111111105942e-03
1.611111111111106567e-03
1.755555555555550354e-03
1.658333333333328287e-03
1.669444444444439330e-03
1.691666666666661635e-03
1.599999999999995306e-03
1.783333333333328181e-03
1.724999999999994767e-03
1.663888888888883809e-03
1.763888888888883637e-03
1.602777777777773067e-03
1.702777777777772679e-03
1.605555555555551045e-03
1.708333333333328418e-03
1.638888888888884177e-03
1.699999999999995135e-03
1.738888888888883572e-03
1.669444444444439330e-03
1.663888888888884025e-03
1.827777777777772139e-03
1.636111111111106416e-03
1.669444444444439330e-03
1.830555555555550117e-03
1.744444444444439310e-03
1.849999999999994227e-03
1.580555555555550763e-03
1.874999999999994510e-03
1.730555555555550289e-03
1.638888888888883960e-03
1.538888888888884348e-03
1.788888888888883703e-03
1.802777777777772508e-03
1.666666666666661786e-03
1.802777777777772508e-03
1.644444444444439482e-03
1.708333333333328635e-03
1.649999999999995220e-03
1.669444444444439330e-03
1.602777777777773284e-03
1.733333333333328050e-03
1.719444444444439462e-03
1.694444444444439613e-03
1.647222222222217243e-03
1.713888888888883723e-03
1.655555555555550742e-03
1.602777777777773284e-03
1.702777777777772679e-03
1.694444444444439613e-03
1.611111111111106567e-03
1.702777777777772679e-03
1.755555555555550354e-03
1.836111111111105639e-03
1.763888888888883637e-03
1.644444444444439482e-03
1.772222222222216920e-03
1.661111111111106048e-03
1.619444444444439633e-03
1.733333333333328050e-03
1.758333333333328115e-03
1.644444444444439699e-03
1.552777777777773153e-03
1.663888888888883809e-03
1.594444444444439567e-03
1.722222222222217006e-03
1.816666666666661096e-03
1.605555555555550828e-03
1.705555555555550657e-03
1.597222222222217328e-03
1.677777777777772830e-03
1.691666666666661635e-03
1.777777777777772442e-03
1.688888888888884091e-03
1.819444444444439073e-03
1.858333333333327944e-03
1.722222222222217006e-03
1.705555555555550657e-03
1.699999999999994918e-03
1.588888888888884045e-03
1.724999999999994767e-03
1.580555555555550979e-03
1.649999999999995004e-03
1.691666666666661635e-03
1.669444444444439547e-03
1.724999999999994984e-03
1.580555555555550763e-03
1.708333333333328201e-03
1.666666666666661786e-03
1.666666666666661786e-03
1.519444444444440021e-03
1.761111111111105659e-03
1.766666666666661398e-03
1.694444444444439396e-03
1.680555555555550591e-03
1.713888888888883940e-03
1.680555555555550374e-03
1.677777777777772613e-03
1.599999999999995306e-03
1.608333333333328806e-03
1.647222222222217460e-03
1.761111111111105876e-03
1.794444444444439225e-03
1.624999999999995372e-03
1.563888888888884414e-03
1.624999999999995372e-03
1.697222222222217374e-03
1.874999999999994726e-03
1.755555555555550137e-03
1.763888888888883637e-03
1.861111111111105705e-03
1.633333333333328655e-03
1.688888888888883874e-03
1.699999999999994918e-03
1.713888888888883940e-03
1.730555555555550505e-03
1.652777777777772765e-03
1.630555555555550460e-03
1.799999999999994530e-03
1.733333333333328266e-03
1.641666666666661721e-03
1.677777777777773047e-03
1.641666666666661721e-03
1.716666666666661484e-03
1.752777777777772593e-03
1.636111111111106416e-03
1.713888888888883940e-03
1.619444444444440067e-03
1.644444444444439699e-03
1.641666666666662154e-03
1.683333333333328135e-03
1.724999999999994767e-03
1.713888888888883723e-03
1.730555555555550505e-03
1.799999999999994747e-03
1.627777777777773133e-03
1.669444444444439330e-03
1.658333333333328503e-03
1.658333333333328503e-03
1.708333333333328418e-03
1.711111111111106396e-03
1.622222222222217394e-03
1.752777777777772376e-03
1.652777777777772765e-03
1.761111111111105876e-03
1.763888888888883420e-03
1.805555555555550269e-03
1.786111111111105942e-03
1.697222222222217157e-03
1.738888888888883572e-03
1.622222222222217611e-03
1.666666666666661786e-03
1.624999999999995155e-03
1.699999999999994918e-03
1.691666666666661852e-03
1.649999999999995220e-03
1.702777777777772896e-03
1.713888888888883723e-03
1.686111111111106113e-03
1.780555555555550420e-03
1.647222222222217243e-03
1.819444444444439073e-03
1.733333333333328050e-03
1.516666666666662260e-03
1.752777777777772376e-03
1.755555555555550137e-03
1.719444444444439462e-03
1.533333333333328826e-03
1.722222222222217223e-03
1.672222222222217091e-03
1.719444444444439245e-03
1.794444444444439225e-03
1.708333333333328201e-03
1.697222222222217157e-03
1.677777777777772830e-03
1.611111111111106350e-03
1.683333333333328135e-03
1.783333333333328181e-03
1.786111111111105942e-03
1.569444444444439936e-03
1.741666666666661333e-03
1.619444444444439633e-03
1.716666666666661484e-03
1.686111111111106113e-03
1.777777777777772659e-03
1.691666666666661635e-03
1.624999999999995155e-03
1.722222222222217223e-03
1.705555555555550657e-03
1.733333333333328050e-03
1.716666666666661701e-03
1.677777777777772830e-03
1.824999999999994595e-03
1.763888888888883637e-03
1.816666666666661096e-03
1.752777777777772376e-03
1.649999999999995004e-03
1.749999999999994832e-03
1.647222222222217243e-03
1.663888888888884025e-03
1.694444444444439396e-03
1.630555555555550894e-03
1.752777777777772376e-03
1.655555555555550742e-03
1.761111111111105659e-03
1.511111111111106955e-03
1.755555555555550354e-03
1.652777777777772981e-03
1.716666666666661701e-03
1.602777777777773067e-03
1.591666666666662023e-03
1.661111111111106048e-03
1.677777777777772613e-03
1.727777777777772528e-03
1.630555555555550894e-03
1.683333333333328135e-03
1.691666666666661635e-03
1.663888888888883809e-03
1.527777777777773304e-03
1.633333333333328438e-03
1.763888888888883637e-03
1.755555555555550354e-03
1.672222222222217308e-03
1.669444444444439547e-03
1.794444444444439225e-03
1.705555555555550440e-03
1.708333333333328201e-03
1.711111111111105962e-03
1.619444444444439633e-03
1.752777777777772376e-03
1.816666666666661312e-03
1.658333333333328503e-03
1.683333333333328569e-03
1.605555555555550828e-03
1.597222222222217762e-03
1.713888888888883723e-03
1.719444444444439462e-03
1.680555555555550591e-03
1.669444444444439330e-03
1.824999999999994378e-03
1.719444444444439462e-03
1.736111111111106027e-03
1.699999999999995135e-03
1.697222222222217157e-03
1.888888888888883098e-03
1.699999999999994918e-03
1.758333333333328115e-03
1.788888888888883703e-03
1.747222222222216854e-03
1.622222222222217611e-03
1.691666666666661635e-03
1.805555555555550269e-03
1.672222222222217091e-03
1.649999999999995004e-03
1.613888888888884111e-03
1.641666666666661938e-03
1.616666666666662306e-03
1.644444444444439482e-03
1.713888888888883723e-03
1.649999999999995220e-03
1.855555555555549966e-03
1.711111111111105962e-03
1.663888888888884025e-03
1.716666666666661701e-03
1.747222222222217071e-03
1.797222222222216769e-03
1.661111111111106264e-03
1.755555555555550137e-03
1.736111111111106027e-03
1.730555555555550505e-03
1.599999999999995523e-03
1.680555555555550591e-03
1.655555555555550742e-03
1.722222222222217223e-03
1.724999999999995200e-03
1.624999999999995155e-03
1.647222222222217243e-03
1.702777777777772896e-03
1.677777777777772830e-03
1.672222222222217091e-03
1.738888888888883572e-03
1.636111111111106416e-03
1.697222222222217157e-03
1.791666666666661464e-03
1.661111111111106048e-03
1.819444444444439290e-03
1.627777777777773133e-03
1.719444444444439462e-03
1.736111111111105811e-03
1.674999999999995069e-03
1.747222222222217071e-03
1.599999999999995523e-03
1.736111111111105811e-03
1.655555555555550526e-03
1.763888888888883637e-03
1.677777777777772613e-03
1.697222222222217374e-03
1.777777777777772659e-03
1.819444444444438857e-03
1.780555555555550203e-03
1.763888888888883420e-03
1.705555555555550874e-03
1.822222222222216834e-03
1.713888888888883940e-03
1.674999999999995286e-03
1.691666666666661635e-03
1.588888888888884262e-03
1.774999999999994681e-03
1.791666666666661247e-03
1.749999999999994832e-03
1.697222222222217157e-03
1.763888888888883420e-03
1.583333333333328524e-03
1.727777777777772961e-03
1.738888888888883572e-03
1.702777777777772896e-03
1.822222222222216834e-03
1.674999999999995069e-03
1.716666666666661484e-03
1.658333333333328287e-03
1.699999999999994918e-03
1.697222222222217374e-03
1.644444444444439482e-03
1.749999999999994615e-03
1.774999999999994898e-03
1.666666666666661786e-03
1.694444444444439613e-03
1.688888888888884091e-03
1.799999999999994747e-03
1.669444444444439547e-03
1.694444444444439613e-03
1.672222222222217091e-03
1.599999999999995523e-03
1.822222222222216617e-03
1.616666666666661872e-03
1.661111111111106048e-03
1.772222222222217137e-03
1.683333333333328569e-03
1.730555555555550505e-03
1.686111111111106113e-03
1.677777777777772613e-03
1.713888888888883940e-03
1.697222222222217374e-03
1.708333333333328201e-03
1.586111111111106284e-03
1.711111111111105962e-03
1.674999999999995069e-03
1.816666666666661312e-03
1.647222222222217243e-03
1.727777777777772528e-03
1.602777777777773067e-03
1.594444444444439567e-03
1.786111111111105725e-03
1.672222222222217091e-03
1.680555555555550374e-03
1.627777777777772916e-03
1.580555555555550763e-03
1.755555555555550354e-03
1.644444444444439699e-03
1.686111111111106330e-03
1.708333333333328201e-03
1.683333333333328569e-03
1.697222222222217157e-03
1.686111111111106113e-03
1.666666666666661569e-03
1.730555555555550289e-03
1.683333333333328569e-03
1.594444444444439784e-03
1.766666666666661398e-03
1.672222222222217091e-03
1.663888888888883809e-03
1.716666666666661484e-03
1.749999999999994615e-03
1.702777777777772679e-03
1.644444444444439482e-03
1.666666666666661569e-03
1.755555555555550354e-03
1.774999999999994898e-03
1.644444444444439699e-03
1.694444444444439613e-03
1.666666666666661786e-03
1.722222222222217006e-03
1.597222222222217328e-03
1.747222222222217071e-03
1.741666666666661333e-03
1.699999999999995135e-03
1.788888888888883486e-03
1.736111111111105811e-03
1.624999999999995372e-03
1.661111111111105831e-03
1.711111111111106179e-03
1.658333333333328287e-03
1.774999999999994681e-03
1.683333333333328569e-03
1.633333333333328872e-03
1.683333333333328135e-03
1.730555555555550505e-03
1.749999999999994832e-03
1.761111111111105876e-03
1.799999999999994747e-03
1.677777777777772830e-03
1.713888888888883723e-03
1.680555555555550591e-03
1.769444444444439376e-03
1.561111111111106436e-03
1.652777777777772765e-03
1.549999999999995392e-03
1.705555555555550657e-03
1.661111111111106264e-03
1.683333333333328135e-03
1.619444444444439633e-03
1.855555555555549966e-03
1.636111111111106199e-03
1.747222222222217071e-03
1.719444444444439462e-03
1.749999999999994615e-03
1.708333333333328201e-03
1.744444444444439093e-03
1.744444444444439310e-03
1.755555555555550354e-03
1.702777777777772679e-03
1.727777777777772744e-03
1.699999999999995135e-03
1.605555555555550828e-03
1.838888888888883183e-03
1.733333333333328266e-03
1.691666666666661635e-03
1.677777777777772830e-03
1.658333333333328287e-03
1.647222222222217460e-03
1.755555555555550137e-03
1.769444444444439593e-03
1.683333333333328135e-03
1.683333333333328569e-03
1.736111111111105811e-03
1.663888888888884025e-03
1.730555555555550505e-03
1.841666666666661161e-03
1.763888888888883637e-03
1.652777777777773198e-03
1.741666666666661549e-03
1.755555555555550354e-03
1.649999999999995004e-03
1.674999999999995069e-03
1.597222222222217328e-03
1.705555555555550657e-03
1.686111111111106330e-03
1.663888888888884025e-03
1.669444444444439547e-03
1.797222222222216986e-03
1.730555555555550722e-03
1.672222222222217308e-03
1.586111111111106501e-03
1.711111111111105962e-03
1.658333333333328503e-03
1.722222222222217006e-03
1.699999999999995135e-03
1.663888888888883809e-03
1.769444444444439376e-03
1.647222222222217460e-03
1.741666666666661333e-03
1.636111111111106416e-03
1.730555555555550505e-03
1.699999999999995135e-03
1.811111111111105574e-03
1.824999999999994812e-03
1.658333333333328287e-03
1.733333333333328483e-03
1.833333333333327878e-03
1.780555555555550203e-03
1.569444444444439936e-03
1.794444444444439008e-03
1.669444444444439547e-03
1.713888888888883723e-03
1.802777777777772508e-03
1.619444444444439850e-03
1.713888888888883723e-03
1.672222222222217091e-03
1.738888888888883788e-03
1.697222222222217591e-03
1.727777777777772528e-03
1.772222222222216920e-03
1.794444444444439225e-03
1.755555555555550354e-03
1.672222222222217308e-03
1.708333333333328201e-03
1.552777777777773370e-03
1.697222222222217374e-03
1.736111111111106027e-03
1.752777777777772593e-03
1.649999999999995004e-03
1.777777777777772442e-03
1.699999999999995135e-03
1.808333333333328029e-03
1.844444444444438922e-03
1.738888888888883788e-03
1.749999999999994832e-03
1.666666666666661569e-03
1.674999999999994852e-03
1.724999999999994984e-03
1.638888888888884177e-03
1.680555555555550374e-03
1.694444444444439613e-03
1.744444444444439093e-03
1.619444444444439633e-03
1.669444444444439330e-03
1.583333333333328524e-03
1.811111111111105790e-03
1.708333333333328201e-03
1.661111111111106048e-03
1.705555555555550657e-03
1.686111111111106113e-03
1.738888888888883788e-03
1.772222222222217137e-03
1.619444444444439633e-03
1.755555555555550354e-03
1.802777777777772291e-03
1.658333333333328287e-03
1.633333333333328438e-03
1.649999999999995004e-03
1.741666666666661549e-03
1.658333333333328287e-03
1.730555555555550289e-03
1.752777777777772376e-03
1.730555555555550289e-03
1.672222222222217308e-03
1.652777777777772765e-03
1.705555555555550657e-03
1.708333333333328201e-03
1.702777777777773113e-03
1.655555555555550526e-03
1.666666666666661786e-03
1.694444444444439613e-03
1.697222222222217374e-03
1.727777777777772528e-03
1.677777777777772613e-03
1.627777777777773133e-03
1.797222222222216769e-03
1.711111111111105962e-03
1.730555555555550505e-03
1.686111111111106113e-03
1.669444444444439330e-03
1.677777777777772830e-03
1.783333333333327964e-03
1.674999999999994852e-03
1.638888888888884177e-03
1.824999999999994812e-03
1.691666666666661852e-03
1.777777777777772442e-03
1.724999999999994984e-03
1.730555555555550505e-03
1.727777777777772528e-03
1.741666666666661549e-03
1.727777777777772744e-03
1.658333333333328287e-03
1.747222222222216854e-03
1.780555555555550203e-03
1.691666666666661635e-03
1.761111111111105876e-03
1.558333333333328892e-03
1.808333333333327813e-03
1.624999999999994938e-03
1.708333333333328418e-03
1.591666666666661806e-03
1.636111111111106632e-03
1.747222222222216854e-03
1.672222222222217091e-03
1.816666666666661312e-03
1.855555555555550400e-03
1.580555555555550763e-03
1.708333333333328201e-03
1.697222222222217374e-03
1.658333333333328287e-03
1.655555555555550526e-03
1.705555555555550440e-03
1.644444444444439482e-03
1.688888888888884091e-03
1.727777777777772744e-03
1.677777777777772830e-03
1.716666666666661701e-03
1.688888888888884091e-03
1.647222222222217243e-03
1.794444444444439008e-03
1.644444444444439699e-03
1.702777777777772679e-03
1.705555555555550440e-03
1.580555555555550763e-03
1.805555555555550052e-03
1.691666666666661852e-03
1.716666666666661484e-03
1.783333333333327964e-03
1.608333333333328589e-03
1.572222222222217696e-03
1.619444444444439850e-03
1.672222222222217308e-03
1.713888888888883723e-03
1.694444444444439396e-03
1.649999999999995220e-03
1.672222222222217091e-03
1.791666666666661464e-03
1.686111111111106113e-03
1.733333333333328050e-03
1.719444444444439245e-03
1.652777777777772981e-03
1.736111111111105811e-03
1.569444444444439719e-03
1.702777777777772896e-03
1.763888888888883637e-03
1.736111111111106244e-03
1.677777777777772613e-03
1.741666666666661333e-03
1.711111111111106179e-03
1.747222222222216854e-03
1.791666666666661464e-03
1.744444444444439310e-03
1.813888888888883551e-03
1.686111111111106113e-03
1.655555555555550526e-03
1.661111111111106048e-03
1.772222222222217137e-03
1.663888888888884242e-03
1.672222222222217091e-03
1.636111111111106199e-03
1.686111111111106113e-03
1.574999999999995457e-03
1.705555555555550223e-03
1.708333333333328418e-03
1.633333333333328655e-03
1.644444444444439699e-03
1.702777777777772679e-03
1.666666666666661569e-03
1.802777777777772508e-03
1.674999999999994852e-03
1.616666666666662089e-03
1.777777777777772659e-03
1.633333333333328655e-03
1.786111111111105942e-03
1.736111111111105811e-03
1.727777777777772744e-03
1.616666666666661872e-03
1.702777777777772896e-03
1.777777777777772442e-03
1.616666666666661872e-03
1.741666666666661549e-03
1.677777777777772830e-03
1.666666666666661569e-03
1.852777777777772205e-03
1.822222222222216834e-03
1.677777777777772613e-03
1.563888888888884414e-03
1.758333333333327898e-03
1.672222222222217091e-03
1.763888888888883637e-03
1.624999999999995372e-03
1.680555555555550591e-03
1.713888888888883723e-03
1.836111111111105639e-03
1.805555555555550052e-03
1.694444444444439613e-03
1.605555555555551262e-03
1.797222222222216986e-03
1.761111111111105659e-03
1.661111111111106048e-03
1.611111111111106567e-03
1.622222222222217394e-03
1.655555555555550526e-03
1.633333333333328655e-03
1.730555555555550289e-03
1.697222222222217374e-03
1.666666666666661569e-03
1.672222222222217308e-03
1.616666666666662089e-03
1.766666666666661398e-03
1.849999999999994444e-03
1.558333333333328675e-03
1.683333333333328569e-03
1.861111111111105488e-03
1.644444444444439915e-03
1.705555555555550657e-03
1.644444444444439482e-03
1.638888888888884177e-03
1.758333333333328115e-03
1.683333333333328569e-03
1.708333333333328201e-03
1.605555555555550828e-03
1.655555555555550742e-03
1.677777777777772830e-03
1.752777777777772593e-03
1.694444444444439396e-03
1.697222222222217157e-03
1.672222222222217091e-03
1.655555555555550526e-03
1.674999999999995069e-03
1.716666666666661701e-03
1.761111111111105659e-03
1.752777777777772593e-03
1.755555555555550137e-03
1.722222222222217006e-03
1.736111111111105811e-03
1.711111111111105962e-03
1.636111111111106416e-03
1.836111111111105422e-03
1.716666666666661701e-03
1.708333333333328201e-03
1.638888888888883960e-03
1.774999999999994898e-03
1.630555555555550677e-03
1.702777777777772896e-03
1.647222222222217460e-03
1.630555555555550460e-03
1.622222222222217611e-03
1.627777777777772916e-03
1.724999999999994984e-03
1.766666666666661398e-03
1.622222222222217394e-03
1.713888888888883940e-03
1.566666666666661958e-03
1.758333333333328115e-03
1.724999999999994984e-03
1.749999999999994615e-03
1.780555555555550420e-03
1.680555555555550374e-03
1.533333333333329043e-03
1.774999999999994681e-03
1.724999999999994767e-03
1.827777777777772139e-03
1.663888888888884025e-03
1.608333333333328806e-03
1.630555555555550894e-03
1.719444444444439462e-03
1.794444444444439225e-03
1.705555555555550657e-03
1.686111111111106113e-03
1.713888888888883723e-03
1.691666666666661635e-03
1.691666666666661852e-03
1.741666666666661333e-03
1.736111111111105811e-03
1.811111111111105790e-03
1.674999999999995069e-03
1.730555555555550289e-03
1.777777777777772876e-03
1.744444444444439310e-03
1.702777777777772679e-03
1.730555555555550289e-03
1.708333333333328201e-03
1.763888888888883420e-03
1.624999999999995372e-03
1.663888888888884025e-03
1.627777777777773133e-03
1.783333333333328181e-03
1.666666666666661569e-03
1.647222222222217243e-03
1.661111111111106048e-03
1.799999999999994747e-03
1.694444444444439396e-03
1.619444444444439633e-03
1.738888888888883572e-03
1.736111111111106027e-03
1.680555555555550591e-03
1.622222222222217611e-03
1.755555555555550137e-03
1.658333333333328503e-03
1.827777777777772139e-03
1.730555555555550505e-03
1.683333333333328135e-03
1.683333333333328569e-03
1.644444444444439482e-03
1.749999999999994615e-03
1.766666666666661398e-03
1.519444444444440238e-03
1.708333333333328418e-03
1.744444444444439093e-03
1.666666666666661786e-03
1.694444444444439613e-03
1.797222222222216986e-03
2.149999999999993496e-03
2.274999999999993174e-03
2.369444444444437480e-03
2.761111111111102644e-03
2.819444444444435625e-03
3.105555555555546306e-03
3.141666666666656765e-03
3.202777777777768373e-03
3.372222222222211359e-03
3.594444444444433538e-03
3.644444444444432801e-03
3.872222222222209635e-03
3.544444444444433840e-03
3.766666666666654718e-03
3.983333333333320507e-03
3.961111111111098419e-03
4.038888888888877461e-03
3.899999999999988112e-03
3.963888888888876180e-03
3.897222222222210351e-03
4.122222222222215494e-03
4.158333333333328122e-03
4.074999999999991823e-03
4.097222222222217380e-03
4.352777777777785267e-03
4.294444444444445348e-03
4.216666666666661969e-03
4.177777777777775051e-03
4.180555555555547607e-03
3.974999999999987224e-03
4.144444444444438450e-03
4.083333333333325973e-03
4.166666666666661405e-03
4.294444444444445348e-03
4.366666666666674072e-03
4.525000000000009917e-03
4.113888888888882212e-03
4.500000000000010068e-03
4.144444444444438450e-03
4.330555555555563180e-03
4.222222222222220961e-03
4.277777777777783987e-03
4.294444444444447083e-03
4.188888888888883492e-03
4.213888888888883341e-03
4.377777777777779912e-03
4.058333333333321788e-03
4.166666666666660537e-03
4.199999999999997138e-03
4.219444444444442333e-03
4.269444444444442897e-03
4.224999999999997854e-03
4.158333333333327254e-03
4.169444444444440900e-03
4.363888888888888505e-03
4.166666666666662272e-03
4.074999999999990088e-03
4.274999999999998419e-03
4.172222222222215192e-03
3.913888888888876483e-03
4.069444444444434567e-03
4.169444444444440900e-03
4.288888888888889826e-03
4.155555555555550361e-03
4.375000000000006488e-03
4.136111111111107769e-03
3.999999999999987940e-03
4.052777777777768001e-03
4.019444444444433134e-03
3.997222222222210179e-03
4.338888888888892993e-03
4.377777777777785984e-03
3.999999999999987073e-03
3.861111111111098591e-03
3.861111111111099024e-03
4.372222222222226125e-03
4.130555555555548777e-03
4.155555555555550361e-03
4.119444444444436866e-03
4.038888888888878329e-03
4.047222222222211611e-03
4.061111111111103018e-03
4.072222222222214062e-03
4.022222222222210028e-03
3.841666666666654698e-03
4.105555555555548061e-03
4.013888888888876745e-03
4.116666666666660840e-03
4.016666666666655373e-03
4.119444444444439468e-03
3.936111111111098571e-03
3.852777777777765308e-03
4.249999999999995969e-03
4.180555555555553679e-03
4.066666666666657673e-03
3.938888888888876331e-03
3.994444444444432418e-03
3.880555555555543351e-03
3.897222222222210351e-03
3.899999999999988112e-03
3.974999999999987224e-03
3.958333333333320658e-03
3.949999999999987375e-03
3.944444444444431853e-03
3.991666666666654657e-03
3.844444444444432025e-03
3.952777777777765136e-03
4.069444444444436301e-03
3.691666666666654738e-03
3.988888888888876896e-03
3.824999999999988132e-03
3.791666666666655000e-03
3.844444444444432459e-03
4.080555555555545610e-03
3.827777777777765459e-03
3.880555555555542917e-03
3.774999999999988434e-03
3.697222222222210260e-03
3.713888888888876826e-03
3.755555555555543674e-03
3.861111111111099024e-03
3.841666666666654698e-03
3.824999999999988132e-03
3.783333333333321283e-03
3.786111111111099478e-03
3.794444444444432761e-03
3.722222222222210976e-03
3.727777777777766498e-03
3.844444444444432459e-03
3.727777777777766498e-03
3.516666666666655797e-03
3.874999999999987829e-03
3.644444444444433235e-03
3.852777777777765741e-03
3.994444444444432418e-03
3.755555555555544107e-03
3.866666666666654546e-03
3.649999999999988757e-03
3.755555555555544107e-03
3.633333333333322191e-03
3.658333333333322040e-03
3.744444444444433064e-03
3.661111111111099367e-03
3.705555555555543976e-03
3.836111111111099176e-03
3.777777777777765762e-03
3.572222222222211450e-03
3.441666666666655817e-03
3.633333333333321757e-03
3.738888888888877542e-03
3.624999999999988908e-03
3.644444444444433235e-03
3.541666666666655645e-03
3.808333333333321566e-03
3.633333333333321757e-03
3.658333333333321606e-03
3.658333333333321606e-03
3.677777777777766367e-03
3.552777777777767123e-03
3.691666666666655171e-03
3.616666666666655625e-03
3.733333333333322020e-03
3.522222222222211319e-03
3.574999999999989211e-03
3.616666666666655625e-03
3.597222222222211298e-03
3.522222222222211319e-03
3.608333333333322342e-03
3.572222222222211450e-03
3.694444444444432499e-03
3.497222222222211036e-03
3.674999999999988172e-03
3.688888888888876977e-03
3.572222222222211450e-03
3.516666666666655797e-03
3.691666666666655171e-03
3.724999999999988737e-03
3.541666666666655645e-03
3.474999999999989382e-03
3.516666666666655363e-03
3.499999999999988797e-03
3.536111111111099690e-03
3.544444444444432973e-03
3.533333333333322362e-03
3.558333333333322645e-03
3.652777777777766518e-03
3.597222222222211298e-03
3.424999999999989685e-03
3.444444444444433578e-03
3.636111111111099518e-03
3.413888888888878641e-03
3.324999999999989856e-03
3.336111111111100466e-03
3.433333333333322968e-03
3.561111111111100406e-03
3.447222222222211772e-03
3.630555555555543996e-03
3.380555555555545075e-03
3.516666666666655797e-03
3.441666666666655817e-03
3.311111111111101051e-03
3.402777777777767163e-03
3.569444444444433689e-03
3.505555555555544753e-03
3.383333333333323270e-03
3.444444444444434011e-03
3.266666666666656876e-03
3.477777777777766709e-03
3.349999999999989271e-03
3.261111111111101354e-03
3.238888888888879266e-03
3.369444444444433598e-03
3.377777777777767314e-03
3.302777777777767335e-03
3.536111111111099690e-03
3.388888888888878358e-03
3.261111111111101354e-03
3.486111111111100426e-03
3.338888888888878227e-03
3.466666666666655666e-03
3.452777777777767294e-03
3.347222222222211944e-03
3.299999999999990007e-03
3.158333333333323764e-03
3.455555555555545055e-03
3.288888888888878963e-03
3.391666666666656553e-03
3.330555555555544944e-03
3.338888888888878661e-03
3.502777777777766992e-03
3.369444444444433598e-03
3.347222222222211510e-03
3.205555555555545701e-03
3.363888888888878076e-03
3.272222222222212398e-03
3.291666666666656724e-03
3.441666666666656250e-03
3.344444444444434183e-03
3.319444444444434334e-03
3.311111111111100617e-03
3.380555555555545509e-03
3.136111111111101243e-03
3.280555555555545247e-03
3.116666666666656916e-03
3.344444444444433749e-03
3.333333333333322705e-03
3.386111111111101031e-03
3.308333333333323290e-03
3.130555555555545721e-03
3.183333333333323179e-03
3.152777777777767809e-03
3.247222222222212115e-03
3.269444444444434203e-03
3.469444444444433426e-03
3.277777777777767486e-03
3.002777777777768282e-03
3.277777777777767486e-03
3.241666666666656593e-03
3.269444444444434203e-03
3.222222222222212266e-03
3.172222222222212135e-03
3.308333333333322857e-03
3.127777777777767960e-03
3.327777777777767617e-03
3.141666666666656765e-03
3.219444444444434939e-03
3.172222222222212135e-03
3.241666666666656593e-03
3.244444444444434354e-03
3.111111111111101394e-03
3.333333333333322705e-03
3.349999999999989705e-03
3.055555555555546175e-03
3.327777777777767183e-03
3.024999999999990370e-03
3.227777777777767788e-03
3.127777777777767960e-03
3.074999999999990501e-03
3.099999999999990350e-03
3.058333333333323936e-03
3.230555555555545549e-03
3.124999999999990199e-03
3.069444444444434979e-03
3.188888888888879135e-03
3.097222222222212589e-03
3.188888888888878701e-03
2.986111111111102150e-03
3.313888888888878378e-03
3.213888888888878984e-03
3.058333333333324369e-03
3.102777777777768111e-03
3.119444444444434677e-03
3.197222222222211984e-03
3.055555555555546175e-03
3.177777777777767657e-03
2.961111111111101868e-03
3.086111111111101545e-03
3.091666666666657067e-03
3.005555555555546043e-03
3.016666666666657521e-03
3.144444444444434959e-03
3.247222222222212115e-03
3.024999999999991238e-03
3.074999999999990501e-03
2.886111111111102322e-03
3.152777777777768242e-03
2.983333333333323956e-03
3.024999999999990370e-03
2.858333333333324712e-03
3.099999999999990350e-03
3.030555555555546326e-03
2.986111111111101717e-03
2.983333333333323956e-03
3.141666666666657198e-03
2.955555555555546346e-03
2.949999999999990824e-03
2.911111111111102170e-03
2.944444444444435302e-03
3.036111111111101848e-03
3.002777777777768282e-03
2.769444444444435927e-03
3.027777777777768565e-03
3.133333333333323482e-03
3.197222222222211984e-03
3.030555555555546326e-03
2.944444444444435302e-03
3.036111111111102281e-03
3.127777777777767960e-03
3.044444444444435131e-03
2.947222222222213063e-03
2.980555555555546195e-03
2.861111111111102473e-03
3.033333333333324087e-03
2.927777777777768736e-03
3.013888888888879326e-03
2.980555555555546195e-03
3.163888888888878852e-03
2.899999999999991127e-03
3.130555555555545721e-03
2.952777777777768585e-03
2.941666666666657541e-03
2.922222222222213214e-03
2.891666666666657844e-03
3.141666666666656765e-03
2.819444444444435625e-03
2.855555555555546951e-03
2.919444444444435453e-03
2.891666666666657844e-03
2.991666666666657239e-03
2.833333333333324430e-03
2.994444444444435433e-03
2.980555555555546195e-03
2.961111111111101868e-03
2.980555555555546195e-03
2.788888888888880254e-03
2.861111111111102473e-03
2.752777777777769361e-03
2.980555555555546195e-03
2.863888888888880234e-03
2.811111111111102342e-03
2.813888888888880103e-03
2.766666666666658166e-03
3.002777777777768716e-03
3.108333333333323633e-03
2.841666666666657712e-03
3.130555555555545721e-03
2.916666666666657692e-03
2.849999999999990995e-03
2.822222222222213386e-03
2.855555555555546951e-03
2.974999999999990239e-03
2.769444444444435927e-03
2.730555555555547274e-03
2.811111111111102342e-03
2.816666666666657864e-03
2.924999999999990975e-03
2.966666666666657390e-03
2.838888888888879952e-03
2.944444444444435302e-03
2.869444444444436190e-03
2.819444444444435625e-03
2.749999999999991600e-03
2.669444444444436099e-03
2.869444444444435756e-03
2.863888888888880234e-03
2.888888888888880083e-03
2.769444444444435927e-03
2.758333333333324883e-03
2.841666666666657712e-03
2.774999999999991449e-03
2.799999999999991298e-03
2.905555555555546648e-03
2.772222222222213688e-03
2.749999999999991600e-03
2.780555555555546971e-03
2.786111111111102927e-03
2.869444444444435756e-03
2.783333333333324732e-03
2.766666666666658166e-03
2.630555555555547445e-03
2.933333333333324258e-03
2.611111111111103118e-03
2.749999999999991600e-03
2.763888888888880405e-03
2.811111111111102775e-03
2.886111111111102322e-03
2.705555555555547425e-03
2.719444444444436230e-03
2.683333333333325337e-03
2.741666666666658318e-03
2.927777777777769170e-03
2.855555555555546951e-03
2.772222222222213688e-03
2.744444444444436079e-03
2.744444444444436079e-03
2.886111111111102322e-03
2.819444444444436058e-03
2.791666666666658015e-03
2.836111111111102191e-03
2.699999999999991903e-03
2.791666666666658015e-03
2.891666666666657844e-03
2.738888888888880557e-03
2.874999999999991278e-03
2.797222222222213537e-03
2.794444444444435776e-03
2.724999999999991752e-03
2.652777777777769533e-03
2.738888888888880557e-03
2.852777777777769190e-03
2.752777777777769361e-03
2.727777777777769513e-03
2.619444444444436401e-03
2.627777777777769684e-03
2.699999999999991903e-03
2.644444444444436250e-03
2.799999999999991298e-03
2.580555555555547748e-03
2.747222222222213839e-03
2.636111111111102967e-03
2.722222222222213991e-03
2.641666666666658489e-03
2.738888888888880557e-03
2.708333333333325186e-03
2.699999999999991903e-03
2.661111111111102816e-03
2.699999999999991903e-03
2.547222222222214616e-03
2.591666666666658358e-03
2.594444444444436552e-03
2.549999999999992377e-03
2.586111111111103270e-03
2.724999999999991752e-03
2.627777777777769684e-03
2.674999999999991621e-03
2.663888888888880577e-03
2.630555555555547445e-03
2.538888888888881333e-03
2.627777777777769684e-03
2.555555555555547899e-03
2.652777777777769533e-03
2.613888888888880879e-03
2.511111111111103723e-03
2.552777777777770138e-03
2.649999999999991772e-03
2.572222222222214465e-03
2.680555555555547576e-03
2.580555555555547748e-03
2.566666666666658943e-03
2.572222222222214465e-03
2.619444444444436401e-03
2.574999999999992226e-03
2.530555555555548050e-03
2.738888888888880557e-03
2.641666666666658489e-03
2.611111111111103118e-03
2.558333333333325660e-03
2.599999999999992074e-03
2.705555555555547425e-03
2.669444444444436099e-03
2.674999999999991621e-03
2.794444444444435776e-03
2.702777777777769664e-03
2.572222222222214465e-03
2.602777777777769835e-03
2.491666666666658963e-03
2.669444444444436099e-03
2.691666666666658620e-03
2.541666666666659094e-03
2.499999999999992246e-03
2.641666666666658489e-03
2.597222222222214313e-03
2.622222222222214162e-03
2.647222222222214011e-03
2.349999999999993153e-03
2.583333333333325509e-03
2.438888888888881504e-03
2.558333333333325660e-03
2.572222222222214465e-03
