5.430147058823512436e-04
5.999999999999981043e-04
6.301470588235273847e-04
6.198529411764686298e-04
6.536764705882331565e-04
6.698529411764684357e-04
6.900735294117626159e-04
7.044117647058800551e-04
7.319852941176447280e-04
7.147058823529388099e-04
7.518382352941153620e-04
7.772058823529386486e-04
7.830882352941150645e-04
7.819852941176445339e-04
8.080882352941150216e-04
8.209558823529386007e-04
8.308823529411738093e-04
8.349264705882326019e-04
8.371323529411738799e-04
8.599264705882325591e-04
8.753676470588206372e-04
8.566176470588208591e-04
8.569852941176442970e-04
8.654411764705855371e-04
8.426470588235267494e-04
8.816176470588207078e-04
8.819852941176442541e-04
9.194852941176441356e-04
9.062499999999971186e-04
9.172794117647029661e-04
9.238970588235264746e-04
9.180147058823500588e-04
9.352941176470557600e-04
9.437499999999970001e-04
9.191176470588205893e-04
9.676470588235263183e-04
9.713235294117615647e-04
9.621323529411733404e-04
9.632352941176438709e-04
9.911764705882320902e-04
9.628676470588204330e-04
1.010294117647056065e-03
9.812499999999968817e-04
9.874999999999968438e-04
9.886029411764673744e-04
9.779411764705850732e-04
1.015073529411762493e-03
9.977941176470557071e-04
1.017279411764703337e-03
9.893382352941144670e-04
9.974264705882320524e-04
1.031985294117645406e-03
1.002941176470585139e-03
9.992647058823496756e-04
1.006985294117644040e-03
9.738970588235262805e-04
1.009926470588232627e-03
1.027205882352939196e-03
1.024632352941174263e-03
1.046323529411763605e-03
1.020588235294115145e-03
9.860294117647026586e-04
1.016544117647056027e-03
9.988970588235262377e-04
1.012499999999997343e-03
1.043014705882351796e-03
1.025367647058821573e-03
9.863970588235263133e-04
1.012499999999997777e-03
1.050735294117646377e-03
1.023529411764703516e-03
9.988970588235260208e-04
1.014338235294114966e-03
1.022794117647056640e-03
1.049632352941175196e-03
9.933823529411733681e-04
9.889705882352910291e-04
1.015808823529409368e-03
9.952205882352909913e-04
1.011397058823526813e-03
1.029411764705880908e-03
1.007352941176467695e-03
1.034191176470587118e-03
1.046691176470586826e-03
1.012867647058821432e-03
1.017279411764703554e-03
1.006249999999997164e-03
1.005882352941173509e-03
1.058455882352940958e-03
1.054779411764705278e-03
1.022794117647056640e-03
1.017647058823527208e-03
1.026470588235292320e-03
1.029779411764704562e-03
1.026102941176468449e-03
1.070955882352942184e-03
1.027205882352938979e-03
1.027941176470586505e-03
1.007352941176467695e-03
1.027941176470586939e-03
9.654411764705851488e-04
1.024999999999997918e-03
1.011029411764703158e-03
1.036764705882351617e-03
9.860294117647026586e-04
1.006249999999997164e-03
1.002205882352938046e-03
1.000735294117643861e-03
1.027205882352938979e-03
1.026838235294115975e-03
1.023529411764703516e-03
9.786764705882321658e-04
9.908088235294086523e-04
1.021323529411762888e-03
1.009558823529409189e-03
1.066911764705883066e-03
1.063235294117646952e-03
1.022058823529410198e-03
9.841911764705850354e-04
1.016911764705880116e-03
1.019117647058821611e-03
1.015073529411762276e-03
1.007352941176467695e-03
1.018014705882350429e-03
9.897058823529379049e-04
1.041176470588234173e-03
1.067647058823528641e-03
9.727941176470557500e-04
1.039338235294116116e-03
1.016176470588233023e-03
1.004779411764702762e-03
1.061764705882352550e-03
9.783088235294087279e-04
9.941176470588202439e-04
1.036397058823527529e-03
1.020220588235291924e-03
1.069852941176471003e-03
1.056985294117646556e-03
1.051470588235293036e-03
1.002205882352938046e-03
1.019852941176468486e-03
1.072058823529411630e-03
1.020955882352939234e-03
9.897058823529379049e-04
1.040441176470587514e-03
1.049999999999999718e-03
1.041544117647057177e-03
9.922794117647026207e-04
9.735294117647027342e-04
1.005147058823526417e-03
9.944852941176438987e-04
9.761029411764674500e-04
1.012499999999997560e-03
1.030147058823528000e-03
9.933823529411733681e-04
1.003308823529408794e-03
1.013970588235291528e-03
1.029411764705880040e-03
1.031249999999998097e-03
1.001102941176467299e-03
1.008088235294115004e-03
1.020220588235292141e-03
1.012867647058820998e-03
1.000367647058820206e-03
1.013235294117644653e-03
1.040073529411763209e-03
1.026470588235292320e-03
1.036764705882351183e-03
1.001838235294114608e-03
1.019852941176468053e-03
9.841911764705850354e-04
9.841911764705850354e-04
1.020220588235291924e-03
9.988970588235262377e-04
1.033823529411762596e-03
1.020955882352939451e-03
1.003676470588232448e-03
9.768382352941145427e-04
1.014705882352938621e-03
1.021691176470586110e-03
9.933823529411733681e-04
1.050000000000000152e-03
1.023897058823527171e-03
1.033455882352939375e-03
9.933823529411733681e-04
1.044485294117646198e-03
1.014705882352938621e-03
1.023529411764703950e-03
1.014338235294114966e-03
1.004411764705879975e-03
1.029411764705880040e-03
1.023161764705879861e-03
1.041544117647056743e-03
1.001838235294114391e-03
1.023161764705880512e-03
1.035294117647057649e-03
1.033088235294115287e-03
1.012499999999997343e-03
1.024264705882350392e-03
1.022426470588233636e-03
1.023161764705880295e-03
1.007720588235291566e-03
9.720588235294086573e-04
1.014338235294115183e-03
9.808823529411732269e-04
1.044852941176469853e-03
1.032720588235292933e-03
1.005514705882349855e-03
1.044852941176470070e-03
1.010294117647056065e-03
1.028676470588233381e-03
1.017647058823526992e-03
1.018382352941173867e-03
1.007720588235291566e-03
1.038235294117645586e-03
1.027573529411763067e-03
9.992647058823496756e-04
1.042647058823527708e-03
1.048161764705881011e-03
1.016911764705880116e-03
1.000735294117643861e-03
1.033823529411763247e-03
1.013970588235291528e-03
9.841911764705850354e-04
1.043014705882352230e-03
9.709558823529380184e-04
1.016911764705879248e-03
1.004779411764702762e-03
9.790441176470556037e-04
1.027573529411762417e-03
1.013235294117644436e-03
1.026102941176468665e-03
1.010661764705879937e-03
1.056617647058822902e-03
1.024632352941174263e-03
1.005514705882350071e-03
1.023529411764703733e-03
1.025367647058821573e-03
1.016544117647056244e-03
1.024999999999997918e-03
1.002573529411761484e-03
1.017647058823526775e-03
9.926470588235262755e-04
9.966911764705849597e-04
1.027573529411763067e-03
1.033088235294115720e-03
1.022058823529409981e-03
1.026838235294115758e-03
9.959558823529378671e-04
1.016911764705880116e-03
1.024999999999998569e-03
1.018749999999997956e-03
1.021323529411762455e-03
1.014705882352938621e-03
1.039705882352939988e-03
1.026102941176468882e-03
1.009926470588233061e-03
1.023161764705880078e-03
1.006617647058821036e-03
1.038970588235292678e-03
1.016176470588233023e-03
1.022426470588232985e-03
9.845588235294086901e-04
1.010294117647056282e-03
1.011397058823526596e-03
1.038970588235292678e-03
1.003308823529408577e-03
1.027941176470586072e-03
1.029044117647057036e-03
9.764705882352909963e-04
1.005147058823526417e-03
1.010661764705879937e-03
1.054411764705881840e-03
1.039338235294116550e-03
1.003676470588232231e-03
1.022058823529410415e-03
1.017279411764703771e-03
1.010661764705879503e-03
1.004411764705879541e-03
1.013970588235291095e-03
1.012867647058821215e-03
1.033088235294116154e-03
1.005514705882350071e-03
1.009191176470585535e-03
1.040073529411763642e-03
1.026102941176468665e-03
9.941176470588202439e-04
1.044485294117646198e-03
1.036764705882351834e-03
1.053308823529411310e-03
1.011397058823526813e-03
1.018749999999997956e-03
1.044852941176469202e-03
1.014705882352939055e-03
9.919117647058791828e-04
9.749999999999969195e-04
9.922794117647026207e-04
9.974264705882320524e-04
1.015808823529409368e-03
1.022426470588232335e-03
1.034926470588234211e-03
1.052205882352941213e-03
1.052573529411765085e-03
1.028308823529409943e-03
1.008088235294115004e-03
9.525735294117616781e-04
1.038602941176469674e-03
1.009558823529408756e-03
1.032720588235293150e-03
1.033455882352939809e-03
1.013602941176468307e-03
1.011029411764703158e-03
1.034558823529410556e-03
1.019485294117645048e-03
1.002573529411761484e-03
9.970588235294086145e-04
1.012867647058820998e-03
1.022058823529409764e-03
1.029044117647056602e-03
1.019852941176468920e-03
1.011029411764703158e-03
1.008088235294115004e-03
1.027205882352938545e-03
1.068749999999999388e-03
1.017647058823527208e-03
1.027573529411762851e-03
1.033455882352939592e-03
1.032720588235292282e-03
1.017279411764703337e-03
1.024632352941174480e-03
1.006985294117643823e-03
9.988970588235262377e-04
1.012867647058821215e-03
1.048161764705882095e-03
9.893382352941144670e-04
1.014338235294115183e-03
1.022426470588233419e-03
9.830882352941142880e-04
1.025735294117645011e-03
9.904411764705849976e-04
1.028308823529410160e-03
1.034191176470586684e-03
1.021323529411762888e-03
1.008823529411762314e-03
1.007720588235291133e-03
1.039338235294116550e-03
1.001838235294114391e-03
1.024632352941174263e-03
1.026470588235292537e-03
1.042279411764704053e-03
1.028676470588233164e-03
1.009191176470585751e-03
9.838235294117615975e-04
9.933823529411731513e-04
1.030514705882350788e-03
1.027205882352940063e-03
1.033455882352939592e-03
1.013602941176468090e-03
1.010661764705879286e-03
1.015808823529409152e-03
1.045955882352939950e-03
1.036764705882351617e-03
1.057352941176469777e-03
1.038235294117645802e-03
9.981617647058791450e-04
1.021323529411762672e-03
1.029779411764703478e-03
1.026102941176468232e-03
1.008088235294115004e-03
1.001102941176467299e-03
1.001102941176467299e-03
1.015808823529409585e-03
1.005882352941173509e-03
9.845588235294086901e-04
1.032720588235292933e-03
1.016544117647056678e-03
1.009558823529409189e-03
1.027205882352938979e-03
1.001102941176467299e-03
1.010661764705879503e-03
1.059558823529411489e-03
1.037867647058821497e-03
9.768382352941145427e-04
9.845588235294086901e-04
1.004779411764702545e-03
9.783088235294087279e-04
1.044485294117646415e-03
1.040441176470587297e-03
9.959558823529378671e-04
1.011397058823527029e-03
1.000367647058820206e-03
1.009191176470585751e-03
1.037499999999998710e-03
1.018382352941174084e-03
1.024999999999998135e-03
1.011764705882350250e-03
1.013602941176468090e-03
1.013602941176468090e-03
1.041911764705881699e-03
1.020955882352938583e-03
1.002941176470585139e-03
1.002941176470585139e-03
1.043749999999999322e-03
1.043014705882351579e-03
1.027205882352938979e-03
1.002205882352938046e-03
1.022794117647056640e-03
9.856617647058792207e-04
9.988970588235262377e-04
1.018014705882350646e-03
1.024999999999998135e-03
9.816176470588203196e-04
9.874999999999968438e-04
1.012132352941173905e-03
9.959558823529378671e-04
1.024264705882350609e-03
1.078308823529412243e-03
1.035294117647057649e-03
1.018382352941174301e-03
1.012499999999997777e-03
1.037132352941175489e-03
1.002205882352938046e-03
1.020955882352939017e-03
1.013235294117645086e-03
1.021691176470586543e-03
1.013235294117644869e-03
1.044852941176469853e-03
1.009558823529408756e-03
1.012499999999997343e-03
1.033823529411763030e-03
1.021691176470585676e-03
1.049999999999999068e-03
1.024632352941174263e-03
9.889705882352910291e-04
1.018014705882350429e-03
1.046323529411763171e-03
1.006985294117644257e-03
1.023897058823527604e-03
1.023161764705880295e-03
1.009926470588232844e-03
9.860294117647026586e-04
1.033455882352939809e-03
1.000367647058820206e-03
1.010661764705879503e-03
1.019485294117644615e-03
1.041911764705880832e-03
1.034558823529409689e-03
1.012132352941174339e-03
1.034191176470586034e-03
1.012499999999997777e-03
1.036029411764704741e-03
1.008455882352938442e-03
1.033823529411762813e-03
9.952205882352909913e-04
1.049264705882351541e-03
1.011764705882350250e-03
1.019485294117644615e-03
9.952205882352909913e-04
1.025367647058821790e-03
1.036029411764704958e-03
9.988970588235262377e-04
1.022794117647056640e-03
1.039705882352939554e-03
1.040808823529410518e-03
9.856617647058792207e-04
1.019485294117644832e-03
1.024632352941174263e-03
1.001838235294114608e-03
9.955882352941144292e-04
1.044852941176469636e-03
1.015441176470585930e-03
1.033088235294115720e-03
1.057720588235293866e-03
1.022058823529409764e-03
1.026102941176468882e-03
1.012132352941173688e-03
1.059191176470587401e-03
1.024999999999998785e-03
1.019485294117644615e-03
9.882352941176439365e-04
1.066911764705882849e-03
1.031617647058822185e-03
1.043014705882351579e-03
1.004779411764702762e-03
9.919117647058791828e-04
1.024264705882350609e-03
1.008088235294115221e-03
9.959558823529378671e-04
1.016911764705879899e-03
1.039338235294116550e-03
1.003308823529408794e-03
1.015808823529409585e-03
1.005147058823526417e-03
1.006985294117644040e-03
9.977941176470557071e-04
1.012867647058820564e-03
1.044117647058822543e-03
1.010661764705879503e-03
1.067647058823529942e-03
1.005147058823526417e-03
1.034558823529410339e-03
9.639705882352910720e-04
9.852941176470555659e-04
1.011764705882350034e-03
1.002573529411761701e-03
9.797794117647026964e-04
1.031617647058821318e-03
1.045220588235292857e-03
1.011397058823526813e-03
1.006249999999996947e-03
9.819852941176439743e-04
1.033088235294116804e-03
1.014705882352938621e-03
1.019117647058821394e-03
1.041544117647057394e-03
1.018382352941174301e-03
1.019117647058821177e-03
1.059926470588235144e-03
1.051102941176470466e-03
9.941176470588202439e-04
1.026102941176468449e-03
1.020955882352939234e-03
1.004779411764703196e-03
1.025367647058821790e-03
1.018749999999997739e-03
1.055514705882352588e-03
9.988970588235262377e-04
1.023529411764703516e-03
1.026838235294115758e-03
1.006985294117644474e-03
9.746323529411733732e-04
1.041176470588233522e-03
1.003308823529408794e-03
9.830882352941145048e-04
1.049264705882352192e-03
9.981617647058791450e-04
9.680147058823498647e-04
1.001838235294114391e-03
1.037499999999998059e-03
1.009558823529408756e-03
1.033088235294116371e-03
1.005147058823526417e-03
9.974264705882320524e-04
1.016911764705879682e-03
1.032352941176468628e-03
1.002941176470585139e-03
1.043014705882352230e-03
1.034926470588234211e-03
1.028308823529410160e-03
1.004779411764703196e-03
1.016911764705879682e-03
1.023897058823526954e-03
1.014338235294115183e-03
1.013970588235291528e-03
1.012499999999997126e-03
1.039338235294116983e-03
1.026470588235291886e-03
1.006249999999997164e-03
1.000367647058820206e-03
9.981617647058791450e-04
9.970588235294086145e-04
1.048161764705881445e-03
9.797794117647026964e-04
9.966911764705849597e-04
1.012867647058821432e-03
1.009191176470585535e-03
1.028308823529409726e-03
1.033823529411763247e-03
1.020588235294115579e-03
1.016176470588232806e-03
9.819852941176439743e-04
1.014338235294115400e-03
9.941176470588202439e-04
1.035661764705880436e-03
1.005514705882349855e-03
1.003676470588232448e-03
1.008823529411761663e-03
1.048161764705881011e-03
1.051838235294117558e-03
1.020220588235291491e-03
1.044852941176469636e-03
1.029411764705880474e-03
1.015073529411762276e-03
9.830882352941145048e-04
1.012867647058820998e-03
1.017279411764703337e-03
9.893382352941144670e-04
1.014705882352939055e-03
9.974264705882320524e-04
9.955882352941144292e-04
1.029411764705881341e-03
1.002941176470585139e-03
1.016176470588232589e-03
1.027205882352938762e-03
1.000735294117643861e-03
1.032720588235292282e-03
1.004411764705879324e-03
9.955882352941144292e-04
9.922794117647026207e-04
1.012867647058820564e-03
1.021323529411762672e-03
1.000735294117643861e-03
1.044852941176469853e-03
1.003308823529408577e-03
1.018382352941174084e-03
1.026102941176468449e-03
1.022426470588232985e-03
9.636029411764675257e-04
1.055514705882351504e-03
9.999999999999967682e-04
1.027941176470586505e-03
1.011029411764703375e-03
1.004779411764702762e-03
1.010294117647056282e-03
1.030514705882351004e-03
1.030882352941174659e-03
1.009926470588232844e-03
1.019852941176468486e-03
1.051470588235293036e-03
1.012132352941173472e-03
9.746323529411733732e-04
1.001102941176467299e-03
1.007352941176467911e-03
1.027205882352939196e-03
1.013970588235291528e-03
1.023529411764704166e-03
9.724264705882322037e-04
1.000735294117643861e-03
1.026838235294115975e-03
9.827205882352910669e-04
1.042279411764705137e-03
1.043014705882351796e-03
9.941176470588202439e-04
1.016176470588233023e-03
1.009926470588232410e-03
1.002573529411761701e-03
9.963235294117615218e-04
9.533088235294086624e-04
1.018382352941174301e-03
1.017279411764703771e-03
1.051838235294117125e-03
1.048529411764705099e-03
9.786764705882321658e-04
1.001470588235290953e-03
1.059558823529411923e-03
1.024999999999997701e-03
1.069117647058823260e-03
9.959558823529378671e-04
1.010661764705879720e-03
1.020588235294115145e-03
1.022794117647056640e-03
9.992647058823496756e-04
1.035661764705881737e-03
1.044117647058822977e-03
9.897058823529379049e-04
1.025735294117645011e-03
1.044485294117646632e-03
1.034191176470586468e-03
1.020588235294115145e-03
9.830882352941145048e-04
1.052573529411764434e-03
1.004779411764703196e-03
1.029411764705880474e-03
1.040441176470586430e-03
1.002941176470585139e-03
1.041176470588233522e-03
9.930147058823497134e-04
1.018014705882350429e-03
1.013970588235291745e-03
1.000367647058820206e-03
1.029779411764704129e-03
1.000735294117643861e-03
9.606617647058792635e-04
1.020220588235291491e-03
9.926470588235262755e-04
1.029411764705880908e-03
1.006985294117644474e-03
1.064705882352940921e-03
1.006249999999996730e-03
9.996323529411733303e-04
1.017279411764703554e-03
9.834558823529379427e-04
1.032720588235292933e-03
1.024264705882350825e-03
1.002573529411761484e-03
1.031617647058821101e-03
1.029411764705880474e-03
1.024632352941174480e-03
1.022794117647057074e-03
9.988970588235262377e-04
1.053676470588234748e-03
1.037132352941175489e-03
1.007352941176467911e-03
1.023897058823527171e-03
9.749999999999969195e-04
1.022058823529409547e-03
1.000367647058820206e-03
1.008088235294114787e-03
1.028676470588233381e-03
1.005514705882349855e-03
9.988970588235262377e-04
1.011397058823526813e-03
9.753676470588203574e-04
1.049264705882352626e-03
1.005147058823526200e-03
1.005147058823526200e-03
1.001470588235290953e-03
1.029044117647056385e-03
1.007352941176467695e-03
1.003308823529408794e-03
1.002205882352938046e-03
1.022794117647057074e-03
1.014338235294115400e-03
1.028308823529409293e-03
1.018014705882350646e-03
1.017647058823526992e-03
1.079044117647058685e-03
1.034191176470586901e-03
1.011397058823526813e-03
1.022058823529409981e-03
1.020220588235292141e-03
1.022794117647057074e-03
1.022058823529409331e-03
1.030882352941175310e-03
1.011764705882350250e-03
1.036397058823527745e-03
1.022426470588233419e-03
1.024264705882351259e-03
9.930147058823497134e-04
1.009926470588232627e-03
1.022794117647056640e-03
1.038602941176470108e-03
1.031985294117646274e-03
1.047058823529410914e-03
9.933823529411733681e-04
1.005147058823526417e-03
1.036764705882351400e-03
1.032720588235291849e-03
1.001102941176467299e-03
1.004411764705879541e-03
1.031249999999998314e-03
1.002573529411761701e-03
9.444852941176439844e-04
1.024632352941174697e-03
1.006985294117644040e-03
1.050735294117646377e-03
1.043014705882352230e-03
1.008455882352938225e-03
1.024264705882350825e-03
1.013970588235291528e-03
1.000367647058820206e-03
1.080514705882353738e-03
1.034191176470586468e-03
1.037499999999998493e-03
9.996323529411733303e-04
1.010661764705879503e-03
1.021323529411762455e-03
1.046691176470587042e-03
1.020955882352939451e-03
1.044117647058823194e-03
1.029411764705880040e-03
1.020220588235291924e-03
1.077941176470589239e-03
1.001838235294114608e-03
1.049999999999999068e-03
1.049999999999998851e-03
1.009191176470585535e-03
1.048161764705881445e-03
1.016544117647056678e-03
9.863970588235263133e-04
1.038235294117646236e-03
9.952205882352909913e-04
9.908088235294086523e-04
9.992647058823496756e-04
9.860294117647026586e-04
9.966911764705849597e-04
1.052941176470587438e-03
1.023161764705880728e-03
1.073529411764706900e-03
1.019485294117644615e-03
9.955882352941144292e-04
1.004779411764703196e-03
1.016544117647056244e-03
1.000367647058820206e-03
1.010294117647056065e-03
1.016911764705879899e-03
1.022058823529409547e-03
1.021323529411762021e-03
1.004044117647055886e-03
1.026102941176469099e-03
1.024999999999998352e-03
1.026102941176468015e-03
1.033455882352939592e-03
1.035294117647057649e-03
9.963235294117615218e-04
1.019485294117644832e-03
1.030514705882351221e-03
1.020955882352939234e-03
1.006249999999997164e-03
1.006617647058820819e-03
1.012499999999997126e-03
1.012499999999997560e-03
1.020588235294115579e-03
1.005514705882349855e-03
9.963235294117615218e-04
1.011764705882350901e-03
9.823529411764674122e-04
1.030514705882350788e-03
1.005882352941173509e-03
1.055882352941176459e-03
1.022426470588233419e-03
1.040808823529410518e-03
1.003676470588232231e-03
1.048897058823528537e-03
9.742647058823498268e-04
1.019117647058821394e-03
9.999999999999967682e-04
1.025367647058821573e-03
1.019117647058821827e-03
1.016911764705879682e-03
1.027573529411763284e-03
1.030514705882351438e-03
1.037132352941174838e-03
1.017279411764703554e-03
1.008823529411762097e-03
1.016911764705879682e-03
1.031249999999998964e-03
1.019485294117644832e-03
1.020955882352938583e-03
9.874999999999966270e-04
1.018014705882351080e-03
1.021323529411762021e-03
1.019117647058821177e-03
1.022058823529409981e-03
1.002941176470585139e-03
1.003676470588232448e-03
1.045955882352939950e-03
1.007352941176467695e-03
1.054044117647058403e-03
1.024632352941174263e-03
1.006985294117644040e-03
1.043749999999999106e-03
9.952205882352909913e-04
1.097794117647059439e-03
1.004779411764702762e-03
1.006985294117644040e-03
1.035294117647057432e-03
1.029411764705879606e-03
1.016911764705880116e-03
1.018014705882351080e-03
1.001102941176467299e-03
1.011397058823527029e-03
1.036029411764703874e-03
1.002205882352938046e-03
1.031985294117645406e-03
1.031249999999998097e-03
1.042647058823529009e-03
1.048529411764705316e-03
9.959558823529378671e-04
1.041911764705881266e-03
9.981617647058791450e-04
1.055514705882352805e-03
1.031249999999998531e-03
1.036764705882351834e-03
1.001838235294114608e-03
1.000367647058820206e-03
1.033823529411762813e-03
1.022794117647056640e-03
1.037132352941175272e-03
1.034558823529410556e-03
1.000735294117643861e-03
1.040808823529410084e-03
9.643382352941145099e-04
1.029779411764704129e-03
1.082720588235294799e-03
1.026470588235292320e-03
1.009191176470585751e-03
1.027205882352938979e-03
1.057352941176469777e-03
1.016176470588233023e-03
9.904411764705849976e-04
1.031617647058821101e-03
9.919117647058791828e-04
1.017647058823526775e-03
1.043749999999998889e-03
1.014705882352938621e-03
1.010294117647056065e-03
1.000367647058820206e-03
9.988970588235262377e-04
1.020955882352939017e-03
1.007720588235291349e-03
9.992647058823496756e-04
1.007720588235291783e-03
1.009558823529408973e-03
1.007352941176467695e-03
1.016176470588233023e-03
1.015073529411762276e-03
1.025367647058821356e-03
1.039338235294116333e-03
1.022058823529409764e-03
1.049632352941175847e-03
1.002941176470585139e-03
1.001838235294114391e-03
1.027573529411762634e-03
9.981617647058791450e-04
1.008088235294115221e-03
1.008823529411761880e-03
1.002573529411761701e-03
1.031249999999998097e-03
1.013970588235291528e-03
1.010294117647056065e-03
1.000735294117643861e-03
1.022794117647057507e-03
9.919117647058791828e-04
1.016544117647056895e-03
1.045220588235292857e-03
1.007352941176467695e-03
9.841911764705850354e-04
1.028676470588233815e-03
1.048161764705880794e-03
1.010661764705879720e-03
9.937499999999968060e-04
1.018382352941174735e-03
1.020955882352938800e-03
1.072794117647058506e-03
1.019852941176468053e-03
1.013970588235291528e-03
1.013970588235291962e-03
1.030514705882351438e-03
1.016544117647056244e-03
1.005147058823526417e-03
1.000367647058820206e-03
1.030882352941174659e-03
1.015073529411761842e-03
1.037867647058822148e-03
1.020955882352939234e-03
1.024632352941174480e-03
1.009926470588232627e-03
9.834558823529379427e-04
1.034191176470586901e-03
9.948529411764673366e-04
1.002205882352938263e-03
1.009558823529408973e-03
1.015073529411762276e-03
1.015441176470585714e-03
9.985294117647025829e-04
1.024632352941174263e-03
1.024264705882351042e-03
1.043749999999999539e-03
9.908088235294086523e-04
1.041544117647056960e-03
1.019117647058821394e-03
1.030882352941174225e-03
1.047058823529410697e-03
9.801470588235263511e-04
9.963235294117615218e-04
1.009926470588232410e-03
1.044117647058822543e-03
9.941176470588202439e-04
1.048529411764705316e-03
1.007720588235291349e-03
1.006249999999996947e-03
1.040808823529410084e-03
1.008455882352938442e-03
9.886029411764673744e-04
1.026470588235292320e-03
1.024632352941174697e-03
9.948529411764675534e-04
1.030147058823527350e-03
1.028676470588233164e-03
1.027941176470586722e-03
1.006249999999997164e-03
1.024999999999998569e-03
1.049264705882352192e-03
1.026470588235291670e-03
1.029411764705880908e-03
9.999999999999967682e-04
9.738970588235262805e-04
1.033455882352939375e-03
1.014705882352939055e-03
1.004779411764702762e-03
1.004044117647055886e-03
1.039705882352939554e-03
1.016911764705880116e-03
1.018382352941174084e-03
1.026838235294115758e-03
1.002941176470585139e-03
1.034191176470586684e-03
1.018014705882350646e-03
1.015073529411762059e-03
9.937499999999968060e-04
1.024632352941174263e-03
1.014338235294115183e-03
1.046323529411763821e-03
1.025735294117645011e-03
1.061764705882353201e-03
1.020955882352939884e-03
1.015808823529409585e-03
1.024999999999998569e-03
1.027941176470586072e-03
1.039338235294116333e-03
1.101102941176472115e-03
1.130514705882355170e-03
1.136764705882355132e-03
1.162867647058827246e-03
1.241911764705888729e-03
1.277941176470596485e-03
1.291544117647065639e-03
1.316544117647068957e-03
1.343750000000008566e-03
1.387132352941186164e-03
1.417279411764716529e-03
1.448529411764719593e-03
1.496691176470604486e-03
1.489338235294132042e-03
1.470588235294129770e-03
1.550367647058839646e-03
1.587500000000013813e-03
1.568750000000015661e-03
1.643014705882370934e-03
1.637867647058838467e-03
1.667647058823547128e-03
1.691911764705899450e-03
1.732352941176490413e-03
1.757352941176489177e-03
1.751102941176488131e-03
1.807720588235313180e-03
1.823897058823547267e-03
1.795588235294137344e-03
1.855882352941196555e-03
1.845955882352961781e-03
1.892279411764723846e-03
1.909926470588254937e-03
1.883455882352961337e-03
1.898161764705902973e-03
1.916544117647077687e-03
1.963602941176491399e-03
1.953308823529433403e-03
1.961029411764727767e-03
2.020955882352963324e-03
1.979411764705903132e-03
1.993382352941198542e-03
2.040441176470608568e-03
2.055882352941195996e-03
2.034558823529433128e-03
2.077941176470611377e-03
2.011397058823550469e-03
2.067279411764727775e-03
2.015073529411784414e-03
2.101102941176491001e-03
2.068014705882377253e-03
2.042279411764728794e-03
2.059191176470608238e-03
2.139705882352966292e-03
2.130882352941198578e-03
2.112132352941196306e-03
2.061764705882371002e-03
2.067647058823551213e-03
2.158823529411785062e-03
2.148529411764723597e-03
2.098897058823551674e-03
2.154411764705905976e-03
2.176102941176493149e-03
2.134926470588255527e-03
2.142647058823551193e-03
2.159558823529433239e-03
2.139338235294139384e-03
2.160294117647080549e-03
2.170588235294142014e-03
2.177205882352966498e-03
2.195955882352965301e-03
2.178676470588257648e-03
2.155882352941196258e-03
2.170588235294141147e-03
2.193014705882374762e-03
2.169852941176493404e-03
2.215441176470612714e-03
2.172426470588260071e-03
2.220220588235316105e-03
2.143382352941197635e-03
2.169852941176493837e-03
2.191911764705905749e-03
2.225735294117671143e-03
2.197794117647083358e-03
2.146323529411788174e-03
2.212867647058848648e-03
2.236764705882376882e-03
2.228676470588257345e-03
2.197426470588260353e-03
2.238602941176494072e-03
2.195220588235318425e-03
2.246323529411789303e-03
2.201838235294139006e-03
2.282352941176494891e-03
2.261764705882377598e-03
2.267647058823552605e-03
2.268014705882373874e-03
2.216544117647086497e-03
2.209926470588258977e-03
2.268750000000020750e-03
2.165441176470612149e-03
1.949632352941198590e-03
1.871323529411783333e-03
1.655514705882370208e-03
1.597426470588250757e-03
1.468382352941188925e-03
1.343014705882360823e-03
1.310294117647068128e-03
1.243014705882360127e-03
1.197794117647065122e-03
1.127573529411767883e-03
1.135294117647061597e-03
1.054779411764704628e-03
1.019852941176468486e-03
1.035661764705880436e-03
9.930147058823497134e-04
9.474264705882322465e-04
9.386029411764674601e-04
9.378676470588205843e-04
8.937499999999971943e-04
9.235294117647029283e-04
8.577205882352913896e-04
8.852941176470560626e-04
8.602941176470559970e-04
8.584558823529383738e-04
8.580882352941148275e-04
8.272058823529384545e-04
8.360294117647032409e-04
8.036764705882326826e-04
8.150735294117621849e-04
7.955882352941152057e-04
8.139705882352915459e-04
8.172794117647033544e-04
7.617647058823504621e-04
7.680147058823504243e-04
7.474264705882329145e-04
7.985294117647033594e-04
7.702205882352915938e-04
7.838235294117621571e-04
8.003676470588209826e-04
7.191176470588211489e-04
7.727941176470563096e-04
7.518382352941151451e-04
7.536764705882329851e-04
7.661764705882329095e-04
7.459558823529387293e-04
7.595588235294092926e-04
7.419117647058799366e-04
7.772058823529387570e-04
7.930147058823503814e-04
7.584558823529386536e-04
7.261029411764682038e-04
7.400735294117623134e-04
7.227941176470565037e-04
7.555147058823506083e-04
7.658088235294092548e-04
7.466911764705858219e-04
7.470588235294094766e-04
7.709558823529387948e-04
7.389705882352916744e-04
7.540441176470565315e-04
7.595588235294094010e-04
7.691176470588211717e-04
7.444852941176446524e-04
7.319852941176447280e-04
7.474264705882329145e-04
7.419117647058799366e-04
7.404411764705859681e-04
7.242647058823506890e-04
7.360294117647036291e-04
7.297794117647035585e-04
7.794117647058799265e-04
7.477941176470563524e-04
7.275735294117623890e-04
7.647058823529387242e-04
7.316176470588211817e-04
7.180147058823506184e-04
7.202205882352918963e-04
7.246323529411741269e-04
7.272058823529388427e-04
7.540441176470563146e-04
7.735294117647035107e-04
7.242647058823505806e-04
7.430147058823505755e-04
7.459558823529387293e-04
7.415441176470563903e-04
7.555147058823504999e-04
7.323529411764681659e-04
7.386029411764683450e-04
7.474264705882329145e-04
7.268382352941154048e-04
7.569852941176446852e-04
7.360294117647036291e-04
7.463235294117622756e-04
7.492647058823505377e-04
7.823529411764681887e-04
7.606617647058799316e-04
7.650735294117621621e-04
7.514705882352918156e-04
7.297794117647035585e-04
7.779411764705857412e-04
7.628676470588209926e-04
7.463235294117622756e-04
7.492647058823505377e-04
7.672794117647033316e-04
7.687499999999976253e-04
7.393382352941152208e-04
7.477941176470564609e-04
7.819852941176446423e-04
7.709558823529386864e-04
7.772058823529387570e-04
7.643382352941152863e-04
7.433823529411740134e-04
7.709558823529387948e-04
7.691176470588210632e-04
7.610294117647034779e-04
7.525735294117623462e-04
7.580882352941152157e-04
7.687499999999975169e-04
7.525735294117622378e-04
7.647058823529388327e-04
7.522058823529387999e-04
7.518382352941151451e-04
7.691176470588211717e-04
7.669117647058800022e-04
7.584558823529386536e-04
7.639705882352917400e-04
7.691176470588211717e-04
7.709558823529386864e-04
7.735294117647035107e-04
7.856617647058798887e-04
7.897058823529385730e-04
7.702205882352915938e-04
7.893382352941151351e-04
7.643382352941152863e-04
7.650735294117621621e-04
7.768382352941151023e-04
7.974264705882328289e-04
7.893382352941151351e-04
7.841911764705857034e-04
7.775735294117621949e-04
7.705882352941151401e-04
7.819852941176445339e-04
7.955882352941152057e-04
7.797794117647034728e-04
7.731617647058799643e-04
7.871323529411739656e-04
7.786764705882327255e-04
8.033088235294092447e-04
7.591911764705858547e-04
8.073529411764679290e-04
7.874999999999974035e-04
7.683823529411740790e-04
8.007352941176445289e-04
7.621323529411741168e-04
7.922794117647033972e-04
8.025735294117620437e-04
7.974264705882328289e-04
7.669117647058800022e-04
7.812499999999975497e-04
7.632352941176445390e-04
7.819852941176446423e-04
7.996323529411739984e-04
7.915441176470563046e-04
7.694852941176446096e-04
7.794117647058799265e-04
7.908088235294092119e-04
8.069852941176444911e-04
8.062499999999975069e-04
7.900735294117622277e-04
7.882352941176446045e-04
8.272058823529385629e-04
8.018382352941150594e-04
7.933823529411739277e-04
7.944852941176444583e-04
8.066176470588209448e-04
7.753676470588211338e-04
7.959558823529386436e-04
7.808823529411738950e-04
8.106617647058797374e-04
7.963235294117621899e-04
7.753676470588211338e-04
7.911764705882328667e-04
8.022058823529384973e-04
7.757352941176446802e-04
7.952205882352915509e-04
7.908088235294093203e-04
7.775735294117623033e-04
7.963235294117621899e-04
7.470588235294093682e-04
7.849264705882326876e-04
7.974264705882328289e-04
7.959558823529385352e-04
7.849264705882327961e-04
8.095588235294092069e-04
8.036764705882326826e-04
8.209558823529386007e-04
7.551470588235270620e-04
7.988970588235267973e-04
8.051470588235267595e-04
7.783088235294092876e-04
8.040441176470563374e-04
8.378676470588208641e-04
7.944852941176445667e-04
8.044117647058797753e-04
7.889705882352915887e-04
8.044117647058796668e-04
8.029411764705856984e-04
8.022058823529386058e-04
7.779411764705857412e-04
8.533088235294090506e-04
7.977941176470563752e-04
8.069852941176444911e-04
7.797794117647033644e-04
8.231617647058797702e-04
8.132352941176444533e-04
8.345588235294091640e-04
8.058823529411738521e-04
8.463235294117619958e-04
8.202205882352913997e-04
8.132352941176444533e-04
8.191176470588209775e-04
8.040441176470563374e-04
8.003676470588208742e-04
8.602941176470561054e-04
7.816176470588210960e-04
7.974264705882327204e-04
7.970588235294092825e-04
8.128676470588210154e-04
8.025735294117621521e-04
8.169117647058796996e-04
8.095588235294092069e-04
8.191176470588208691e-04
8.161764705882327154e-04
8.220588235294091313e-04
8.077205882352915837e-04
8.238970588235268629e-04
8.014705882352916215e-04
8.029411764705855900e-04
8.113970588235268301e-04
7.948529411764681130e-04
8.242647058823501923e-04
8.349264705882327104e-04
8.363970588235267872e-04
8.033088235294091363e-04
7.922794117647032888e-04
8.426470588235267494e-04
8.279411764705856555e-04
8.257352941176444860e-04
8.161764705882327154e-04
8.158088235294091691e-04
8.106617647058797374e-04
8.231617647058797702e-04
8.220588235294090228e-04
8.069852941176444911e-04
8.463235294117619958e-04
8.121323529411739227e-04
8.334558823529385251e-04
8.341911764705856177e-04
8.176470588235267923e-04
8.632352941176442591e-04
8.117647058823503764e-04
7.841911764705857034e-04
8.113970588235268301e-04
8.345588235294091640e-04
8.341911764705855093e-04
8.367647058823503336e-04
8.415441176470560020e-04
8.338235294117620714e-04
8.106617647058798459e-04
8.180147058823502302e-04
8.187499999999974312e-04
8.433823529411738421e-04
8.194852941176444154e-04
8.459558823529385579e-04
8.139705882352915459e-04
8.246323529411738471e-04
8.183823529411738849e-04
8.599264705882325591e-04
8.356617647058796946e-04
8.477941176470560726e-04
8.261029411764679239e-04
8.481617647058796190e-04
8.246323529411737387e-04
8.180147058823502302e-04
8.481617647058796190e-04
8.463235294117618874e-04
8.400735294117620336e-04
8.301470588235268250e-04
8.176470588235267923e-04
8.422794117647030947e-04
8.330882352941149788e-04
8.371323529411737715e-04
8.529411764705855043e-04
8.378676470588208641e-04
8.360294117647031325e-04
8.272058823529385629e-04
8.194852941176445239e-04
8.386029411764679567e-04
8.415441176470562189e-04
8.312499999999973556e-04
8.323529411764679945e-04
8.463235294117619958e-04
8.426470588235267494e-04
8.433823529411738421e-04
8.658088235294089750e-04
8.466911764705855421e-04
8.371323529411738799e-04
8.352941176470560398e-04
8.547794117647031275e-04
8.055147058823503058e-04
8.316176470588209019e-04
8.286764705882325313e-04
8.393382352941150494e-04
8.499999999999973506e-04
8.518382352941149737e-04
8.779411764705854614e-04
8.444852941176443726e-04
8.687499999999972371e-04
8.768382352941147140e-04
8.481617647058796190e-04
8.808823529411737236e-04
8.231617647058797702e-04
8.647058823529383360e-04
8.621323529411737286e-04
8.275735294117621092e-04
8.602941176470561054e-04
8.720588235294089371e-04
8.246323529411737387e-04
8.753676470588207456e-04
8.437499999999973884e-04
8.749999999999970909e-04
8.286764705882326398e-04
8.499999999999973506e-04
8.654411764705854286e-04
8.261029411764679239e-04
8.352941176470561483e-04
8.551470588235266738e-04
8.724264705882324835e-04
8.680147058823501445e-04
8.801470588235266309e-04
8.397058823529383789e-04
8.636029411764676970e-04
8.735294117647030140e-04
8.683823529411736908e-04
8.499999999999973506e-04
8.393382352941150494e-04
8.477941176470560726e-04
8.665441176470559592e-04
8.797794117647030846e-04
8.610294117647031981e-04
8.746323529411736530e-04
8.555147058823502201e-04
8.415441176470560020e-04
8.525735294117619580e-04
9.029411764705853102e-04
8.474264705882326347e-04
8.345588235294091640e-04
8.797794117647029762e-04
8.911764705882324784e-04
8.551470588235266738e-04
8.459558823529385579e-04
8.808823529411737236e-04
8.547794117647030190e-04
8.889705882352913089e-04
8.628676470588208212e-04
8.727941176470559214e-04
8.669117647058796139e-04
8.683823529411735824e-04
8.246323529411738471e-04
8.702205882352913140e-04
8.852941176470560626e-04
8.621323529411736202e-04
8.628676470588208212e-04
9.047794117647030418e-04
8.772058823529383688e-04
9.036764705882324028e-04
8.636029411764678055e-04
8.669117647058796139e-04
8.797794117647030846e-04
8.764705882352913846e-04
8.610294117647031981e-04
9.025735294117618723e-04
8.522058823529385201e-04
8.922794117647029006e-04
8.558823529411736580e-04
8.845588235294089699e-04
8.694852941176443297e-04
8.610294117647031981e-04
8.985294117647029712e-04
9.033088235294088565e-04
8.841911764705854236e-04
8.658088235294088665e-04
8.599264705882325591e-04
8.536764705882325969e-04
8.819852941176442541e-04
8.764705882352913846e-04
8.834558823529382226e-04
8.944852941176440701e-04
8.749999999999971993e-04
