5.147058823529395864e-04
6.299019607843116871e-04
6.549019607843117527e-04
6.529411764705861723e-04
6.740196078431351856e-04
6.921568627450958282e-04
7.112745098039193695e-04
7.607843137254876719e-04
7.892156862745071779e-04
8.372549019607816202e-04
8.705882352941148603e-04
8.686274509803893883e-04
8.975490196078401810e-04
8.970588235294088943e-04
9.073529411764676492e-04
1.003921568627447929e-03
9.857843137254869610e-04
1.007352941176467261e-03
9.975490196078400096e-04
1.040686274509800609e-03
1.039705882352937819e-03
1.053921568627447626e-03
1.092156862745094709e-03
1.136274509803917882e-03
1.134803921568623914e-03
1.144117647058819987e-03
1.131862745098035543e-03
1.161764705882349343e-03
1.167156862745094255e-03
1.190686274509800135e-03
1.241666666666662623e-03
1.240196078431368655e-03
1.217156862745094170e-03
1.251470588235290091e-03
1.257843137254898011e-03
1.261764705882348955e-03
1.262254901960780350e-03
1.258333333333329406e-03
1.321568627450976120e-03
1.283333333333329255e-03
1.312254901960780047e-03
1.321568627450976120e-03
1.290196078431368352e-03
1.323039215686270306e-03
1.359313725490191591e-03
1.320588235294113330e-03
1.305882352941172345e-03
1.340196078431368266e-03
1.381862745098034681e-03
1.317156862745093781e-03
1.326960784313721249e-03
1.385784313725485625e-03
1.400490196078426827e-03
1.368627450980387664e-03
1.333823529411760347e-03
1.371568627450976035e-03
1.357843137254897622e-03
1.359803921568622986e-03
1.404411764705877771e-03
1.349509803921564340e-03
1.353921568627446679e-03
1.334803921568623137e-03
1.398529411764701464e-03
1.411764705882348264e-03
1.414215686274505239e-03
1.431372549019603200e-03
1.362745098039211357e-03
1.443627450980387427e-03
1.342647058823525025e-03
1.401470588235289617e-03
1.389215686274505391e-03
1.390196078431367964e-03
1.377941176470583737e-03
1.413235294117642449e-03
1.399019607843132642e-03
1.413725490196073844e-03
1.432352941176465990e-03
1.395098039215681698e-03
1.432843137254897386e-03
1.455392156862740476e-03
1.403431372549014981e-03
1.435784313725485539e-03
1.393137254901956334e-03
1.452450980392152105e-03
1.404411764705877771e-03
1.438235294117642298e-03
1.466176470588230517e-03
1.402450980392152408e-03
1.423039215686269917e-03
1.432843137254897386e-03
1.386764705882348415e-03
1.448039215686269766e-03
1.424999999999995281e-03
1.441666666666662064e-03
1.450980392156858137e-03
1.447058823529406976e-03
1.428921568627446442e-03
1.418137254901956183e-03
1.386764705882348415e-03
1.446078431372544403e-03
1.426470588235289466e-03
1.431372549019603200e-03
1.407843137254897320e-03
1.413725490196073844e-03
1.351470588235289703e-03
1.429901960784309015e-03
1.417156862745093393e-03
1.476470588235289380e-03
1.421568627450975732e-03
1.397549019607838673e-03
1.449509803921563951e-03
1.452450980392152105e-03
1.405392156862740561e-03
1.408823529411760110e-03
1.385784313725485625e-03
1.374019607843132793e-03
1.437745098039211120e-03
1.457843137254897234e-03
1.387745098039211205e-03
1.380882352941172108e-03
1.427450980392152256e-03
1.402941176470583803e-03
1.410784313725485691e-03
1.398529411764701464e-03
1.406862745098034747e-03
1.457843137254897234e-03
1.413725490196073844e-03
1.396078431372544488e-03
1.426960784313721078e-03
1.390686274509799359e-03
1.438235294117642298e-03
1.466176470588230517e-03
1.417156862745093393e-03
1.447058823529406976e-03
1.444607843137250217e-03
1.413235294117642449e-03
1.445098039215681612e-03
1.433823529411759959e-03
1.454411764705877685e-03
1.421078431372544337e-03
1.480392156862740541e-03
1.419607843137250369e-03
1.428431372549015047e-03
1.409313725490191505e-03
1.460294117647053993e-03
1.424999999999995281e-03
1.438235294117642298e-03
1.477941176470583349e-03
1.374999999999995583e-03
1.424509803921564103e-03
1.452450980392152105e-03
1.425490196078426676e-03
1.424019607843132708e-03
1.487745098039210817e-03
1.425980392156858071e-03
1.426470588235289466e-03
1.427941176470583651e-03
1.398039215686270285e-03
1.433823529411759959e-03
1.430392156862740410e-03
1.445588235294113007e-03
1.449509803921563951e-03
1.422058823529407127e-03
1.435294117647054144e-03
1.474509803921563800e-03
1.449019607843132556e-03
1.408333333333328715e-03
1.404901960784309166e-03
1.428921568627446442e-03
1.446078431372544403e-03
1.439215686274505088e-03
1.412745098039211054e-03
1.392647058823524939e-03
1.418627450980387578e-03
1.466666666666661912e-03
1.443137254901956032e-03
1.421078431372544337e-03
1.397549019607838673e-03
1.429901960784309015e-03
1.417647058823524788e-03
1.483823529411760090e-03
1.467156862745093307e-03
1.411274509803917086e-03
1.462254901960779573e-03
1.456372549019603049e-03
1.427941176470583651e-03
1.441666666666662064e-03
1.417156862745093393e-03
1.410294117647054295e-03
1.417647058823524788e-03
1.398039215686270069e-03
1.398529411764701464e-03
1.451470588235289315e-03
1.458333333333328629e-03
1.441176470588230668e-03
1.420098039215681764e-03
1.352941176470583888e-03
1.431372549019603200e-03
1.388725490196073995e-03
1.412254901960779659e-03
1.356862745098034832e-03
1.457843137254897234e-03
1.430392156862740410e-03
1.430882352941171805e-03
1.450980392156858137e-03
1.443627450980387427e-03
1.452941176470583500e-03
1.459313725490191420e-03
1.428921568627446442e-03
1.439215686274505088e-03
1.396078431372544488e-03
1.435784313725485539e-03
1.416176470588230603e-03
1.446568627450975798e-03
1.433823529411759959e-03
1.388235294117642600e-03
1.409803921568622900e-03
1.409803921568622900e-03
1.407843137254897320e-03
1.448039215686269766e-03
1.424999999999995281e-03
1.446568627450975798e-03
1.428431372549015047e-03
1.434803921568622749e-03
1.415196078431368030e-03
1.451470588235289315e-03
1.423529411764701312e-03
1.416176470588230603e-03
1.470588235294112856e-03
1.386764705882348415e-03
1.442647058823524637e-03
1.405882352941171956e-03
1.405882352941171956e-03
1.365196078431368115e-03
1.402450980392152408e-03
1.433823529411759959e-03
1.412254901960779659e-03
1.396568627450975883e-03
1.451470588235289315e-03
1.418627450980387578e-03
1.399509803921564037e-03
1.438725490196073693e-03
1.438235294117642298e-03
1.445588235294113007e-03
1.380392156862740713e-03
1.424999999999995281e-03
1.428921568627446442e-03
1.429411764705877620e-03
1.440686274509799273e-03
1.364215686274505325e-03
1.440686274509799273e-03
1.441176470588230668e-03
1.415196078431368030e-03
1.407843137254897320e-03
1.422549019607838522e-03
1.457843137254897234e-03
1.440686274509799273e-03
1.451960784313720710e-03
1.352941176470583888e-03
1.510784313725485302e-03
1.429411764705877620e-03
1.441176470588230668e-03
1.398529411764701464e-03
1.421078431372544337e-03
1.406372549019603352e-03
1.438235294117642298e-03
1.457843137254897234e-03
1.357843137254897622e-03
1.441176470588230668e-03
1.444607843137250217e-03
1.411274509803917086e-03
1.411764705882348264e-03
1.471568627450975646e-03
1.397549019607838673e-03
1.414215686274505239e-03
1.403431372549014981e-03
1.468137254901956098e-03
1.368137254901956269e-03
1.422058823529407127e-03
1.424999999999995281e-03
1.459803921568622815e-03
1.390686274509799359e-03
1.440686274509799273e-03
1.436274509803916934e-03
1.359313725490191591e-03
1.460784313725485388e-03
1.450980392156858137e-03
1.425490196078426676e-03
1.447058823529406976e-03
1.444607843137250217e-03
1.416666666666661998e-03
1.378431372549015132e-03
1.375490196078426978e-03
1.476960784313720776e-03
1.401470588235289617e-03
1.424999999999995281e-03
1.399019607843132642e-03
1.473529411764701010e-03
1.423039215686269917e-03
1.431862745098034595e-03
1.385294117647054447e-03
1.395588235294113093e-03
1.414705882352936634e-03
1.443627450980387427e-03
1.408823529411760110e-03
1.428921568627446442e-03
1.424999999999995281e-03
1.444607843137250217e-03
1.379411764705877922e-03
1.420588235294112942e-03
1.395098039215681698e-03
1.433823529411759959e-03
1.446568627450975798e-03
1.444117647058818822e-03
1.438235294117642298e-03
1.420588235294112942e-03
1.425980392156858071e-03
1.429411764705877620e-03
1.384313725490191656e-03
1.413725490196073844e-03
1.418137254901956183e-03
1.393137254901956334e-03
1.413725490196073844e-03
1.426470588235289466e-03
1.401470588235289834e-03
1.422549019607838522e-03
1.375980392156858374e-03
1.399999999999995432e-03
1.442156862745093459e-03
1.423529411764701312e-03
1.396078431372544488e-03
1.393627450980387730e-03
1.422058823529407127e-03
1.408823529411760110e-03
1.470098039215681461e-03
1.449509803921563951e-03
1.419117647058818973e-03
1.444117647058818822e-03
1.430882352941171805e-03
1.385784313725485625e-03
1.414215686274505239e-03
1.440686274509799273e-03
1.418627450980387578e-03
1.445588235294113007e-03
1.432843137254897386e-03
1.415686274509799425e-03
1.414705882352936634e-03
1.399509803921564037e-03
1.416176470588230603e-03
1.399999999999995432e-03
1.426960784313720861e-03
1.431372549019603200e-03
1.444117647058818822e-03
1.387254901960779810e-03
1.452450980392152105e-03
1.415686274509799425e-03
1.377450980392152342e-03
1.470098039215681461e-03
1.410784313725485691e-03
1.441176470588230668e-03
1.427450980392152256e-03
1.480392156862740324e-03
1.453431372549014895e-03
1.416176470588230603e-03
1.406372549019603352e-03
1.437745098039211120e-03
1.420588235294112942e-03
1.446568627450975798e-03
1.408333333333328715e-03
1.445588235294113007e-03
1.430882352941171805e-03
1.432352941176465990e-03
1.438235294117642298e-03
1.420098039215681764e-03
1.436764705882348329e-03
1.457843137254897234e-03
1.425980392156858071e-03
1.490686274509798971e-03
1.479901960784308929e-03
1.440686274509799273e-03
1.426960784313720861e-03
1.462254901960779573e-03
1.471078431372544251e-03
1.444607843137250217e-03
1.394607843137250303e-03
1.425490196078426676e-03
1.426470588235289466e-03
1.435784313725485539e-03
1.398039215686270069e-03
1.424019607843132708e-03
1.424999999999995281e-03
1.418627450980387578e-03
1.474509803921563800e-03
1.421078431372544337e-03
1.424999999999995281e-03
1.373039215686270003e-03
1.392647058823524939e-03
1.434313725490191354e-03
1.466176470588230517e-03
1.379901960784309317e-03
1.415196078431368030e-03
1.407352941176465925e-03
1.458823529411760024e-03
1.443137254901956032e-03
1.413235294117642449e-03
1.465196078431367727e-03
1.448529411764701161e-03
1.384803921568623052e-03
1.465686274509799122e-03
1.424999999999995281e-03
1.398039215686270069e-03
1.427941176470583651e-03
1.374019607843132793e-03
1.424509803921564103e-03
1.419117647058818973e-03
1.444607843137250217e-03
1.411274509803917086e-03
1.482843137254897083e-03
1.374999999999995583e-03
1.399019607843132642e-03
1.388235294117642600e-03
1.450980392156858137e-03
1.436764705882348329e-03
1.480882352941171719e-03
1.444117647058818822e-03
1.450980392156858137e-03
1.442647058823524637e-03
1.387254901960779810e-03
1.407352941176465925e-03
1.421078431372544337e-03
1.385294117647054447e-03
1.413725490196073844e-03
1.426470588235289466e-03
1.438725490196073693e-03
1.422549019607838522e-03
1.426960784313720861e-03
1.421078431372544337e-03
1.424509803921564103e-03
1.449509803921563951e-03
1.405392156862740561e-03
1.457352941176465839e-03
1.361764705882348566e-03
1.408823529411760110e-03
1.459313725490191420e-03
1.460294117647053993e-03
1.417647058823525005e-03
1.408823529411760110e-03
1.423039215686269917e-03
1.437254901960779725e-03
1.434313725490191354e-03
1.453431372549014895e-03
1.463235294117642363e-03
1.338235294117642686e-03
1.385784313725485625e-03
1.447058823529406976e-03
1.448529411764701161e-03
1.451960784313720710e-03
1.476470588235289380e-03
1.394117647058819125e-03
1.422058823529407127e-03
1.413235294117642449e-03
1.448529411764701161e-03
1.466666666666661912e-03
1.380882352941172108e-03
1.408823529411760110e-03
1.418627450980387578e-03
1.435294117647054144e-03
1.393137254901956334e-03
1.423529411764701312e-03
1.463235294117642363e-03
1.431372549019603200e-03
1.405882352941171956e-03
1.420098039215681764e-03
1.469117647058818888e-03
1.431862745098034595e-03
1.459803921568622815e-03
1.397058823529407278e-03
1.391666666666662149e-03
1.430882352941171805e-03
1.451470588235289315e-03
1.412745098039211054e-03
1.382352941176466076e-03
1.443627450980387427e-03
1.420588235294112942e-03
1.423039215686269917e-03
1.418137254901956183e-03
1.409803921568622900e-03
1.429411764705877620e-03
1.384313725490191656e-03
1.471078431372544251e-03
1.435784313725485539e-03
1.402450980392152408e-03
1.443137254901956032e-03
1.381372549019603286e-03
1.435784313725485539e-03
1.363235294117642752e-03
1.439705882352936483e-03
1.410294117647054295e-03
1.415686274509799425e-03
1.430882352941171805e-03
1.416666666666661998e-03
1.433333333333328781e-03
1.430392156862740410e-03
1.436274509803916934e-03
1.405882352941171956e-03
1.467156862745093307e-03
1.442156862745093459e-03
1.421078431372544337e-03
1.401960784313721013e-03
1.395588235294113093e-03
1.410294117647054295e-03
1.457352941176465839e-03
1.406372549019603352e-03
1.434313725490191354e-03
1.438725490196073693e-03
1.408333333333328715e-03
1.426960784313720861e-03
1.438235294117642298e-03
1.414215686274505239e-03
1.467647058823524702e-03
1.395588235294113093e-03
1.416176470588230603e-03
1.414215686274505239e-03
1.419117647058818973e-03
1.421078431372544337e-03
1.418137254901956183e-03
1.458823529411760024e-03
1.376470588235289769e-03
1.419117647058818973e-03
1.406862745098034747e-03
1.466176470588230517e-03
1.429901960784309015e-03
1.366666666666662300e-03
1.410784313725485691e-03
1.464705882352936332e-03
1.400490196078426827e-03
1.437254901960779725e-03
1.449509803921563951e-03
1.432352941176465990e-03
1.468627450980387276e-03
1.459313725490191420e-03
1.424999999999995281e-03
1.425980392156858071e-03
1.385784313725485625e-03
1.480392156862740324e-03
1.447549019607838371e-03
1.403921568627446376e-03
1.424019607843132708e-03
1.408333333333328715e-03
1.446078431372544403e-03
1.399509803921564037e-03
1.401470588235289617e-03
1.464215686274505154e-03
1.375980392156858374e-03
1.441666666666662064e-03
1.469607843137250066e-03
1.465196078431367727e-03
1.455392156862740476e-03
1.458333333333328629e-03
1.471568627450975646e-03
1.468137254901956098e-03
1.358333333333329018e-03
1.429411764705877620e-03
1.398039215686270069e-03
1.405882352941171956e-03
1.441666666666662064e-03
1.438235294117642298e-03
1.496568627450975495e-03
1.401470588235289617e-03
1.444607843137250217e-03
1.458333333333328629e-03
1.426470588235289466e-03
1.438725490196073693e-03
1.449019607843132556e-03
1.386764705882348415e-03
1.438235294117642298e-03
1.441176470588230668e-03
1.453431372549014895e-03
1.422058823529407127e-03
1.430882352941171805e-03
1.429411764705877620e-03
1.399999999999995432e-03
1.412745098039211054e-03
1.438235294117642298e-03
1.416666666666661998e-03
1.445588235294113007e-03
1.444607843137250217e-03
1.476960784313720776e-03
1.448529411764701161e-03
1.486274509803916632e-03
1.432843137254897386e-03
1.396078431372544488e-03
1.418627450980387578e-03
1.416176470588230603e-03
1.413235294117642449e-03
1.458823529411760024e-03
1.402450980392152408e-03
1.433333333333328781e-03
1.408823529411760110e-03
1.433823529411759959e-03
1.387745098039211205e-03
1.485784313725485454e-03
1.440196078431367878e-03
1.424999999999995281e-03
1.413235294117642449e-03
1.402941176470583803e-03
1.441176470588230668e-03
1.389215686274505391e-03
1.451960784313720710e-03
1.446078431372544403e-03
1.426470588235289466e-03
1.440686274509799273e-03
1.424509803921564103e-03
1.407843137254897320e-03
1.451470588235289315e-03
1.390196078431367964e-03
1.435294117647054144e-03
1.448529411764701161e-03
1.446568627450975798e-03
1.462254901960779573e-03
1.427941176470583651e-03
1.444607843137250217e-03
1.368137254901956269e-03
1.397549019607838673e-03
1.393627450980387730e-03
1.396078431372544488e-03
1.478431372549014744e-03
1.397058823529407278e-03
1.435294117647054144e-03
1.419607843137250369e-03
1.407843137254897320e-03
1.381372549019603286e-03
1.377941176470583737e-03
1.425490196078426676e-03
1.418137254901956183e-03
1.459313725490191420e-03
1.429901960784309015e-03
1.357843137254897622e-03
1.427941176470583651e-03
1.405392156862740561e-03
1.420098039215681764e-03
1.445588235294113007e-03
1.418137254901956183e-03
1.460784313725485388e-03
1.483333333333328478e-03
1.420588235294112942e-03
1.399019607843132642e-03
1.430882352941171805e-03
1.418137254901956183e-03
1.487745098039210817e-03
1.393137254901956334e-03
1.446568627450975798e-03
1.403921568627446376e-03
1.388235294117642600e-03
1.489215686274505002e-03
1.401960784313721013e-03
1.431862745098034595e-03
1.425490196078426676e-03
1.388235294117642600e-03
1.364215686274505325e-03
1.461764705882348178e-03
1.417647058823524788e-03
1.382352941176466076e-03
1.429901960784309015e-03
1.430392156862740410e-03
1.455392156862740476e-03
1.405882352941171956e-03
1.409803921568622900e-03
1.460294117647053993e-03
1.404901960784309166e-03
1.459803921568622815e-03
1.426960784313720861e-03
1.381372549019603286e-03
1.472058823529407041e-03
1.411764705882348264e-03
1.386764705882348415e-03
1.429411764705877620e-03
1.429901960784309015e-03
1.390686274509799359e-03
1.435784313725485539e-03
1.430392156862740410e-03
1.435294117647054144e-03
1.424509803921564103e-03
1.460784313725485388e-03
1.445588235294113007e-03
1.409803921568622900e-03
1.439215686274505088e-03
1.449019607843132556e-03
1.466666666666661912e-03
1.387254901960779810e-03
1.393627450980387730e-03
1.409803921568622900e-03
1.425980392156858071e-03
1.443137254901956032e-03
1.423039215686269917e-03
1.424019607843132708e-03
1.422549019607838522e-03
1.444117647058818822e-03
1.423039215686269917e-03
1.389705882352936786e-03
1.451470588235289315e-03
1.420098039215681764e-03
1.414705882352936634e-03
1.418627450980387578e-03
1.389705882352936786e-03
1.417156862745093393e-03
1.414215686274505239e-03
1.427941176470583651e-03
1.426470588235289466e-03
1.414215686274505239e-03
1.382843137254897471e-03
1.391666666666662149e-03
1.478921568627446139e-03
1.449019607843132556e-03
1.436764705882348329e-03
1.424019607843132708e-03
1.452450980392152105e-03
1.426470588235289466e-03
1.463235294117642363e-03
1.478921568627446139e-03
1.425980392156858071e-03
1.416176470588230603e-03
1.450980392156858137e-03
1.412254901960779659e-03
1.409313725490191505e-03
1.433333333333328781e-03
1.368627450980387664e-03
1.441176470588230668e-03
1.467647058823524702e-03
1.434803921568622749e-03
1.403921568627446376e-03
1.411764705882348264e-03
1.479411764705877534e-03
1.387745098039211205e-03
1.430392156862740410e-03
1.432843137254897386e-03
1.362745098039211357e-03
1.448529411764701161e-03
1.408823529411760110e-03
1.430882352941171805e-03
1.417156862745093393e-03
1.414705882352936634e-03
1.444117647058818822e-03
1.413235294117642449e-03
1.420588235294112942e-03
1.431862745098034595e-03
1.387745098039211205e-03
1.440686274509799273e-03
1.423039215686269917e-03
1.436764705882348329e-03
1.405392156862740561e-03
1.480392156862740324e-03
1.440686274509799273e-03
1.464705882352936332e-03
1.423039215686269917e-03
1.430392156862740410e-03
1.450490196078426742e-03
1.445588235294113007e-03
1.396568627450975883e-03
1.413235294117642449e-03
1.420588235294112942e-03
1.459803921568622815e-03
1.419607843137250369e-03
1.411274509803917086e-03
1.444607843137250217e-03
1.426470588235289466e-03
1.366176470588230905e-03
1.420098039215681764e-03
1.396078431372544488e-03
1.438725490196073693e-03
1.402450980392152408e-03
1.429901960784309015e-03
1.367647058823525091e-03
1.434803921568622749e-03
1.451960784313720710e-03
1.462254901960779573e-03
1.403921568627446376e-03
1.401470588235289617e-03
1.418627450980387578e-03
1.414215686274505239e-03
1.458333333333328629e-03
1.473529411764701010e-03
1.462254901960779573e-03
1.428431372549015047e-03
1.415196078431368030e-03
1.419117647058818973e-03
1.420098039215681764e-03
1.398529411764701464e-03
1.424509803921564103e-03
1.441666666666662064e-03
1.396568627450975883e-03
1.383823529411760261e-03
1.409313725490191505e-03
1.437745098039211120e-03
1.438725490196073693e-03
1.424509803921564103e-03
1.437254901960779725e-03
1.416176470588230603e-03
1.424019607843132708e-03
1.408333333333328715e-03
1.417647058823524788e-03
1.408823529411760110e-03
1.460294117647053993e-03
1.406862745098034747e-03
1.369117647058819059e-03
1.432843137254897386e-03
1.363725490196073930e-03
1.416176470588230603e-03
1.425980392156858071e-03
1.386764705882348415e-03
1.403921568627446376e-03
1.382352941176466076e-03
1.397058823529407278e-03
1.424999999999995281e-03
1.417156862745093393e-03
1.462254901960779573e-03
1.436274509803916934e-03
1.407843137254897320e-03
1.385294117647054447e-03
1.450490196078426742e-03
1.415196078431368030e-03
1.414215686274505239e-03
1.404411764705877771e-03
1.470098039215681461e-03
1.396568627450975883e-03
1.381862745098034681e-03
1.431862745098034595e-03
1.450980392156858137e-03
1.428431372549015047e-03
1.454901960784309081e-03
1.416666666666661998e-03
1.442647058823524854e-03
1.447058823529406976e-03
1.427941176470583651e-03
1.441176470588230668e-03
1.455392156862740476e-03
1.449509803921563951e-03
1.387254901960779810e-03
1.430392156862740410e-03
1.426470588235289466e-03
1.462745098039210968e-03
1.398529411764701464e-03
1.415686274509799425e-03
1.401960784313721013e-03
1.474509803921563800e-03
1.414215686274505239e-03
1.424999999999995281e-03
1.427450980392152256e-03
1.428431372549015047e-03
1.396568627450975883e-03
1.399019607843132642e-03
1.455392156862740476e-03
1.417647058823524788e-03
1.411764705882348264e-03
1.389705882352936786e-03
1.430392156862740410e-03
1.359803921568622986e-03
1.402941176470583803e-03
1.431372549019603200e-03
1.484313725490191268e-03
1.389705882352936786e-03
1.429901960784309015e-03
1.473039215686269615e-03
1.417647058823524788e-03
1.477450980392151954e-03
1.458333333333328629e-03
1.476960784313720776e-03
1.438235294117642298e-03
1.409313725490191505e-03
1.428921568627446442e-03
1.433823529411759959e-03
1.433823529411759959e-03
1.413235294117642449e-03
1.417156862745093393e-03
1.416176470588230603e-03
1.419117647058818973e-03
1.432352941176465990e-03
1.395588235294113093e-03
1.416176470588230603e-03
1.377941176470583737e-03
1.420588235294112942e-03
1.392156862745093544e-03
1.463725490196073759e-03
1.424999999999995281e-03
1.442156862745093459e-03
1.409313725490191505e-03
1.402941176470583803e-03
1.472058823529407041e-03
1.397058823529407278e-03
1.454411764705877685e-03
1.466666666666661912e-03
1.437254901960779725e-03
1.462254901960779573e-03
1.429411764705877620e-03
1.452450980392152105e-03
1.388235294117642600e-03
1.422058823529407127e-03
1.437254901960779725e-03
1.398039215686270069e-03
1.408823529411760110e-03
1.427450980392152256e-03
1.444607843137250217e-03
1.352941176470583888e-03
1.454411764705877685e-03
1.410294117647054295e-03
1.393627450980387730e-03
1.438235294117642298e-03
1.404411764705877771e-03
1.450980392156858137e-03
1.421568627450975732e-03
1.445588235294113007e-03
1.404411764705877771e-03
1.396078431372544488e-03
1.376960784313720947e-03
1.438725490196073693e-03
1.456862745098034444e-03
1.426470588235289466e-03
1.425490196078426676e-03
1.477450980392151954e-03
1.442647058823524637e-03
1.452450980392152105e-03
1.440686274509799273e-03
1.350980392156858308e-03
1.410784313725485691e-03
1.428921568627446442e-03
1.397058823529407278e-03
1.408333333333328715e-03
1.389215686274505391e-03
1.391666666666662149e-03
1.408333333333328715e-03
1.446568627450975798e-03
1.397549019607838673e-03
1.425490196078426676e-03
1.400490196078426827e-03
1.424999999999995281e-03
1.485294117647054058e-03
1.416666666666661998e-03
1.439705882352936483e-03
1.432843137254897386e-03
1.430882352941171805e-03
1.450490196078426742e-03
1.388725490196073995e-03
1.410294117647054295e-03
1.426960784313720861e-03
1.418137254901956183e-03
1.416176470588230603e-03
1.411764705882348264e-03
1.406372549019603352e-03
1.441176470588230668e-03
1.405392156862740561e-03
1.378431372549015132e-03
1.417156862745093393e-03
1.461764705882348178e-03
1.439215686274505088e-03
1.428431372549015047e-03
1.403431372549014981e-03
1.435294117647054144e-03
1.457352941176465839e-03
1.428921568627446442e-03
1.425490196078426676e-03
1.418627450980387578e-03
1.374999999999995583e-03
1.409803921568622900e-03
1.472549019607838437e-03
1.429411764705877620e-03
1.396568627450975883e-03
1.457352941176465839e-03
1.416176470588230603e-03
1.424019607843132708e-03
1.433823529411759959e-03
1.412745098039211054e-03
1.441176470588230668e-03
1.423039215686269917e-03
1.421568627450975732e-03
1.424019607843132708e-03
1.399019607843132642e-03
1.448529411764701161e-03
1.400980392156858222e-03
1.387254901960779810e-03
1.433333333333328781e-03
1.446568627450975798e-03
1.473039215686269615e-03
1.425980392156858071e-03
1.420588235294112942e-03
1.420588235294112942e-03
1.426470588235289466e-03
1.455882352941171654e-03
1.395098039215681698e-03
1.442156862745093459e-03
1.410294117647054295e-03
1.444607843137250217e-03
1.401960784313721013e-03
1.422058823529407127e-03
1.392647058823524939e-03
1.407843137254897320e-03
1.437254901960779725e-03
1.454411764705877685e-03
1.427450980392152256e-03
1.431862745098034595e-03
1.415196078431368030e-03
1.473529411764701010e-03
1.590196078431367404e-03
1.691176470588229806e-03
1.821568627450974396e-03
1.896078431372542764e-03
1.950490196078424800e-03
2.099509803921561970e-03
2.129411764705875770e-03
2.165686274509797272e-03
2.321078431372541710e-03
2.335294117647050867e-03
2.340686274509796647e-03
2.439705882352933251e-03
2.476960784313717544e-03
2.490196078431364778e-03
2.633823529411756167e-03
2.674999999999991187e-03
2.695098039215677518e-03
2.671568627450971855e-03
2.710294117647049899e-03
2.738235294117638118e-03
2.739705882352932304e-03
2.764215686274500757e-03
2.872058823529402474e-03
2.889215686274500434e-03
2.843137254901951464e-03
2.842647058823520069e-03
2.832352941176461206e-03
2.859803921568618030e-03
2.916666666666657259e-03
2.916176470588225864e-03
2.939705882352931527e-03
2.957843137254892278e-03
2.957352941176460883e-03
2.870098039215676893e-03
2.936274509803912195e-03
2.935294117647049405e-03
2.922549019607833566e-03
2.983823529411754917e-03
2.949509803921558995e-03
2.919607843137245629e-03
2.995098039215676571e-03
2.968627450980382537e-03
2.940196078431362922e-03
2.862254901960775005e-03
3.080392156862734980e-03
2.907352941176461186e-03
2.932843137254892429e-03
3.037254901960774380e-03
2.950490196078421785e-03
2.975490196078421634e-03
2.933823529411755220e-03
2.949019607843127600e-03
2.909803921568618161e-03
2.910784313725480951e-03
2.943137254901951293e-03
2.973529411764696054e-03
2.882843137254892732e-03
2.958823529411755068e-03
3.024019607843127580e-03
2.949999999999990390e-03
2.969607843137245327e-03
2.906862745098029790e-03
2.937254901960774552e-03
2.878921568627441571e-03
2.889215686274500434e-03
2.905882352941167000e-03
2.945588235294108268e-03
2.883333333333324127e-03
2.885784313725480669e-03
2.898529411764696508e-03
2.828431372549010479e-03
2.845588235294108440e-03
2.846078431372539835e-03
2.825490196078422108e-03
2.844117647058814254e-03
2.816176470588226035e-03
2.844117647058814254e-03
2.799509803921559469e-03
2.861274509803912215e-03
2.834803921568618181e-03
2.832352941176461206e-03
2.833823529411755391e-03
2.776960784313716596e-03
2.811764705882343913e-03
2.819607843137245801e-03
2.753431372549010499e-03
2.794117647058814557e-03
2.858333333333324278e-03
2.887745098039206249e-03
2.812254901960775308e-03
2.813235294117638098e-03
2.712745098039206874e-03
2.796078431372540137e-03
2.802450980392147840e-03
2.761764705882344215e-03
2.839705882352932132e-03
2.730392156862736230e-03
2.801470588235285050e-03
2.750490196078422562e-03
2.774999999999991016e-03
2.807843137254892752e-03
2.683823529411755865e-03
2.807352941176461357e-03
2.786764705882344064e-03
2.716666666666658035e-03
2.821078431372539986e-03
2.845098039215677044e-03
2.867156862745088956e-03
2.806862745098029962e-03
2.804901960784304815e-03
2.778921568627442176e-03
2.880392156862735756e-03
2.858333333333324278e-03
2.795588235294108742e-03
2.843137254901951464e-03
2.857843137254892883e-03
2.928431372549010307e-03
2.897549019607833717e-03
2.957352941176460883e-03
2.890686274509794620e-03
2.972058823529402302e-03
2.958333333333323673e-03
2.917156862745088654e-03
3.019117647058813629e-03
2.926470588235284727e-03
2.892647058823520200e-03
2.924509803921559147e-03
2.999019607843127298e-03
3.040686274509794146e-03
2.884803921568617879e-03
2.937745098039205947e-03
2.956862745098029488e-03
2.985294117647049102e-03
2.950490196078421785e-03
2.953921568627441551e-03
2.967647058823519746e-03
2.956372549019598093e-03
2.933333333333323825e-03
2.954411764705872946e-03
3.041176470588225541e-03
3.019607843137245024e-03
2.989705882352931658e-03
3.011764705882343136e-03
3.030392156862735283e-03
2.975980392156853029e-03
2.923529411764696356e-03
2.967647058823519746e-03
3.014215686274500112e-03
2.975490196078421634e-03
2.957352941176460883e-03
2.996078431372539361e-03
2.922549019607833566e-03
2.985294117647049102e-03
2.930882352941166849e-03
2.986274509803911893e-03
2.900490196078422088e-03
2.987254901960774683e-03
2.893137254901951595e-03
2.955392156862735303e-03
2.892156862745088805e-03
2.907352941176461186e-03
2.915196078431363073e-03
2.877450980392147386e-03
2.909313725490186766e-03
2.897058823529402322e-03
2.982352941176460732e-03
2.889215686274500434e-03
2.856862745098030093e-03
2.894117647058813952e-03
2.892156862745088805e-03
2.930882352941166849e-03
2.893627450980382557e-03
2.915196078431363073e-03
2.876470588235284596e-03
2.816176470588226035e-03
2.927941176470578912e-03
2.907352941176461186e-03
2.951960784313715971e-03
2.926960784313716122e-03
2.875490196078422239e-03
2.835784313725480971e-03
2.828921568627441874e-03
2.846568627450971230e-03
2.856862745098030093e-03
2.844607843137245649e-03
2.852941176470578932e-03
2.799999999999990864e-03
2.874019607843128054e-03
2.828431372549010479e-03
2.818137254901951615e-03
2.843137254901951464e-03
2.823039215686265566e-03
2.794117647058814557e-03
2.871568627450971078e-03
2.778921568627442176e-03
2.853431372549010327e-03
2.901470588235284878e-03
2.868627450980382708e-03
2.886274509803912064e-03
2.849019607843128205e-03
2.820098039215677196e-03
2.826470588235284898e-03
2.813235294117638098e-03
2.907352941176461186e-03
2.772549019607834040e-03
2.877941176470578781e-03
2.737745098039206723e-03
2.799019607843128074e-03
2.845588235294108440e-03
2.788725490196069211e-03
2.833333333333323996e-03
2.800490196078422259e-03
2.857843137254892883e-03
2.809803921568618332e-03
2.804411764705873420e-03
2.733333333333324601e-03
2.797549019607833889e-03
2.676470588235285372e-03
2.720098039215677367e-03
2.793137254901951767e-03
2.721078431372540157e-03
2.763235294117637967e-03
2.686274509803912840e-03
2.680882352941167928e-03
2.722549019607834343e-03
2.698039215686265889e-03
2.769117647058814708e-03
2.715686274509795245e-03
2.758823529411755845e-03
2.669117647058814879e-03
2.723529411764697133e-03
2.712745098039206874e-03
2.770588235294108893e-03
2.692647058823520543e-03
2.675490196078422582e-03
2.706862745098030567e-03
2.697058823529403099e-03
2.720098039215677367e-03
2.658333333333324621e-03
2.701470588235285221e-03
2.644117647058815031e-03
2.712254901960775479e-03
2.726470588235285503e-03
2.749509803921559772e-03
2.730882352941167625e-03
2.695098039215677518e-03
2.686764705882344235e-03
2.731862745098030416e-03
2.650980392156854128e-03
2.674019607843128830e-03
2.696568627450971704e-03
2.692156862745089148e-03
2.720098039215677367e-03
2.687254901960775631e-03
2.655882352941168079e-03
2.641666666666658055e-03
2.560784313725482202e-03
2.601960784313717221e-03
2.660784313725481597e-03
2.647058823529403401e-03
2.639705882352932475e-03
2.622549019607834514e-03
2.651960784313716919e-03
2.632843137254893377e-03
2.644607843137246426e-03
2.664215686274501362e-03
2.637745098039207328e-03
2.570098039215677841e-03
2.587745098039207197e-03
2.639705882352932475e-03
2.627941176470579860e-03
2.635784313725481748e-03
2.597549019607834665e-03
2.598039215686266060e-03
2.624509803921560094e-03
2.614705882352932626e-03
2.604411764705874197e-03
2.560294117647050807e-03
2.601960784313717221e-03
2.560294117647050807e-03
2.584803921568619260e-03
2.552941176470579880e-03
2.548039215686266363e-03
2.644607843137246426e-03
2.552941176470579880e-03
2.564705882352932929e-03
2.550980392156854733e-03
2.499999999999991812e-03
2.525490196078423490e-03
2.547549019607834968e-03
2.552450980392148485e-03
2.606372549019599343e-03
2.565686274509795719e-03
2.511764705882344861e-03
2.557352941176462436e-03
2.529901960784305612e-03
2.479901960784305914e-03
2.491176470588227134e-03
2.528921568627442822e-03
2.523039215686266514e-03
2.499509803921560851e-03
2.482843137254893851e-03
2.540196078431364475e-03
2.516176470588227417e-03
2.513725490196070441e-03
2.519117647058815353e-03
2.480882352941168704e-03
2.507843137254894134e-03
2.462254901960776558e-03
2.516176470588227417e-03
2.527941176470580031e-03
2.490196078431364778e-03
2.513725490196070441e-03
2.463235294117639348e-03
2.499019607843129456e-03
2.438725490196070461e-03
2.515686274509796021e-03
2.457352941176462607e-03
2.465196078431364495e-03
2.476960784313717544e-03
2.377941176470580505e-03
2.450980392156854905e-03
2.528921568627442822e-03
2.413725490196070612e-03
2.418627450980384563e-03
2.457843137254893569e-03
2.460784313725482373e-03
2.425980392156855056e-03
2.442156862745090227e-03
2.440686274509796042e-03
2.454901960784306066e-03
2.452941176470580485e-03
2.455392156862737461e-03
2.393627450980384715e-03
2.514705882352933231e-03
2.413725490196070612e-03
2.365196078431365100e-03
2.380392156862737481e-03
2.419117647058815958e-03
2.396568627450972652e-03
2.469117647058815656e-03
2.461764705882345163e-03
2.389705882352933554e-03
2.388235294117639369e-03
2.379901960784306086e-03
2.432843137254894154e-03
2.446568627450972783e-03
2.362745098039208125e-03
2.400980392156855207e-03
2.359313725490188793e-03
2.327450980392149413e-03
2.356862745098031817e-03
2.314215686274502613e-03
2.381372549019599837e-03
2.427941176470580636e-03
2.426470588235286451e-03
2.377941176470580505e-03
2.365196078431365100e-03
2.386274509803913788e-03
2.439215686274501856e-03
2.342647058823521793e-03
2.278921568627443901e-03
2.377450980392149110e-03
2.358823529411757398e-03
2.358823529411757398e-03
2.390196078431364949e-03
2.364705882352933705e-03
2.328921568627443598e-03
2.340196078431365252e-03
2.429901960784305783e-03
2.324509803921561042e-03
2.355882352941169027e-03
2.358333333333326003e-03
2.361764705882345335e-03
2.350980392156855076e-03
2.393627450980384715e-03
2.422549019607835290e-03
2.341666666666659437e-03
2.303431372549012354e-03
2.368627450980384432e-03
2.362745098039208125e-03
2.304901960784306540e-03
2.356862745098031817e-03
2.314215686274502613e-03
2.305392156862737935e-03
2.330882352941169178e-03
2.279901960784306691e-03
2.303431372549012354e-03
2.335784313725482696e-03
2.369117647058815827e-03
2.304411764705875144e-03
2.322058823529404500e-03
2.334313725490188510e-03
2.268137254901953209e-03
2.370588235294110013e-03
2.244117647058816584e-03
2.239705882352934028e-03
2.275980392156855530e-03
2.281862745098031837e-03
2.248039215686267311e-03
2.276470588235286925e-03
2.265686274509796667e-03
2.346568627450972954e-03
2.276470588235286925e-03
2.309313725490188662e-03
2.305882352941169330e-03
2.271078431372542013e-03
2.256372549019600594e-03
2.269607843137247827e-03
2.317156862745090549e-03
2.299999999999992589e-03
2.304411764705875144e-03
2.332843137254894759e-03
2.307843137254894043e-03
2.284803921568620208e-03
2.277941176470580677e-03
2.227941176470581413e-03
2.278431372549012505e-03
2.277941176470581110e-03
2.205882352941169501e-03
2.230392156862737955e-03
2.269117647058816432e-03
2.234313725490189115e-03
2.238725490196071238e-03
2.271078431372542013e-03
2.244607843137247979e-03
2.237254901960777052e-03
2.263725490196071086e-03
2.199019607843130403e-03
2.214705882352934179e-03
2.274999999999992740e-03
2.256372549019600594e-03
2.230882352941169350e-03
2.210294117647052057e-03
2.197058823529404823e-03
2.234803921568620511e-03
2.285784313725482998e-03
2.242647058823522398e-03
2.192647058823522701e-03
2.237254901960777052e-03
2.211764705882345375e-03
2.233333333333326325e-03
2.214705882352934179e-03
2.241176470588228213e-03
2.241666666666659608e-03
2.202450980392149735e-03
2.249999999999992891e-03
2.227941176470581413e-03
2.245588235294110769e-03
2.118137254901954116e-03
2.252450980392149867e-03
2.201470588235286945e-03
2.141666666666659780e-03
2.139705882352934633e-03
2.186274509803914131e-03
2.210294117647051623e-03
2.201470588235287379e-03
2.205882352941169501e-03
2.158823529411757740e-03
2.164215686274503087e-03
2.148039215686267482e-03
2.173039215686267331e-03
2.194117647058816453e-03
2.107843137254895253e-03
2.171078431372542184e-03
2.137254901960777657e-03
2.156862745098032594e-03
2.156372549019601199e-03
2.151470588235287248e-03
2.150980392156855853e-03
2.142647058823522570e-03
2.183333333333326628e-03
2.191666666666659911e-03
2.182843137254894799e-03
2.187745098039208750e-03
2.154901960784307013e-03
2.167156862745091023e-03
2.121078431372542053e-03
2.139705882352934199e-03
2.156372549019600765e-03
2.159803921568620097e-03
2.164215686274503087e-03
2.090686274509796858e-03
2.149019607843130706e-03
2.148529411764699311e-03
2.155392156862738409e-03
2.126960784313718794e-03
2.115686274509797141e-03
2.174509803921561516e-03
2.114705882352934350e-03
2.166666666666659628e-03
2.124509803921561385e-03
2.140686274509796989e-03
2.125490196078424175e-03
2.133333333333326497e-03
2.137745098039209053e-03
2.143137254901953965e-03
2.031372549019601521e-03
2.149999999999992629e-03
