5.191176470588219254e-04
6.279411764705862152e-04
6.485294117647038333e-04
6.392156862745077602e-04
6.735294117647036821e-04
7.318627450980368793e-04
8.029411764705856984e-04
8.068627450980366423e-04
8.107843137254875862e-04
8.387254901960756971e-04
8.563725490196051615e-04
9.127450980392127784e-04
8.921568627450951602e-04
9.534313725490165111e-04
9.828431372548988073e-04
9.725490196078400524e-04
1.005392156862741897e-03
1.004901960784310502e-03
1.041176470588232005e-03
1.036274509803918270e-03
1.097058823529408226e-03
1.140686274509800221e-03
1.100980392156859170e-03
1.131372549019604365e-03
1.141176470588231399e-03
1.183333333333329643e-03
1.224509803921564662e-03
1.216176470588231379e-03
1.193627450980388289e-03
1.256372549019603825e-03
1.233823529411760735e-03
1.262745098039211745e-03
1.306862745098034918e-03
1.279411764705878311e-03
1.298529411764701635e-03
1.314705882352937023e-03
1.323039215686270306e-03
1.361274509803917171e-03
1.361764705882348566e-03
1.330882352941172193e-03
1.319607843137250757e-03
1.351960784313721098e-03
1.354901960784309252e-03
1.385294117647054447e-03
1.374509803921564188e-03
1.385784313725485625e-03
1.389215686274505391e-03
1.436274509803916934e-03
1.400980392156858222e-03
1.454411764705877685e-03
1.434313725490191354e-03
1.460784313725485388e-03
1.374999999999995583e-03
1.385294117647054447e-03
1.430392156862740410e-03
1.457843137254897234e-03
1.450980392156858137e-03
1.490686274509798971e-03
1.432843137254897386e-03
1.418627450980387578e-03
1.432352941176465990e-03
1.493627450980387341e-03
1.400490196078426827e-03
1.504411764705877383e-03
1.475980392156857985e-03
1.503431372549014810e-03
1.486274509803916849e-03
1.504901960784308778e-03
1.435294117647054144e-03
1.445098039215681612e-03
1.459313725490191420e-03
1.458333333333328629e-03
1.452450980392152105e-03
1.548039215686269378e-03
1.410294117647054295e-03
1.469117647058818671e-03
1.465196078431367727e-03
1.499999999999995044e-03
1.488725490196073607e-03
1.425490196078426676e-03
1.490196078431367793e-03
1.461274509803916783e-03
1.485784313725485454e-03
1.477450980392151954e-03
1.466176470588230517e-03
1.487745098039210817e-03
1.484313725490191268e-03
1.497058823529406890e-03
1.432352941176465990e-03
1.506862745098034358e-03
1.521568627450975344e-03
1.484803921568622663e-03
1.541666666666661675e-03
1.520588235294112770e-03
1.504901960784308778e-03
1.495588235294112705e-03
1.510294117647053907e-03
1.469607843137250066e-03
1.484313725490191268e-03
1.500980392156857834e-03
1.503431372549014810e-03
1.463235294117642363e-03
1.484803921568622663e-03
1.479901960784308929e-03
1.476470588235289380e-03
1.438235294117642298e-03
1.489705882352936397e-03
1.502941176470583414e-03
1.489705882352936397e-03
1.489215686274505002e-03
1.473039215686269615e-03
1.477450980392151954e-03
1.460294117647053993e-03
1.500490196078426439e-03
1.502941176470583414e-03
1.519117647058818585e-03
1.528431372549014658e-03
1.526960784313720473e-03
1.453431372549014895e-03
1.451960784313720710e-03
1.450980392156858137e-03
1.451960784313720710e-03
1.475490196078426590e-03
1.489705882352936397e-03
1.492156862745093156e-03
1.460784313725485388e-03
1.444607843137250217e-03
1.505392156862740173e-03
1.524509803921563714e-03
1.477450980392151954e-03
1.512254901960779488e-03
1.451960784313720710e-03
1.480882352941171719e-03
1.509803921568622512e-03
1.462254901960779573e-03
1.434803921568622749e-03
1.479411764705877534e-03
1.500980392156857834e-03
1.479411764705877534e-03
1.470588235294112856e-03
1.475490196078426590e-03
1.529411764705877448e-03
1.473529411764701010e-03
1.488725490196073607e-03
1.520098039215681375e-03
1.491176470588230366e-03
1.493627450980387341e-03
1.474999999999995195e-03
1.516666666666661827e-03
1.486274509803916632e-03
1.446078431372544403e-03
1.502450980392152019e-03
1.501960784313720624e-03
1.506372549019602963e-03
1.509803921568622512e-03
1.445588235294113007e-03
1.503431372549014810e-03
1.451960784313720710e-03
1.522549019607838134e-03
1.457352941176465839e-03
1.509803921568622512e-03
1.494607843137250132e-03
1.500490196078426439e-03
1.484313725490191485e-03
1.503921568627445988e-03
1.517156862745093005e-03
1.455882352941171654e-03
1.486764705882348027e-03
1.486274509803916632e-03
1.463235294117642363e-03
1.523529411764700924e-03
1.497549019607838285e-03
1.435784313725485539e-03
1.508823529411759722e-03
1.525490196078426505e-03
1.510784313725485302e-03
1.554901960784308692e-03
1.447549019607838371e-03
1.514215686274504851e-03
1.479411764705877534e-03
1.502941176470583414e-03
1.491176470588230366e-03
1.528431372549014658e-03
1.486764705882348027e-03
1.493627450980387341e-03
1.525980392156857683e-03
1.484313725490191268e-03
1.459803921568622815e-03
1.464215686274505154e-03
1.477450980392151954e-03
1.515686274509799036e-03
1.433823529411759959e-03
1.496078431372544100e-03
1.468627450980387276e-03
1.483333333333328478e-03
1.475490196078426807e-03
1.509313725490191117e-03
1.474509803921563800e-03
1.524019607843132536e-03
1.470098039215681461e-03
1.469607843137250066e-03
1.513725490196073456e-03
1.486274509803916632e-03
1.514705882352936246e-03
1.486274509803916632e-03
1.555392156862740087e-03
1.456372549019603049e-03
1.531372549019602812e-03
1.503921568627445988e-03
1.499019607843132471e-03
1.438725490196073693e-03
1.479901960784308929e-03
1.468627450980387276e-03
1.534803921568622361e-03
1.475490196078426590e-03
1.520588235294112770e-03
1.479901960784308929e-03
1.508823529411759722e-03
1.490686274509798971e-03
1.497549019607838285e-03
1.483333333333328478e-03
1.483823529411759873e-03
1.500980392156857834e-03
1.491176470588230366e-03
1.523039215686269529e-03
1.438235294117642298e-03
1.478431372549014744e-03
1.508333333333328544e-03
1.502941176470583414e-03
1.492156862745093156e-03
1.544607843137249829e-03
1.500490196078426439e-03
1.481862745098034293e-03
1.474019607843132405e-03
1.439705882352936483e-03
1.482352941176465688e-03
1.486274509803916632e-03
1.492647058823524551e-03
1.533823529411759787e-03
1.493137254901955946e-03
1.438235294117642298e-03
1.485294117647054058e-03
1.471568627450975646e-03
1.457352941176465839e-03
1.451470588235289315e-03
1.499999999999995044e-03
1.559803921568622426e-03
1.459803921568622815e-03
1.545098039215681441e-03
1.466666666666661912e-03
1.501960784313720624e-03
1.493137254901955946e-03
1.487745098039210817e-03
1.470588235294112856e-03
1.521568627450975344e-03
1.474019607843132405e-03
1.499509803921563649e-03
1.482843137254897083e-03
1.507352941176465753e-03
1.438725490196073693e-03
1.531372549019602812e-03
1.497549019607838285e-03
1.471078431372544251e-03
1.489215686274505002e-03
1.472549019607838437e-03
1.457843137254897234e-03
1.471568627450975646e-03
1.531372549019602812e-03
1.459313725490191420e-03
1.496078431372544100e-03
1.452941176470583500e-03
1.497058823529406890e-03
1.489215686274505002e-03
1.440196078431367878e-03
1.497058823529406890e-03
1.491666666666661761e-03
1.517156862745093005e-03
1.505392156862740173e-03
1.451960784313720710e-03
1.480392156862740324e-03
1.507843137254897149e-03
1.498529411764701075e-03
1.483823529411759873e-03
1.522058823529406739e-03
1.475490196078426590e-03
1.537745098039210731e-03
1.473039215686270048e-03
1.526960784313720473e-03
1.543627450980387039e-03
1.539215686274504700e-03
1.501960784313720624e-03
1.459803921568622815e-03
1.498529411764701292e-03
1.468137254901956098e-03
1.475490196078426590e-03
1.454411764705877685e-03
1.494117647058818736e-03
1.486274509803916632e-03
1.486764705882348027e-03
1.490196078431367793e-03
1.548529411764700773e-03
1.474509803921563800e-03
1.495588235294112705e-03
1.509803921568622512e-03
1.430392156862740410e-03
1.447549019607838371e-03
1.496078431372544100e-03
1.450980392156858137e-03
1.502941176470583414e-03
1.498039215686269680e-03
1.481372549019603115e-03
1.508823529411759722e-03
1.461274509803916783e-03
1.517647058823524400e-03
1.477941176470583349e-03
1.483333333333328478e-03
1.463235294117642363e-03
1.426960784313720861e-03
1.443627450980387427e-03
1.446078431372544403e-03
1.536764705882347941e-03
1.520098039215681375e-03
1.454411764705877685e-03
1.489215686274505002e-03
1.468627450980387276e-03
1.481372549019603115e-03
1.499999999999995044e-03
1.458823529411760024e-03
1.475980392156857985e-03
1.492647058823524551e-03
1.464215686274505154e-03
1.461764705882348178e-03
1.454901960784309081e-03
1.505392156862740173e-03
1.466666666666661912e-03
1.482843137254897083e-03
1.489705882352936397e-03
1.516666666666661827e-03
1.517647058823524400e-03
1.450490196078426742e-03
1.486764705882348027e-03
1.451960784313720710e-03
1.445098039215681612e-03
1.511764705882348092e-03
1.472058823529407041e-03
1.497549019607838285e-03
1.443627450980387427e-03
1.448529411764701161e-03
1.504411764705877383e-03
1.460294117647053993e-03
1.492156862745093156e-03
1.488235294117642212e-03
1.507843137254897149e-03
1.577450980392151999e-03
1.478921568627446139e-03
1.494117647058818736e-03
1.512254901960779704e-03
1.534803921568622361e-03
1.487254901960779422e-03
1.493137254901955946e-03
1.484313725490191268e-03
1.501470588235289229e-03
1.510294117647053907e-03
1.475980392156857985e-03
1.492156862745093156e-03
1.497549019607838285e-03
1.492156862745093156e-03
1.451960784313720710e-03
1.516176470588230431e-03
1.477941176470583349e-03
1.506372549019602963e-03
1.506372549019602963e-03
1.513235294117642061e-03
1.483333333333328478e-03
1.473529411764701010e-03
1.452941176470583500e-03
1.488725490196073607e-03
1.481372549019603115e-03
1.442647058823524637e-03
1.520098039215681592e-03
1.464215686274505154e-03
1.503431372549014810e-03
1.454901960784309081e-03
1.474999999999995195e-03
1.468627450980387276e-03
1.434313725490191354e-03
1.514705882352936246e-03
1.456372549019603049e-03
1.444117647058818822e-03
1.526470588235289078e-03
1.473039215686269615e-03
1.449019607843132556e-03
1.483823529411759873e-03
1.460784313725485388e-03
1.493627450980387341e-03
1.463725490196073759e-03
1.464215686274505154e-03
1.486764705882348027e-03
1.474019607843132405e-03
1.463235294117642363e-03
1.475980392156857985e-03
1.498529411764701075e-03
1.508333333333328327e-03
1.531862745098034207e-03
1.491666666666661761e-03
1.487254901960779422e-03
1.458333333333328629e-03
1.507843137254897149e-03
1.485294117647054058e-03
1.453921568627446290e-03
1.511764705882348092e-03
1.520098039215681375e-03
1.476470588235289380e-03
1.538235294117642126e-03
1.483333333333328478e-03
1.467156862745093307e-03
1.525980392156857683e-03
1.495588235294112705e-03
1.481372549019603115e-03
1.486274509803916849e-03
1.501470588235289446e-03
1.519117647058818585e-03
1.442156862745093459e-03
1.508333333333328327e-03
1.516666666666661827e-03
1.459313725490191420e-03
1.467647058823524702e-03
1.504901960784308778e-03
1.539705882352936095e-03
1.456372549019603049e-03
1.454411764705877685e-03
1.489215686274505002e-03
1.501470588235289229e-03
1.484803921568622663e-03
1.483823529411759873e-03
1.513725490196073456e-03
1.518627450980387190e-03
1.530392156862740022e-03
1.542156862745093070e-03
1.491176470588230366e-03
1.474509803921563800e-03
1.519117647058818585e-03
1.505882352941171568e-03
1.508823529411759722e-03
1.512745098039210666e-03
1.492647058823524551e-03
1.520588235294112770e-03
1.481862745098034293e-03
1.497549019607838285e-03
1.435294117647054144e-03
1.508333333333328327e-03
1.452941176470583500e-03
1.515196078431367641e-03
1.454411764705877685e-03
1.479901960784308929e-03
1.517647058823524400e-03
1.488725490196073607e-03
1.483333333333328478e-03
1.512254901960779488e-03
1.458333333333328629e-03
1.476470588235289380e-03
1.479411764705877534e-03
1.496078431372544100e-03
1.516176470588230431e-03
1.523039215686269529e-03
1.518627450980387190e-03
1.520098039215681375e-03
1.462254901960779573e-03
1.477450980392151954e-03
1.496568627450975495e-03
1.511274509803916697e-03
1.480392156862740324e-03
1.485294117647054058e-03
1.499509803921563649e-03
1.520098039215681375e-03
1.518627450980387190e-03
1.478921568627446139e-03
1.479411764705877534e-03
1.511274509803916697e-03
1.464215686274505154e-03
1.522549019607838134e-03
1.482352941176465688e-03
1.453921568627446290e-03
1.475980392156857985e-03
1.487745098039210817e-03
1.500980392156857834e-03
1.453921568627446290e-03
1.497549019607838285e-03
1.502450980392152019e-03
1.524509803921563714e-03
1.495098039215681310e-03
1.465686274509799122e-03
1.497058823529406890e-03
1.503431372549014810e-03
1.457843137254897234e-03
1.483823529411759873e-03
1.521078431372544166e-03
1.468627450980387276e-03
1.466176470588230517e-03
1.476470588235289380e-03
1.472058823529407041e-03
1.501470588235289229e-03
1.493627450980387341e-03
1.525490196078426505e-03
1.482352941176465688e-03
1.491176470588230366e-03
1.467156862745093307e-03
1.503921568627445988e-03
1.534313725490190966e-03
1.449509803921563951e-03
1.478431372549014744e-03
1.508333333333328327e-03
1.505882352941171568e-03
1.509313725490191117e-03
1.539215686274504700e-03
1.464215686274505154e-03
1.466176470588230517e-03
1.496568627450975495e-03
1.490686274509798971e-03
1.499509803921563649e-03
1.561764705882347790e-03
1.426960784313720861e-03
1.534803921568622361e-03
1.474999999999995195e-03
1.467156862745093524e-03
1.532352941176465602e-03
1.490686274509798971e-03
1.508333333333328327e-03
1.442156862745093459e-03
1.472058823529407041e-03
1.478921568627446139e-03
1.470098039215681461e-03
1.508823529411759722e-03
1.512745098039210666e-03
1.525490196078426505e-03
1.438725490196073693e-03
1.517647058823524400e-03
1.493137254901955946e-03
1.486764705882348027e-03
1.526960784313720473e-03
1.490686274509798971e-03
1.475490196078426590e-03
1.448529411764701161e-03
1.467156862745093307e-03
1.481862745098034293e-03
1.496078431372544100e-03
1.507352941176465753e-03
1.428431372549015047e-03
1.507843137254897149e-03
1.518627450980387190e-03
1.481372549019603115e-03
1.528921568627446053e-03
1.513235294117642061e-03
1.502941176470583414e-03
1.495098039215681310e-03
1.511764705882348092e-03
1.476470588235289380e-03
1.500980392156857834e-03
1.513725490196073456e-03
1.517647058823524400e-03
1.466176470588230517e-03
1.511764705882348092e-03
1.468137254901956098e-03
1.496568627450975495e-03
1.471568627450975646e-03
1.451470588235289315e-03
1.471078431372544251e-03
1.468627450980387276e-03
1.479411764705877534e-03
1.491176470588230366e-03
1.499019607843132471e-03
1.506862745098034358e-03
1.456862745098034444e-03
1.495588235294112705e-03
1.445098039215681612e-03
1.536274509803916546e-03
1.478921568627446139e-03
1.514215686274504851e-03
1.474509803921564017e-03
1.509803921568622512e-03
1.464705882352936332e-03
1.511764705882348092e-03
1.502941176470583414e-03
1.485294117647054058e-03
1.475980392156857985e-03
1.466176470588230734e-03
1.475490196078426590e-03
1.474019607843132405e-03
1.450980392156858137e-03
1.478921568627446139e-03
1.502450980392152019e-03
1.496078431372544100e-03
1.515196078431367641e-03
1.468627450980387276e-03
1.472058823529407041e-03
1.465686274509799122e-03
1.452941176470583500e-03
1.467156862745093307e-03
1.500490196078426439e-03
1.489215686274505002e-03
1.481372549019603115e-03
1.465686274509799122e-03
1.468137254901956098e-03
1.462745098039210968e-03
1.478431372549014744e-03
1.476470588235289597e-03
1.446078431372544403e-03
1.477941176470583349e-03
1.494117647058818736e-03
1.486764705882348027e-03
1.471078431372544251e-03
1.465686274509799122e-03
1.464705882352936332e-03
1.500980392156857834e-03
1.470098039215681461e-03
1.445098039215681612e-03
1.490686274509798971e-03
1.484803921568622663e-03
1.501470588235289229e-03
1.463235294117642363e-03
1.512745098039210666e-03
1.494117647058818736e-03
1.463235294117642363e-03
1.512745098039210666e-03
1.494117647058818736e-03
1.487254901960779422e-03
1.463725490196073759e-03
1.451470588235289315e-03
1.500980392156857834e-03
1.478921568627446139e-03
1.506372549019602963e-03
1.448529411764701161e-03
1.510784313725485302e-03
1.549999999999994958e-03
1.550980392156857748e-03
1.495098039215681310e-03
1.466176470588230517e-03
1.452941176470583500e-03
1.482843137254897083e-03
1.528921568627446053e-03
1.472058823529407041e-03
1.496078431372544100e-03
1.461274509803916783e-03
1.479901960784308929e-03
1.501960784313720624e-03
1.486274509803916849e-03
1.496078431372544100e-03
1.498529411764701075e-03
1.456372549019603049e-03
1.518137254901956012e-03
1.455392156862740476e-03
1.492647058823524551e-03
1.469607843137250066e-03
1.491666666666661761e-03
1.501960784313720624e-03
1.481372549019603115e-03
1.534803921568622361e-03
1.493137254901955946e-03
1.490196078431367793e-03
1.474509803921563800e-03
1.490686274509798971e-03
1.531372549019602812e-03
1.461764705882348178e-03
1.524999999999995109e-03
1.451470588235289315e-03
1.490196078431367793e-03
1.477450980392151954e-03
1.492156862745093156e-03
1.461764705882348178e-03
1.483333333333328478e-03
1.492647058823524551e-03
1.490196078431367793e-03
1.522058823529406739e-03
1.481862745098034293e-03
1.444607843137250217e-03
1.482843137254897083e-03
1.475490196078426590e-03
1.485294117647054058e-03
1.502450980392152019e-03
1.476960784313720776e-03
1.492156862745093156e-03
1.491666666666661978e-03
1.500490196078426439e-03
1.408823529411760110e-03
1.456372549019603049e-03
1.494117647058818736e-03
1.449999999999995346e-03
1.448529411764701161e-03
1.458333333333328629e-03
1.479411764705877534e-03
1.494117647058818736e-03
1.488725490196073607e-03
1.490686274509798971e-03
1.477941176470583349e-03
1.516666666666661827e-03
1.523529411764700924e-03
1.470588235294112856e-03
1.489705882352936397e-03
1.464215686274505154e-03
1.512254901960779488e-03
1.460294117647053993e-03
1.444607843137250217e-03
1.509803921568622512e-03
1.465686274509799122e-03
1.487254901960779422e-03
1.472549019607838437e-03
1.498039215686269680e-03
1.415196078431368030e-03
1.483333333333328478e-03
1.474019607843132405e-03
1.460294117647053993e-03
1.470098039215681461e-03
1.481372549019603115e-03
1.487745098039210817e-03
1.516666666666661827e-03
1.474999999999995195e-03
1.483333333333328478e-03
1.509803921568622512e-03
1.487254901960779422e-03
1.484313725490191268e-03
1.426470588235289466e-03
1.495098039215681310e-03
1.507843137254897149e-03
1.483333333333328478e-03
1.477941176470583349e-03
1.474019607843132405e-03
1.520588235294112770e-03
1.496568627450975495e-03
1.547058823529406804e-03
1.504901960784308778e-03
1.468137254901956098e-03
1.498039215686269680e-03
1.443137254901956032e-03
1.459803921568622815e-03
1.521568627450975344e-03
1.506862745098034358e-03
1.486274509803916632e-03
1.479901960784308929e-03
1.508823529411759722e-03
1.489705882352936397e-03
1.523529411764700924e-03
1.499509803921563649e-03
1.505882352941171568e-03
1.474999999999995195e-03
1.522058823529406739e-03
1.469607843137250066e-03
1.502941176470583414e-03
1.494117647058818736e-03
1.497549019607838285e-03
1.484313725490191268e-03
1.486764705882348027e-03
1.475490196078426590e-03
1.491666666666661761e-03
1.488725490196073607e-03
1.479901960784308929e-03
1.527450980392151868e-03
1.507352941176465753e-03
1.479411764705877534e-03
1.492156862745093156e-03
1.527941176470583263e-03
1.505882352941171568e-03
1.520098039215681375e-03
1.495588235294112705e-03
1.543627450980387039e-03
1.490196078431367793e-03
1.535784313725485151e-03
1.495098039215681310e-03
1.529901960784308627e-03
1.488725490196073607e-03
1.509313725490191117e-03
1.473529411764701010e-03
1.432352941176465990e-03
1.523529411764700924e-03
1.536764705882347941e-03
1.450490196078426742e-03
1.458333333333328629e-03
1.483333333333328478e-03
1.484803921568622663e-03
1.471568627450975646e-03
1.520588235294112770e-03
1.522058823529406739e-03
1.468627450980387276e-03
1.486274509803916632e-03
1.487254901960779422e-03
1.488725490196073607e-03
1.465196078431367727e-03
1.499509803921563649e-03
1.450490196078426742e-03
1.468137254901956098e-03
1.464215686274505154e-03
1.483333333333328478e-03
1.523039215686269529e-03
1.418137254901956400e-03
1.470098039215681461e-03
1.457843137254897234e-03
1.506862745098034358e-03
1.511764705882348092e-03
1.526960784313720473e-03
1.487745098039210817e-03
1.469607843137250066e-03
1.518627450980387190e-03
1.491666666666661761e-03
1.471568627450975646e-03
1.514705882352936246e-03
1.515196078431367641e-03
1.446568627450975798e-03
1.475490196078426590e-03
1.502941176470583414e-03
1.538235294117642126e-03
1.505392156862740173e-03
1.500980392156857834e-03
1.505392156862740173e-03
1.511274509803916697e-03
1.539705882352936095e-03
1.501470588235289229e-03
1.449509803921563951e-03
1.507843137254897149e-03
1.505882352941171568e-03
1.515196078431367641e-03
1.468137254901956098e-03
1.494117647058818736e-03
1.467647058823524702e-03
1.523529411764700924e-03
1.505392156862740173e-03
1.513725490196073456e-03
1.479901960784308929e-03
1.500490196078426439e-03
1.473529411764701010e-03
1.468137254901956098e-03
1.441176470588230668e-03
1.448529411764701161e-03
1.476470588235289380e-03
1.502450980392152019e-03
1.516666666666661827e-03
1.495098039215681310e-03
1.452941176470583500e-03
1.498039215686269680e-03
1.487254901960779422e-03
1.470588235294112856e-03
1.512745098039210666e-03
1.446568627450976014e-03
1.535784313725485151e-03
1.502941176470583414e-03
1.456372549019603049e-03
1.463725490196073759e-03
1.495588235294112705e-03
1.508823529411759722e-03
1.474509803921563800e-03
1.472058823529407041e-03
1.503921568627445988e-03
1.528921568627446053e-03
1.449019607843132556e-03
1.494117647058818736e-03
1.445098039215681612e-03
1.470588235294112856e-03
1.477450980392151954e-03
1.499999999999995044e-03
1.496078431372544100e-03
1.493627450980387341e-03
1.473039215686269615e-03
1.509803921568622512e-03
1.538235294117642126e-03
1.452450980392152105e-03
1.510784313725485302e-03
1.483823529411759873e-03
1.490196078431367793e-03
1.471568627450975646e-03
1.461764705882348178e-03
1.476470588235289380e-03
1.500980392156857834e-03
1.523529411764700924e-03
1.430882352941171805e-03
1.461764705882348178e-03
1.563725490196073370e-03
1.455882352941171654e-03
1.470588235294113073e-03
1.544117647058818434e-03
1.466666666666661912e-03
1.491666666666661761e-03
1.488235294117642212e-03
1.450490196078426742e-03
1.525980392156857683e-03
1.521568627450975344e-03
1.500980392156857834e-03
1.497058823529406890e-03
1.481862745098034293e-03
1.458333333333328629e-03
1.504411764705877383e-03
1.514705882352936246e-03
1.476470588235289380e-03
1.493627450980387341e-03
1.481372549019603115e-03
1.522549019607838134e-03
1.502450980392152019e-03
1.496568627450975495e-03
1.453431372549014895e-03
1.472058823529407041e-03
1.458823529411760024e-03
1.473529411764701010e-03
1.474999999999995412e-03
1.469607843137250066e-03
1.460784313725485605e-03
1.543627450980387039e-03
1.534803921568622361e-03
1.486764705882348027e-03
1.510784313725485302e-03
1.506372549019602963e-03
1.509803921568622512e-03
1.471568627450975646e-03
1.477941176470583349e-03
1.521568627450975344e-03
1.447549019607838371e-03
1.514215686274504851e-03
1.496078431372544100e-03
1.475490196078426590e-03
1.439215686274505088e-03
1.507352941176465753e-03
1.512254901960779488e-03
1.507352941176465753e-03
1.437745098039211120e-03
1.499019607843132471e-03
1.491666666666661761e-03
1.443137254901956032e-03
1.485294117647054058e-03
1.485784313725485454e-03
1.496568627450975495e-03
1.456862745098034444e-03
1.506372549019602963e-03
1.507352941176465753e-03
1.462254901960779573e-03
1.458823529411760024e-03
1.485294117647054058e-03
1.497549019607838285e-03
1.485784313725485454e-03
1.527450980392151868e-03
1.487254901960779422e-03
1.494607843137250132e-03
1.491176470588230366e-03
1.539705882352936095e-03
1.497058823529406890e-03
1.500490196078426439e-03
1.518137254901955795e-03
1.509313725490191117e-03
1.466176470588230517e-03
1.438725490196073693e-03
1.429901960784309015e-03
1.526470588235289078e-03
1.514215686274504851e-03
1.495098039215681310e-03
1.471078431372544251e-03
1.453431372549014895e-03
1.533333333333328392e-03
1.448039215686269766e-03
1.459803921568622815e-03
1.482352941176465688e-03
1.466666666666661912e-03
1.447549019607838588e-03
1.489705882352936397e-03
1.503431372549014810e-03
1.498039215686269680e-03
1.524999999999995109e-03
1.480882352941171719e-03
1.535294117647053756e-03
1.543137254901955644e-03
1.454901960784309081e-03
1.482843137254897083e-03
1.538235294117642126e-03
1.467647058823524702e-03
1.487254901960779422e-03
1.506862745098034358e-03
1.469117647058818671e-03
1.486274509803916632e-03
1.517156862745093005e-03
1.478431372549014744e-03
1.475980392156857985e-03
1.524019607843132319e-03
1.449999999999995346e-03
1.491666666666661761e-03
1.494117647058818736e-03
1.500490196078426439e-03
1.603921568627445816e-03
1.454411764705877685e-03
1.482352941176465688e-03
1.507843137254897149e-03
1.502941176470583414e-03
1.524999999999995109e-03
1.531372549019602812e-03
1.485784313725485454e-03
1.489705882352936397e-03
1.522549019607838134e-03
1.461274509803916783e-03
1.468137254901956098e-03
1.519607843137249980e-03
1.484803921568622663e-03
1.486274509803916632e-03
1.460294117647053993e-03
1.480882352941171719e-03
1.447058823529406976e-03
1.493137254901955946e-03
1.487745098039210817e-03
1.573529411764700838e-03
1.649019607843131780e-03
1.719117647058817809e-03
1.775490196078425426e-03
1.906372549019601410e-03
1.983823529411757932e-03
1.941666666666660339e-03
2.105882352941169672e-03
2.236274509803914696e-03
2.163725490196071691e-03
2.218627450980384906e-03
2.259313725490188964e-03
2.297549019607836047e-03
2.339215686274502461e-03
2.326960784313718018e-03
2.368627450980384432e-03
2.404411764705874539e-03
2.465686274509795890e-03
2.452450980392149090e-03
2.472549019607835422e-03
2.488235294117639197e-03
2.445098039215678597e-03
2.500490196078423207e-03
2.499019607843129456e-03
2.565196078431364324e-03
2.516176470588227417e-03
2.552450980392148485e-03
2.548039215686266363e-03
2.590686274509795568e-03
2.612745098039207479e-03
2.604901960784305158e-03
2.575980392156854582e-03
2.562254901960775953e-03
2.654901960784305289e-03
2.599509803921560246e-03
2.595098039215678123e-03
2.608823529411756319e-03
2.659803921568618806e-03
2.595588235294109519e-03
2.571078431372540631e-03
2.627450980392148465e-03
2.616666666666658207e-03
2.636764705882344538e-03
2.621078431372540762e-03
2.596078431372540480e-03
2.618627450980383787e-03
2.652941176470579709e-03
2.527941176470580031e-03
2.615686274509795416e-03
2.555392156862736856e-03
2.601960784313717221e-03
2.559313725490188016e-03
2.623529411764697304e-03
2.623529411764697304e-03
2.486274509803913617e-03
2.532352941176462587e-03
2.594607843137246728e-03
2.582352941176462285e-03
2.509313725490187885e-03
2.520098039215678144e-03
2.518137254901952563e-03
2.508333333333325095e-03
2.553921568627442670e-03
2.599509803921560246e-03
2.515686274509796021e-03
2.586764705882344841e-03
2.496078431372541085e-03
2.533333333333325377e-03
2.560784313725482202e-03
2.496568627450972480e-03
2.451470588235286300e-03
2.507843137254894134e-03
2.455882352941168422e-03
2.516666666666658812e-03
2.499509803921560851e-03
2.500980392156854602e-03
2.496568627450972480e-03
2.517156862745089773e-03
2.478921568627443124e-03
2.477450980392148939e-03
2.495588235294109690e-03
2.508823529411756490e-03
2.489705882352933383e-03
2.439705882352933251e-03
2.464215686274502139e-03
2.520588235294109539e-03
2.403431372549011749e-03
2.477941176470580334e-03
2.524999999999992095e-03
2.418137254901953168e-03
2.431862745098031364e-03
2.423529411764698081e-03
2.396078431372541256e-03
2.394607843137247071e-03
2.465196078431364495e-03
2.435294117647051129e-03
2.491176470588227134e-03
2.426960784313717846e-03
2.400490196078423812e-03
2.408333333333325700e-03
2.384313725490188642e-03
2.419607843137247354e-03
2.365196078431365100e-03
2.415196078431364798e-03
2.436764705882345314e-03
2.415196078431364798e-03
2.413235294117639217e-03
2.492156862745089924e-03
2.443137254901953017e-03
2.463725490196070744e-03
2.425980392156855056e-03
2.490686274509796173e-03
2.482843137254893851e-03
2.501470588235285997e-03
2.477941176470580334e-03
2.505392156862737158e-03
2.489215686274501554e-03
2.570098039215677841e-03
2.533333333333325377e-03
2.534803921568619129e-03
2.514705882352933231e-03
2.534313725490188168e-03
2.554901960784305461e-03
2.524509803921560699e-03
2.627450980392148465e-03
2.634313725490187563e-03
2.589215686274501382e-03
2.562254901960775953e-03
2.615196078431364021e-03
2.594607843137246728e-03
2.603431372549011406e-03
2.624999999999991489e-03
2.592647058823521148e-03
2.589705882352932777e-03
2.621568627450972157e-03
2.607843137254893529e-03
2.635294117647050353e-03
2.574509803921560397e-03
2.566176470588227114e-03
2.656372549019599474e-03
2.649999999999991338e-03
2.680392156862736533e-03
2.623529411764697304e-03
2.583823529411756470e-03
2.673039215686266040e-03
2.622549019607834514e-03
2.574019607843129002e-03
2.614705882352932626e-03
2.672549019607834645e-03
2.686274509803912840e-03
2.672549019607834645e-03
2.621078431372540762e-03
2.692156862745089148e-03
2.592647058823521148e-03
2.612254901960776084e-03
2.636274509803913143e-03
2.578431372549011124e-03
2.593137254901952543e-03
2.663235294117638572e-03
2.641666666666658055e-03
2.578431372549011124e-03
2.644117647058815031e-03
2.637745098039207328e-03
2.603431372549011406e-03
2.522058823529403724e-03
2.624509803921560094e-03
2.656372549019599474e-03
2.596078431372540480e-03
2.550980392156854733e-03
2.602450980392148616e-03
2.596078431372540480e-03
2.617647058823520997e-03
2.568137254901952694e-03
2.509803921568619280e-03
2.515686274509796021e-03
2.529901960784305612e-03
2.572549019607834817e-03
2.580392156862736704e-03
2.599019607843128851e-03
2.595588235294109519e-03
2.499019607843129456e-03
2.541666666666658660e-03
2.528921568627442822e-03
2.606372549019599343e-03
2.609803921568619109e-03
2.513725490196070441e-03
2.572058823529403421e-03
2.535294117647050524e-03
2.579411764705873914e-03
2.551470588235286129e-03
2.559803921568619411e-03
2.552941176470579880e-03
2.558333333333325226e-03
2.478921568627443124e-03
2.498529411764698061e-03
2.576470588235285977e-03
2.530392156862737007e-03
2.497058823529403875e-03
2.566176470588227114e-03
2.542156862745090055e-03
2.482352941176462456e-03
2.508823529411756490e-03
2.567647058823521299e-03
2.519117647058815353e-03
2.562745098039207348e-03
2.633333333333324772e-03
2.533333333333325377e-03
2.526470588235285846e-03
2.512254901960776256e-03
2.462745098039207953e-03
2.499019607843129456e-03
2.568627450980384089e-03
2.482843137254893851e-03
2.471078431372541236e-03
2.497549019607835270e-03
2.564215686274501534e-03
2.510784313725482070e-03
2.509803921568619280e-03
2.527450980392148636e-03
2.426960784313717846e-03
2.499019607843129456e-03
2.496078431372541085e-03
2.470098039215678446e-03
2.487745098039207802e-03
2.498039215686266665e-03
2.476960784313717544e-03
2.487254901960776407e-03
2.501960784313717392e-03
2.510294117647050675e-03
2.479901960784305914e-03
2.487745098039207802e-03
2.475980392156854754e-03
2.500980392156854602e-03
2.482352941176462456e-03
2.396568627450972652e-03
2.403431372549011749e-03
2.484313725490188036e-03
2.426470588235286451e-03
2.421078431372541105e-03
2.480392156862737309e-03
2.404411764705874539e-03
2.472058823529404026e-03
2.484313725490188036e-03
2.472058823529404026e-03
2.400490196078423812e-03
2.435784313725482524e-03
2.406372549019600120e-03
2.473529411764697778e-03
2.409313725490188490e-03
2.455882352941168422e-03
2.434313725490188339e-03
2.427941176470580636e-03
2.433333333333325549e-03
2.380392156862737481e-03
2.427450980392149241e-03
2.401470588235286602e-03
2.400490196078423812e-03
2.400490196078423812e-03
2.398039215686266837e-03
2.357352941176463212e-03
2.408823529411757095e-03
2.433333333333325549e-03
2.339705882352933856e-03
2.423039215686266686e-03
2.408823529411757095e-03
2.410294117647051280e-03
2.401960784313717998e-03
2.370098039215678618e-03
2.345098039215678769e-03
2.370098039215678618e-03
2.342647058823521793e-03
2.448529411764697929e-03
2.414705882352933403e-03
2.376960784313718149e-03
2.441666666666658832e-03
2.359803921568619754e-03
2.355392156862737632e-03
2.344117647058815979e-03
2.455882352941168422e-03
2.399509803921561022e-03
2.312745098039208427e-03
2.341666666666659437e-03
2.339705882352933856e-03
2.364705882352933705e-03
2.369117647058815827e-03
2.382843137254894456e-03
2.345588235294110164e-03
2.389705882352933554e-03
2.326960784313718018e-03
2.407843137254894305e-03
2.289705882352933725e-03
2.309313725490188662e-03
2.353431372549012052e-03
2.297549019607836047e-03
2.321078431372541710e-03
2.369117647058815827e-03
2.285784313725482998e-03
2.323039215686267291e-03
2.378921568627443296e-03
2.360294117647050716e-03
2.314215686274502613e-03
2.339215686274502461e-03
2.295098039215679071e-03
2.300980392156855379e-03
2.345098039215678769e-03
2.335784313725482696e-03
2.335294117647051301e-03
2.303921568627443749e-03
2.328921568627443598e-03
2.227941176470581413e-03
2.308823529411757267e-03
2.365686274509796495e-03
2.324999999999992437e-03
2.303431372549012354e-03
2.289705882352933725e-03
2.315686274509796798e-03
2.329901960784306388e-03
2.338725490196071066e-03
2.270588235294110618e-03
2.370588235294109579e-03
2.340196078431365252e-03
2.241666666666659175e-03
2.250980392156855681e-03
2.283823529411757418e-03
2.333823529411757115e-03
2.337254901960776881e-03
2.293627450980384886e-03
2.286274509803914393e-03
2.219117647058816735e-03
2.340196078431365252e-03
2.236764705882346091e-03
2.249509803921561496e-03
2.244117647058816584e-03
2.317647058823521945e-03
2.253431372549012657e-03
2.319117647058816130e-03
2.302941176470580959e-03
2.261274509803914545e-03
2.219117647058816735e-03
2.298039215686267442e-03
2.219607843137247696e-03
2.225490196078424437e-03
2.216176470588228364e-03
2.246078431372541730e-03
2.290196078431364687e-03
2.273529411764698555e-03
2.174509803921561950e-03
2.298039215686267442e-03
2.173039215686267765e-03
2.244117647058816150e-03
2.270098039215679223e-03
2.203431372549012092e-03
2.196078431372542033e-03
2.203921568627443921e-03
2.259313725490188964e-03
2.257352941176463384e-03
2.197549019607835784e-03
2.243627450980385189e-03
2.206372549019600896e-03
2.265686274509796667e-03
2.217156862745091155e-03
2.281862745098031837e-03
2.232352941176463535e-03
2.181372549019601047e-03
2.235784313725482867e-03
2.290686274509796515e-03
2.182843137254895233e-03
2.242156862745091003e-03
2.226960784313718623e-03
2.191176470588228516e-03
2.219117647058816301e-03
2.196078431372542033e-03
2.267647058823522247e-03
2.177450980392149887e-03
2.164215686274503087e-03
2.241666666666659608e-03
2.157352941176463989e-03
2.175490196078424740e-03
2.239705882352934028e-03
2.199019607843130403e-03
2.227941176470581413e-03
2.195098039215679243e-03
2.205882352941169501e-03
2.143627450980385360e-03
2.208333333333326477e-03
2.200980392156855984e-03
2.159313725490189136e-03
2.170098039215679394e-03
2.195588235294110638e-03
2.169117647058816604e-03
2.192156862745091306e-03
2.132843137254895102e-03
2.143137254901953531e-03
2.152941176470581433e-03
2.168137254901953814e-03
2.195588235294110638e-03
2.160294117647051926e-03
2.163725490196071258e-03
2.172549019607836369e-03
2.194607843137247414e-03
2.142156862745091175e-03
2.090686274509796858e-03
2.182843137254894799e-03
2.121568627450973882e-03
2.234803921568620511e-03
2.225980392156855833e-03
2.099999999999992931e-03
2.182352941176463838e-03
2.149509803921561667e-03
2.127450980392150189e-03
2.205392156862738106e-03
2.158823529411757740e-03
2.129411764705875770e-03
2.177450980392149887e-03
2.138235294117640448e-03
2.178921568627444072e-03
2.154901960784306580e-03
2.150980392156855419e-03
2.168627450980385209e-03
2.151470588235287248e-03
2.123039215686267200e-03
2.101470588235287117e-03
2.122058823529405277e-03
2.129411764705875336e-03
2.095588235294110809e-03
2.097549019607836390e-03
2.124509803921561385e-03
2.147549019607836521e-03
2.126470588235286965e-03
2.154411764705875618e-03
2.139705882352934633e-03
2.137745098039209053e-03
2.160294117647051926e-03
2.189215686274502935e-03
2.136274509803914867e-03
2.162745098039208468e-03
2.060294117647052531e-03
2.167647058823522419e-03
2.083333333333326799e-03
2.083333333333326799e-03
2.060294117647052531e-03
2.067156862745091628e-03
2.124019607843130424e-03
2.138235294117640014e-03
2.101960784313718945e-03
2.085784313725483775e-03
2.112254901960777809e-03
2.141176470588228384e-03
2.101960784313718945e-03
2.108823529411758043e-03
2.082352941176464009e-03
2.080882352941169824e-03
2.141176470588228384e-03
2.173529411764699160e-03
2.143627450980385360e-03
2.090686274509797292e-03
2.064705882352934653e-03
2.130392156862738126e-03
2.024509803921562424e-03
2.154411764705875618e-03
2.052450980392150643e-03
2.045588235294110678e-03
2.094117647058816624e-03
2.124019607843130424e-03
2.083333333333326366e-03
2.129411764705875770e-03
2.005392156862738449e-03
2.073529411764699331e-03
2.045098039215679283e-03
2.093137254901954267e-03
2.056372549019601370e-03
2.037745098039208790e-03
2.120098039215679697e-03
2.069607843137248604e-03
2.060784313725483926e-03
2.037745098039209224e-03
2.074999999999993083e-03
2.111764705882346414e-03
2.070098039215679565e-03
2.080882352941169824e-03
2.074999999999993516e-03
2.045588235294110678e-03
2.036274509803915039e-03
2.109313725490189004e-03
2.044607843137248322e-03
2.113235294117640599e-03
2.098039215686267351e-03
2.093137254901954267e-03
2.050980392156856458e-03
2.009313725490190043e-03
2.030392156862738298e-03
2.027941176470581322e-03
2.049019607843130877e-03
2.049509803921562272e-03
2.050490196078425063e-03
2.026470588235287570e-03
1.995098039215679585e-03
2.085784313725483775e-03
2.016176470588229141e-03
2.008333333333327253e-03
