5.562499999999989111e-04
6.624999999999983766e-04
6.979166666666649374e-04
7.874999999999979456e-04
8.166666666666644358e-04
8.499999999999978927e-04
9.062499999999976607e-04
9.479166666666641837e-04
1.081250000000000397e-03
1.018749999999997739e-03
1.068749999999999605e-03
1.131250000000000528e-03
1.104166666666666925e-03
1.091666666666666783e-03
1.031249999999998531e-03
1.135416666666668470e-03
1.043749999999998455e-03
1.052083333333332605e-03
1.177083333333336836e-03
1.162500000000002941e-03
1.118750000000000386e-03
1.308333333333341029e-03
1.204166666666670656e-03
1.229166666666669855e-03
1.214583333333337910e-03
1.260416666666671183e-03
1.239583333333336458e-03
1.227083333333336534e-03
1.262500000000004938e-03
1.110416666666666887e-03
1.191666666666669865e-03
1.218750000000004335e-03
1.327083333333338314e-03
1.345833333333339285e-03
1.104166666666667141e-03
1.314583333333340124e-03
1.227083333333335883e-03
1.237500000000003137e-03
1.218750000000003901e-03
1.270833333333339088e-03
1.270833333333337353e-03
1.260416666666672051e-03
1.193750000000003619e-03
1.262500000000005155e-03
1.283333333333338796e-03
1.235416666666671118e-03
1.285416666666670598e-03
1.293750000000003664e-03
1.283333333333338579e-03
1.266666666666672447e-03
1.154166666666668357e-03
1.235416666666670467e-03
1.212500000000004373e-03
1.247916666666670825e-03
1.272916666666671975e-03
1.337500000000005785e-03
1.372916666666672888e-03
1.258333333333338513e-03
1.304166666666672653e-03
1.243750000000004401e-03
1.356250000000006539e-03
1.254166666666670571e-03
1.356250000000006756e-03
1.277083333333337749e-03
1.379166666666673284e-03
1.350000000000007227e-03
1.220833333333337656e-03
1.354166666666673435e-03
1.325000000000004560e-03
1.295833333333339154e-03
1.362500000000007152e-03
1.297916666666671607e-03
1.302083333333339116e-03
1.218750000000002167e-03
1.200000000000002714e-03
1.247916666666671693e-03
1.275000000000005079e-03
1.254166666666671655e-03
1.389583333333340972e-03
1.220833333333337005e-03
1.314583333333338823e-03
1.408333333333341509e-03
1.258333333333336995e-03
1.260416666666671183e-03
1.389583333333339887e-03
1.314583333333339257e-03
1.402083333333341113e-03
1.237500000000003354e-03
1.297916666666672908e-03
1.327083333333338964e-03
1.385416666666673680e-03
1.312500000000005286e-03
1.220833333333336355e-03
1.325000000000006511e-03
1.216666666666669713e-03
1.320833333333339219e-03
1.329166666666671635e-03
1.333333333333340011e-03
1.354166666666673869e-03
1.337500000000006219e-03
1.300000000000004928e-03
1.291666666666671862e-03
1.245833333333337721e-03
1.302083333333339333e-03
1.341666666666671125e-03
1.281250000000006559e-03
1.302083333333340200e-03
1.250000000000003495e-03
1.304166666666672870e-03
1.320833333333336834e-03
1.285416666666671899e-03
1.320833333333337918e-03
1.347916666666673256e-03
1.245833333333337071e-03
1.329166666666673369e-03
1.266666666666672447e-03
1.308333333333339078e-03
1.268750000000003816e-03
1.329166666666671635e-03
1.233333333333337797e-03
1.456250000000008102e-03
1.337500000000006219e-03
1.310416666666672615e-03
1.408333333333341942e-03
1.289583333333337673e-03
1.258333333333336562e-03
1.233333333333336279e-03
1.214583333333336609e-03
1.372916666666675490e-03
1.218750000000003901e-03
1.347916666666673473e-03
1.379166666666674585e-03
1.222916666666671410e-03
1.243750000000005919e-03
1.206250000000002893e-03
1.260416666666671400e-03
1.289583333333338975e-03
1.270833333333338004e-03
1.368750000000007547e-03
1.185416666666669252e-03
1.337500000000006002e-03
1.314583333333340558e-03
1.250000000000003062e-03
1.287500000000005003e-03
1.283333333333338362e-03
1.237500000000005089e-03
1.333333333333339577e-03
1.333333333333339577e-03
1.393750000000008264e-03
1.281250000000005258e-03
1.247916666666669958e-03
1.308333333333337343e-03
1.320833333333339870e-03
1.283333333333338145e-03
1.318750000000005682e-03
1.333333333333339794e-03
1.291666666666670994e-03
1.322916666666673190e-03
1.306250000000005540e-03
1.275000000000004645e-03
1.275000000000005296e-03
1.208333333333337731e-03
1.237500000000004872e-03
1.287500000000005654e-03
1.395833333333341801e-03
1.408333333333341725e-03
1.287500000000005220e-03
1.306250000000004890e-03
1.329166666666673586e-03
1.310416666666670881e-03
1.258333333333336778e-03
1.325000000000006294e-03
1.243750000000003750e-03
1.300000000000006446e-03
1.360416666666671446e-03
1.231250000000004259e-03
1.352083333333339464e-03
1.345833333333340152e-03
1.366666666666673359e-03
1.327083333333341133e-03
1.252083333333337467e-03
1.254166666666671438e-03
1.314583333333339907e-03
1.218750000000003901e-03
1.312500000000005719e-03
1.379166666666674802e-03
1.262500000000004070e-03
1.354166666666674086e-03
1.239583333333337759e-03
1.375000000000007076e-03
1.277083333333338616e-03
1.306250000000006625e-03
1.250000000000004363e-03
1.412500000000007283e-03
1.312500000000004635e-03
1.277083333333337749e-03
1.258333333333338296e-03
1.279166666666673455e-03
1.329166666666674237e-03
1.335416666666672031e-03
1.308333333333338211e-03
1.260416666666672701e-03
1.222916666666669675e-03
1.247916666666670175e-03
1.320833333333339870e-03
1.364583333333342858e-03
1.191666666666669214e-03
1.283333333333337928e-03
1.316666666666672144e-03
1.281250000000005475e-03
1.252083333333336816e-03
1.316666666666672144e-03
1.297916666666671607e-03
1.354166666666675170e-03
1.285416666666671466e-03
1.302083333333339766e-03
1.416666666666674358e-03
1.204166666666669572e-03
1.287500000000005003e-03
1.370833333333341085e-03
1.368750000000006897e-03
1.252083333333337900e-03
1.285416666666673634e-03
1.270833333333337787e-03
1.360416666666673180e-03
1.316666666666673228e-03
1.437500000000008866e-03
1.318750000000006332e-03
1.237500000000003354e-03
1.293750000000003664e-03
1.312500000000006587e-03
1.177083333333335535e-03
1.318750000000005898e-03
1.210416666666669751e-03
1.283333333333339446e-03
1.345833333333339718e-03
1.347916666666674123e-03
1.237500000000004222e-03
1.397916666666674254e-03
1.356250000000008707e-03
1.254166666666671004e-03
1.272916666666671975e-03
1.297916666666671607e-03
1.297916666666672041e-03
1.202083333333336685e-03
1.318750000000005682e-03
1.295833333333338503e-03
1.343750000000005097e-03
1.281250000000005908e-03
1.327083333333339615e-03
1.302083333333338899e-03
1.264583333333338475e-03
1.270833333333339522e-03
1.237500000000004655e-03
1.325000000000006945e-03
1.247916666666670825e-03
1.404166666666674217e-03
1.289583333333338324e-03
1.287500000000005220e-03
1.331250000000005823e-03
1.304166666666672220e-03
1.260416666666671183e-03
1.325000000000004776e-03
1.322916666666672540e-03
1.316666666666672795e-03
1.350000000000007010e-03
1.289583333333339625e-03
1.243750000000004617e-03
1.304166666666671569e-03
1.212500000000004156e-03
1.302083333333340417e-03
1.256250000000004759e-03
1.256250000000003458e-03
1.358333333333342245e-03
1.250000000000003279e-03
1.337500000000006435e-03
1.235416666666671118e-03
1.302083333333339549e-03
1.345833333333339068e-03
1.343750000000006615e-03
1.302083333333338899e-03
1.354166666666673001e-03
1.254166666666670354e-03
1.285416666666672333e-03
1.256250000000003458e-03
1.400000000000007358e-03
1.316666666666672795e-03
1.308333333333337560e-03
1.302083333333338899e-03
1.235416666666670901e-03
1.312500000000005286e-03
1.212500000000003722e-03
1.254166666666671655e-03
1.322916666666672540e-03
1.335416666666672681e-03
1.412500000000006199e-03
1.287500000000005437e-03
1.337500000000006652e-03
1.304166666666672003e-03
1.333333333333338059e-03
1.275000000000004645e-03
1.343750000000007048e-03
1.318750000000006766e-03
1.381250000000008556e-03
1.264583333333338475e-03
1.297916666666671173e-03
1.245833333333337721e-03
1.429166666666676017e-03
1.293750000000006267e-03
1.339583333333339106e-03
1.350000000000005926e-03
1.364583333333339822e-03
1.345833333333340586e-03
1.362500000000006935e-03
1.262500000000005371e-03
1.264583333333336957e-03
1.381250000000006821e-03
1.304166666666673521e-03
1.327083333333339615e-03
1.289583333333339842e-03
1.283333333333338145e-03
1.379166666666674368e-03
1.250000000000004146e-03
1.295833333333339154e-03
1.397916666666675122e-03
1.316666666666673011e-03
1.287500000000003919e-03
1.366666666666672275e-03
1.272916666666671975e-03
1.283333333333338796e-03
1.254166666666670787e-03
1.293750000000004098e-03
1.347916666666673473e-03
1.325000000000005861e-03
1.341666666666674595e-03
1.402083333333340462e-03
1.300000000000006446e-03
1.375000000000007726e-03
1.410416666666675480e-03
1.375000000000006425e-03
1.312500000000006587e-03
1.297916666666671173e-03
1.302083333333338248e-03
1.295833333333337853e-03
1.237500000000003354e-03
1.306250000000005107e-03
1.333333333333340011e-03
1.310416666666672399e-03
1.318750000000006115e-03
1.225000000000003864e-03
1.297916666666672691e-03
1.356250000000008274e-03
1.225000000000003864e-03
1.358333333333338125e-03
1.293750000000004532e-03
1.275000000000005296e-03
1.266666666666672230e-03
1.356250000000008490e-03
1.347916666666672605e-03
1.320833333333339219e-03
1.279166666666671504e-03
1.302083333333338465e-03
1.289583333333338107e-03
1.414583333333341904e-03
1.243750000000003967e-03
1.314583333333337956e-03
1.270833333333337787e-03
1.310416666666671748e-03
1.356250000000006756e-03
1.395833333333342452e-03
1.266666666666672013e-03
1.429166666666675150e-03
1.229166666666670071e-03
1.329166666666672719e-03
1.316666666666671060e-03
1.335416666666671380e-03
1.343750000000007699e-03
1.339583333333339756e-03
1.308333333333337994e-03
1.283333333333337711e-03
1.358333333333339426e-03
1.391666666666674292e-03
1.291666666666672512e-03
1.258333333333338730e-03
1.272916666666671541e-03
1.277083333333338616e-03
1.333333333333338710e-03
1.285416666666671466e-03
1.343750000000005530e-03
1.300000000000005795e-03
1.241666666666668695e-03
1.270833333333338221e-03
1.314583333333338606e-03
1.375000000000007076e-03
1.337500000000006002e-03
1.347916666666670871e-03
1.320833333333337484e-03
1.289583333333339625e-03
1.383333333333340793e-03
1.233333333333335845e-03
1.285416666666671899e-03
1.275000000000004428e-03
1.350000000000005059e-03
1.352083333333340548e-03
1.293750000000005182e-03
1.314583333333340341e-03
1.385416666666673680e-03
1.220833333333338306e-03
1.306250000000005324e-03
1.385416666666673029e-03
1.277083333333338400e-03
1.300000000000006012e-03
1.302083333333338465e-03
1.295833333333338937e-03
1.243750000000003750e-03
1.339583333333338672e-03
1.331250000000004739e-03
1.306250000000005107e-03
1.350000000000007227e-03
1.314583333333340775e-03
1.243750000000003967e-03
1.275000000000004212e-03
1.270833333333336052e-03
1.275000000000005296e-03
1.258333333333338513e-03
1.295833333333338503e-03
1.218750000000003034e-03
1.362500000000006501e-03
1.279166666666671070e-03
1.302083333333338899e-03
1.289583333333338107e-03
1.352083333333338596e-03
1.239583333333337542e-03
1.189583333333335026e-03
1.222916666666670326e-03
1.358333333333339860e-03
1.393750000000007613e-03
1.241666666666669779e-03
1.256250000000004325e-03
1.245833333333337071e-03
1.302083333333338899e-03
1.233333333333336713e-03
1.312500000000006153e-03
1.364583333333338954e-03
1.302083333333338899e-03
1.204166666666669355e-03
1.312500000000005286e-03
1.345833333333338634e-03
1.310416666666672832e-03
1.229166666666670505e-03
1.297916666666671390e-03
1.360416666666674265e-03
1.250000000000003062e-03
1.270833333333339088e-03
1.422916666666676705e-03
1.327083333333340266e-03
1.279166666666672154e-03
1.316666666666672144e-03
1.216666666666671014e-03
1.289583333333340059e-03
1.258333333333337212e-03
1.295833333333337636e-03
1.266666666666670929e-03
1.343750000000006615e-03
1.283333333333340313e-03
1.316666666666673879e-03
1.408333333333344328e-03
1.354166666666672784e-03
1.270833333333339305e-03
1.352083333333339030e-03
1.329166666666674020e-03
1.325000000000007595e-03
1.250000000000003929e-03
1.335416666666672681e-03
1.408333333333340858e-03
1.312500000000003985e-03
1.247916666666670175e-03
1.333333333333340445e-03
1.325000000000004776e-03
1.287500000000004786e-03
1.404166666666674217e-03
1.358333333333338992e-03
1.325000000000005210e-03
1.241666666666670863e-03
1.414583333333342338e-03
1.272916666666671541e-03
1.314583333333338823e-03
1.310416666666671965e-03
1.408333333333340641e-03
1.347916666666673473e-03
1.314583333333339257e-03
1.381250000000007038e-03
1.383333333333340793e-03
1.431250000000008687e-03
1.279166666666672154e-03
1.341666666666671776e-03
1.362500000000006935e-03
1.262500000000004070e-03
1.260416666666672484e-03
1.341666666666673944e-03
1.241666666666671514e-03
1.204166666666670439e-03
1.314583333333338606e-03
1.275000000000006814e-03
1.362500000000006718e-03
1.339583333333338238e-03
1.216666666666671231e-03
1.341666666666672210e-03
1.368750000000006246e-03
1.222916666666669892e-03
1.375000000000005775e-03
1.362500000000006501e-03
1.308333333333338861e-03
1.335416666666671814e-03
1.235416666666670684e-03
1.291666666666672078e-03
1.243750000000003967e-03
1.270833333333338221e-03
1.395833333333342018e-03
1.327083333333339832e-03
1.277083333333338616e-03
1.350000000000006360e-03
1.347916666666673906e-03
1.377083333333340397e-03
1.270833333333336920e-03
1.339583333333339539e-03
1.220833333333336572e-03
1.385416666666675197e-03
1.254166666666670571e-03
1.272916666666670457e-03
1.325000000000005644e-03
1.331250000000006256e-03
1.266666666666671362e-03
1.333333333333338710e-03
1.341666666666671993e-03
1.345833333333339068e-03
1.304166666666672003e-03
1.268750000000005334e-03
1.381250000000008556e-03
1.345833333333339502e-03
1.272916666666670457e-03
1.331250000000006256e-03
1.285416666666671899e-03
1.279166666666672154e-03
1.347916666666672605e-03
1.337500000000004918e-03
1.277083333333338183e-03
1.272916666666671541e-03
1.456250000000008319e-03
1.227083333333336317e-03
1.312500000000007237e-03
1.381250000000007255e-03
1.306250000000005324e-03
1.285416666666670815e-03
1.358333333333340076e-03
1.268750000000004900e-03
1.191666666666669431e-03
1.293750000000006267e-03
1.368750000000006680e-03
1.314583333333340124e-03
1.345833333333339502e-03
1.222916666666670543e-03
1.325000000000006077e-03
1.279166666666672154e-03
1.372916666666673322e-03
1.187500000000001922e-03
1.300000000000005578e-03
1.322916666666672757e-03
1.368750000000006680e-03
1.216666666666670147e-03
1.383333333333341660e-03
1.385416666666674981e-03
1.283333333333339880e-03
1.335416666666672247e-03
1.322916666666671673e-03
1.397916666666674905e-03
1.297916666666672474e-03
1.172916666666669328e-03
1.229166666666670288e-03
1.379166666666675018e-03
1.327083333333339832e-03
1.233333333333336279e-03
1.333333333333340445e-03
1.329166666666673153e-03
1.320833333333339002e-03
1.422916666666673670e-03
1.333333333333339360e-03
1.354166666666672784e-03
1.304166666666671569e-03
1.343750000000007699e-03
1.300000000000005795e-03
1.297916666666671173e-03
1.295833333333337419e-03
1.425000000000006557e-03
1.354166666666674086e-03
1.308333333333339512e-03
1.329166666666673586e-03
1.318750000000006766e-03
1.322916666666672540e-03
1.283333333333337061e-03
1.281250000000004607e-03
1.295833333333338286e-03
1.289583333333339191e-03
1.254166666666671004e-03
1.327083333333339615e-03
1.247916666666672777e-03
1.293750000000004749e-03
1.272916666666671541e-03
1.285416666666671899e-03
1.352083333333338596e-03
1.379166666666673067e-03
1.316666666666670192e-03
1.302083333333339116e-03
1.241666666666669345e-03
1.310416666666672182e-03
1.235416666666670467e-03
1.331250000000005823e-03
1.231250000000002091e-03
1.412500000000008584e-03
1.279166666666671287e-03
1.352083333333339464e-03
1.256250000000005192e-03
1.210416666666670185e-03
1.297916666666671390e-03
1.270833333333338654e-03
1.275000000000005079e-03
1.337500000000006869e-03
1.283333333333339229e-03
1.412500000000009451e-03
1.335416666666673765e-03
1.287500000000006304e-03
1.379166666666674151e-03
1.279166666666670853e-03
1.360416666666673614e-03
1.385416666666674547e-03
1.287500000000003269e-03
1.208333333333335563e-03
1.308333333333339945e-03
1.300000000000005795e-03
1.247916666666670608e-03
1.383333333333340793e-03
1.237500000000004438e-03
1.310416666666672182e-03
1.277083333333339050e-03
1.297916666666672257e-03
1.333333333333341312e-03
1.327083333333339832e-03
1.383333333333341009e-03
1.302083333333340200e-03
1.345833333333339935e-03
1.325000000000006077e-03
1.279166666666669769e-03
1.400000000000009093e-03
1.216666666666670581e-03
1.237500000000003788e-03
1.310416666666671531e-03
1.306250000000005107e-03
1.268750000000004683e-03
1.277083333333337966e-03
1.337500000000008170e-03
1.289583333333338541e-03
1.337500000000005134e-03
1.247916666666670825e-03
1.360416666666673831e-03
1.416666666666676309e-03
1.312500000000005719e-03
1.331250000000005823e-03
1.289583333333338758e-03
1.272916666666670457e-03
1.370833333333341519e-03
1.354166666666673435e-03
1.281250000000005475e-03
1.289583333333338541e-03
1.358333333333339426e-03
1.293750000000006050e-03
1.295833333333338503e-03
1.285416666666671466e-03
1.289583333333337673e-03
1.235416666666671335e-03
1.333333333333340228e-03
1.295833333333338069e-03
1.310416666666672832e-03
1.327083333333339832e-03
1.350000000000005709e-03
1.339583333333341491e-03
1.316666666666671493e-03
1.331250000000006040e-03
1.339583333333339323e-03
1.329166666666673586e-03
1.304166666666671786e-03
1.325000000000003909e-03
1.447916666666674819e-03
1.322916666666671673e-03
1.356250000000006973e-03
1.283333333333339229e-03
1.293750000000004315e-03
1.289583333333338107e-03
1.331250000000005389e-03
1.272916666666672626e-03
1.256250000000005409e-03
1.331250000000006256e-03
1.281250000000005908e-03
1.362500000000006067e-03
1.325000000000005427e-03
1.281250000000005041e-03
1.364583333333339822e-03
1.177083333333334885e-03
1.254166666666671438e-03
1.350000000000006360e-03
1.302083333333340634e-03
1.310416666666671531e-03
1.247916666666670392e-03
1.310416666666672399e-03
1.339583333333339973e-03
1.237500000000003137e-03
1.362500000000009320e-03
1.227083333333336100e-03
1.279166666666670853e-03
1.283333333333338579e-03
1.272916666666670457e-03
1.268750000000004466e-03
1.197916666666668526e-03
1.304166666666672436e-03
1.272916666666672192e-03
1.250000000000003712e-03
1.368750000000007331e-03
1.412500000000009668e-03
1.220833333333337656e-03
1.281250000000005041e-03
1.266666666666672663e-03
1.295833333333339587e-03
1.320833333333338569e-03
1.254166666666670787e-03
1.208333333333335563e-03
1.306250000000004890e-03
1.358333333333340727e-03
1.310416666666671314e-03
1.218750000000004118e-03
1.366666666666672926e-03
1.312500000000005069e-03
1.327083333333339832e-03
1.316666666666671927e-03
1.310416666666673049e-03
1.237500000000005089e-03
1.289583333333339842e-03
1.352083333333338813e-03
1.277083333333338183e-03
1.318750000000006766e-03
1.312500000000006370e-03
1.231250000000002742e-03
1.245833333333338155e-03
1.354166666666672351e-03
1.250000000000005013e-03
1.350000000000006360e-03
1.339583333333340624e-03
1.406250000000007537e-03
1.229166666666669204e-03
1.250000000000004797e-03
1.270833333333339739e-03
1.327083333333340049e-03
1.318750000000006983e-03
1.285416666666671032e-03
1.264583333333338475e-03
1.362500000000005851e-03
1.335416666666674199e-03
1.254166666666670787e-03
1.289583333333337673e-03
1.329166666666672285e-03
1.377083333333339963e-03
1.270833333333338004e-03
1.297916666666672257e-03
1.383333333333339925e-03
1.341666666666671776e-03
1.275000000000003561e-03
1.347916666666673256e-03
1.266666666666671362e-03
1.281250000000005692e-03
1.239583333333336024e-03
1.352083333333340548e-03
1.368750000000006030e-03
1.410416666666673528e-03
1.262500000000004504e-03
1.260416666666671617e-03
1.239583333333339060e-03
1.283333333333338362e-03
1.247916666666670608e-03
1.356250000000008274e-03
1.254166666666672522e-03
1.377083333333339963e-03
1.397916666666674688e-03
1.368750000000005813e-03
1.364583333333339605e-03
1.306250000000005974e-03
1.262500000000004070e-03
1.285416666666671466e-03
1.191666666666669214e-03
1.231250000000004910e-03
1.364583333333340906e-03
1.218750000000002600e-03
1.414583333333340387e-03
1.322916666666673624e-03
1.243750000000004617e-03
1.281250000000006559e-03
1.339583333333341274e-03
1.391666666666675160e-03
1.264583333333337825e-03
1.241666666666669779e-03
1.283333333333337928e-03
1.283333333333337711e-03
1.370833333333341085e-03
1.320833333333339436e-03
1.289583333333338975e-03
1.229166666666669855e-03
1.266666666666671362e-03
1.343750000000006398e-03
1.283333333333337278e-03
1.322916666666672323e-03
1.214583333333336826e-03
1.225000000000003864e-03
1.302083333333338682e-03
1.289583333333339625e-03
1.279166666666672154e-03
1.322916666666673407e-03
1.256250000000005192e-03
1.247916666666670608e-03
1.387500000000009386e-03
1.302083333333339333e-03
1.237500000000004222e-03
1.360416666666674265e-03
1.364583333333339605e-03
1.281250000000004391e-03
1.400000000000006057e-03
1.289583333333338541e-03
1.275000000000003778e-03
1.337500000000006435e-03
1.304166666666672653e-03
1.410416666666674179e-03
1.329166666666673369e-03
1.354166666666674302e-03
1.250000000000003279e-03
1.268750000000005550e-03
1.304166666666672870e-03
1.293750000000004532e-03
1.193750000000002318e-03
1.310416666666671965e-03
1.291666666666670994e-03
1.266666666666671796e-03
1.443750000000008395e-03
1.227083333333336534e-03
1.314583333333338823e-03
1.312500000000005719e-03
1.279166666666671720e-03
1.270833333333337570e-03
1.341666666666673511e-03
1.416666666666671973e-03
1.237500000000004005e-03
1.383333333333340359e-03
1.347916666666673039e-03
1.279166666666671937e-03
1.293750000000006050e-03
1.295833333333340021e-03
1.283333333333337494e-03
1.333333333333339577e-03
1.366666666666675311e-03
1.275000000000005079e-03
1.210416666666669101e-03
1.241666666666671080e-03
1.339583333333338672e-03
1.354166666666673218e-03
1.343750000000007265e-03
1.372916666666674406e-03
1.347916666666674557e-03
1.375000000000008594e-03
1.293750000000003448e-03
1.279166666666672371e-03
1.281250000000004391e-03
1.252083333333338117e-03
1.256250000000004325e-03
1.312500000000005069e-03
1.341666666666672210e-03
1.304166666666671352e-03
1.208333333333337081e-03
1.195833333333335422e-03
1.354166666666673218e-03
1.335416666666674849e-03
1.250000000000003279e-03
1.429166666666676234e-03
1.310416666666671965e-03
1.229166666666670939e-03
1.333333333333339360e-03
1.293750000000006917e-03
1.250000000000004146e-03
1.287500000000005220e-03
1.272916666666671108e-03
1.429166666666675583e-03
1.310416666666671531e-03
1.320833333333339436e-03
1.308333333333338861e-03
1.322916666666671673e-03
1.383333333333341443e-03
1.339583333333339539e-03
1.293750000000004749e-03
1.318750000000006983e-03
1.316666666666673228e-03
1.347916666666674774e-03
1.279166666666671937e-03
1.318750000000006115e-03
1.352083333333340982e-03
1.272916666666671541e-03
1.304166666666672220e-03
1.287500000000006738e-03
1.250000000000002845e-03
1.360416666666673397e-03
1.302083333333338248e-03
1.258333333333336995e-03
1.350000000000005492e-03
1.327083333333339398e-03
1.272916666666672842e-03
1.327083333333338531e-03
1.350000000000006143e-03
1.314583333333337956e-03
1.287500000000005003e-03
1.352083333333340114e-03
1.235416666666670901e-03
1.239583333333337759e-03
1.337500000000007303e-03
1.291666666666672078e-03
1.331250000000005606e-03
1.327083333333340482e-03
1.287500000000004786e-03
1.216666666666669280e-03
1.285416666666671683e-03
1.281250000000005692e-03
1.356250000000006756e-03
1.322916666666671889e-03
1.289583333333339625e-03
1.279166666666671720e-03
1.306250000000005324e-03
1.291666666666671211e-03
1.391666666666673642e-03
1.387500000000008518e-03
1.285416666666671466e-03
1.262500000000004070e-03
1.379166666666673284e-03
1.275000000000004645e-03
1.291666666666672512e-03
1.270833333333338221e-03
1.275000000000003778e-03
1.300000000000005361e-03
1.256250000000004325e-03
1.297916666666672257e-03
1.341666666666673077e-03
1.341666666666672426e-03
1.281250000000005258e-03
1.283333333333338362e-03
1.312500000000005719e-03
1.341666666666672860e-03
1.325000000000005861e-03
1.291666666666672946e-03
1.322916666666671239e-03
1.287500000000006087e-03
1.306250000000005540e-03
1.325000000000006511e-03
1.295833333333338720e-03
1.297916666666672257e-03
1.256250000000003674e-03
1.283333333333338362e-03
1.262500000000003420e-03
1.293750000000004749e-03
1.327083333333338748e-03
1.300000000000004494e-03
1.320833333333338785e-03
1.437500000000007565e-03
1.304166666666673738e-03
1.337500000000007737e-03
1.293750000000004098e-03
1.375000000000006859e-03
1.229166666666669855e-03
1.337500000000006219e-03
1.270833333333338654e-03
1.241666666666671297e-03
1.354166666666672134e-03
1.327083333333338314e-03
1.250000000000004363e-03
1.268750000000005984e-03
1.352083333333340548e-03
1.327083333333338748e-03
1.289583333333339842e-03
1.368750000000006680e-03
1.366666666666672492e-03
1.356250000000005888e-03
1.297916666666672257e-03
1.302083333333338465e-03
1.358333333333338992e-03
1.329166666666673153e-03
1.204166666666670223e-03
1.341666666666673727e-03
1.347916666666674123e-03
1.222916666666670109e-03
1.350000000000007010e-03
1.350000000000005709e-03
1.431250000000008687e-03
1.591666666666678069e-03
1.656250000000012313e-03
1.595833333333345145e-03
1.895833333333350051e-03
1.904166666666682250e-03
2.066666666666683652e-03
2.185416666666682717e-03
2.189583333333351527e-03
2.168750000000013983e-03
2.375000000000018156e-03
2.412500000000017929e-03
2.325000000000018024e-03
2.404166666666682911e-03
2.466666666666680365e-03
2.656250000000015370e-03
2.356250000000017619e-03
2.562500000000017021e-03
2.468750000000016070e-03
2.539583333333347674e-03
2.654166666666682266e-03
2.585416666666679863e-03
2.683333333333345287e-03
2.643750000000016746e-03
2.700000000000012720e-03
2.706250000000016368e-03
2.545833333333350455e-03
2.652083333333351764e-03
2.658333333333352810e-03
2.747916666666681048e-03
2.843750000000017271e-03
2.770833333333349094e-03
2.775000000000017904e-03
2.883333333333349281e-03
2.814583333333346444e-03
2.747916666666684517e-03
2.762500000000017979e-03
2.985416666666684815e-03
2.858333333333351600e-03
2.939583333333353060e-03
2.912500000000018806e-03
2.866666666666682281e-03
2.916666666666684147e-03
2.829166666666682942e-03
2.870833333333353259e-03
2.993750000000015496e-03
2.847916666666688249e-03
2.825000000000018469e-03
2.912500000000016638e-03
2.793750000000019742e-03
2.912500000000019240e-03
2.822916666666684497e-03
2.914583333333349742e-03
2.981250000000020776e-03
2.983333333333350844e-03
2.935416666666679046e-03
3.012500000000018635e-03
2.939583333333350458e-03
3.008333333333349392e-03
2.956250000000016590e-03
3.054166666666685483e-03
2.933333333333348111e-03
3.008333333333352861e-03
2.922916666666683892e-03
3.035416666666684946e-03
2.952083333333351683e-03
2.931250000000017609e-03
2.941666666666685297e-03
3.037500000000014581e-03
3.022916666666685889e-03
2.997916666666684306e-03
2.958333333333347092e-03
3.052083333333353680e-03
2.927083333333351835e-03
3.010416666666682929e-03
3.029166666666681731e-03
2.966666666666681676e-03
2.885416666666683252e-03
2.958333333333349260e-03
3.002083333333349213e-03
2.918750000000013348e-03
2.950000000000018580e-03
2.947916666666684608e-03
2.943750000000014497e-03
3.058333333333347788e-03
3.025000000000017692e-03
2.970833333333350052e-03
2.962500000000018070e-03
3.068750000000021981e-03
2.983333333333345206e-03
2.975000000000018428e-03
3.070833333333348580e-03
3.045833333333352634e-03
3.093750000000014024e-03
3.012500000000018201e-03
2.995833333333349901e-03
2.958333333333352296e-03
2.997916666666683872e-03
2.970833333333348317e-03
2.704166666666681096e-03
2.383333333333349704e-03
2.160416666666681133e-03
1.897916666666684456e-03
1.783333333333347696e-03
1.706250000000013095e-03
1.520833333333343430e-03
1.468750000000007159e-03
1.458333333333342073e-03
1.300000000000006446e-03
1.354166666666674086e-03
1.322916666666672540e-03
1.408333333333341509e-03
1.141666666666668216e-03
1.162500000000002073e-03
1.137500000000001140e-03
1.037499999999998710e-03
1.172916666666669111e-03
1.097916666666666529e-03
1.160416666666667885e-03
1.195833333333336289e-03
1.035416666666664955e-03
1.052083333333331955e-03
1.108333333333333566e-03
1.070833333333333359e-03
1.166666666666668715e-03
1.104166666666666708e-03
1.110416666666667537e-03
1.077083333333332671e-03
1.077083333333333105e-03
1.062499999999999209e-03
1.033333333333331851e-03
1.122916666666667245e-03
1.129166666666666990e-03
1.116666666666667499e-03
1.079166666666666208e-03
1.077083333333333105e-03
1.116666666666667283e-03
1.112500000000001075e-03
1.022916666666664814e-03
1.081249999999999963e-03
1.062499999999998775e-03
1.102083333333334038e-03
9.854166666666639568e-04
1.033333333333331635e-03
1.018749999999997522e-03
1.041666666666665568e-03
1.018749999999997739e-03
1.070833333333332275e-03
1.091666666666667434e-03
1.045833333333332426e-03
1.093750000000000321e-03
1.058333333333333001e-03
1.033333333333331418e-03
1.064583333333333180e-03
1.089583333333333029e-03
1.085416666666666387e-03
1.070833333333332926e-03
1.075000000000000218e-03
1.029166666666664993e-03
1.064583333333332747e-03
1.137500000000000924e-03
1.125000000000001433e-03
1.024999999999998135e-03
1.004166666666664277e-03
1.072916666666665813e-03
1.175000000000002215e-03
1.068749999999999605e-03
1.068749999999999388e-03
1.141666666666667782e-03
1.016666666666664418e-03
1.037499999999998493e-03
1.108333333333334217e-03
1.102083333333333387e-03
1.125000000000001216e-03
1.093750000000001188e-03
1.072916666666666029e-03
1.154166666666669224e-03
1.085416666666666171e-03
1.018749999999997956e-03
1.052083333333332172e-03
1.085416666666666821e-03
1.100000000000000500e-03
1.110416666666667537e-03
1.072916666666666029e-03
1.070833333333333359e-03
1.062499999999998342e-03
1.085416666666666387e-03
1.047916666666665964e-03
1.129166666666666990e-03
1.085416666666666821e-03
1.100000000000000066e-03
9.833333333333306361e-04
1.102083333333333387e-03
1.120833333333334141e-03
1.141666666666668216e-03
1.056249999999999247e-03
1.049999999999999068e-03
1.020833333333331060e-03
1.118750000000001254e-03
1.187500000000002789e-03
1.029166666666665210e-03
1.114583333333334829e-03
1.122916666666667028e-03
1.087499999999999925e-03
1.097916666666667396e-03
1.147916666666668611e-03
1.208333333333336647e-03
1.093750000000000104e-03
1.060416666666666322e-03
1.110416666666667971e-03
1.143750000000001319e-03
1.131250000000001395e-03
1.093750000000000538e-03
1.016666666666664418e-03
9.749999999999974616e-04
1.062499999999999643e-03
1.058333333333332134e-03
1.131250000000000961e-03
1.172916666666668894e-03
1.072916666666666680e-03
1.068749999999998737e-03
1.114583333333333528e-03
1.102083333333334038e-03
9.916666666666641358e-04
1.139583333333333811e-03
9.833333333333306361e-04
1.164583333333336261e-03
1.114583333333332661e-03
1.135416666666666952e-03
1.106250000000000679e-03
1.002083333333330739e-03
1.179166666666669290e-03
1.195833333333335422e-03
1.075000000000000001e-03
1.060416666666665671e-03
1.054166666666665059e-03
1.070833333333332926e-03
1.097916666666667613e-03
1.095833333333332124e-03
1.085416666666665520e-03
1.066666666666666501e-03
1.066666666666665850e-03
1.127083333333333236e-03
1.181250000000002177e-03
1.141666666666668649e-03
1.079166666666665992e-03
1.122916666666667462e-03
1.079166666666666208e-03
1.029166666666665210e-03
1.168750000000002686e-03
1.133333333333334282e-03
1.068750000000000039e-03
1.062499999999999426e-03
1.158333333333335215e-03
1.150000000000002366e-03
1.166666666666669148e-03
1.118749999999999953e-03
1.112499999999999774e-03
1.083333333333333500e-03
1.037499999999998493e-03
1.179166666666669723e-03
1.143750000000001536e-03
1.097916666666665661e-03
9.916666666666641358e-04
1.110416666666667320e-03
1.206250000000003760e-03
1.160416666666669620e-03
1.131250000000001395e-03
1.047916666666664880e-03
1.139583333333335112e-03
1.158333333333334998e-03
1.143750000000001319e-03
1.077083333333332888e-03
1.125000000000001650e-03
1.110416666666667754e-03
1.091666666666666133e-03
1.110416666666667537e-03
1.137500000000001791e-03
1.181250000000001743e-03
1.097916666666666962e-03
1.156250000000002545e-03
1.072916666666666029e-03
1.143750000000000452e-03
1.166666666666668932e-03
1.158333333333335649e-03
1.124999999999999915e-03
1.133333333333334716e-03
1.110416666666667320e-03
1.193750000000002968e-03
1.104166666666666925e-03
1.162500000000001640e-03
1.147916666666668178e-03
1.206250000000003543e-03
1.145833333333335291e-03
1.156250000000001677e-03
1.085416666666667038e-03
1.164583333333335828e-03
1.208333333333335780e-03
1.181250000000002827e-03
1.127083333333335187e-03
1.039583333333332464e-03
1.020833333333331277e-03
1.143750000000000886e-03
1.104166666666666491e-03
1.104166666666666708e-03
1.114583333333333745e-03
1.220833333333336788e-03
1.204166666666669355e-03
1.139583333333334895e-03
1.143750000000001319e-03
1.158333333333335649e-03
1.122916666666668546e-03
1.124999999999999915e-03
1.135416666666668253e-03
1.131250000000000311e-03
1.133333333333334716e-03
1.118750000000001254e-03
1.089583333333332595e-03
1.193750000000002968e-03
1.125000000000001867e-03
1.150000000000002366e-03
1.118750000000001037e-03
1.164583333333336695e-03
1.218750000000002600e-03
1.106250000000000462e-03
1.106250000000000896e-03
1.137500000000001791e-03
1.116666666666667283e-03
1.079166666666665992e-03
1.189583333333335676e-03
1.093750000000000538e-03
1.083333333333333067e-03
1.133333333333334282e-03
1.179166666666669940e-03
1.181250000000001743e-03
1.127083333333332802e-03
1.158333333333334565e-03
1.195833333333335422e-03
1.191666666666669214e-03
1.185416666666667517e-03
1.177083333333334885e-03
1.197916666666671128e-03
1.158333333333335215e-03
1.143750000000001536e-03
1.156250000000001677e-03
1.216666666666669496e-03
1.227083333333337401e-03
1.062499999999999643e-03
1.154166666666668140e-03
1.164583333333334310e-03
1.035416666666664955e-03
1.202083333333335167e-03
1.160416666666669186e-03
1.087499999999999708e-03
1.074999999999999567e-03
1.093750000000000538e-03
1.206250000000003760e-03
1.093750000000000538e-03
1.237500000000003354e-03
1.227083333333337401e-03
1.139583333333334678e-03
1.131250000000001612e-03
1.133333333333334716e-03
1.135416666666667169e-03
1.204166666666669138e-03
1.150000000000002149e-03
1.222916666666669892e-03
1.104166666666667358e-03
1.095833333333333858e-03
1.093750000000000104e-03
1.162500000000002507e-03
1.147916666666667961e-03
1.120833333333333707e-03
1.150000000000002799e-03
1.166666666666668281e-03
1.172916666666669328e-03
1.160416666666668536e-03
1.187500000000003657e-03
1.175000000000001998e-03
1.183333333333336365e-03
1.139583333333334461e-03
1.116666666666667499e-03
1.181250000000002177e-03
1.204166666666670873e-03
1.168750000000002469e-03
1.275000000000005079e-03
1.195833333333336072e-03
1.225000000000003647e-03
1.043749999999999106e-03
1.137500000000000707e-03
1.108333333333334433e-03
1.181250000000003261e-03
1.114583333333334179e-03
1.168750000000002469e-03
1.127083333333335187e-03
1.058333333333331917e-03
1.097916666666667179e-03
1.077083333333333105e-03
1.141666666666667782e-03
1.147916666666667744e-03
1.150000000000001932e-03
1.110416666666667971e-03
1.195833333333336289e-03
1.062499999999998992e-03
1.202083333333337119e-03
1.197916666666670260e-03
1.158333333333335215e-03
1.137500000000001140e-03
1.129166666666667641e-03
1.083333333333333284e-03
1.187500000000002356e-03
1.164583333333336045e-03
1.135416666666667820e-03
1.172916666666669761e-03
1.208333333333337948e-03
1.118750000000000603e-03
1.114583333333334179e-03
1.185416666666669469e-03
1.220833333333337439e-03
1.310416666666672615e-03
1.135416666666667386e-03
1.189583333333336327e-03
1.056249999999998813e-03
1.079166666666666642e-03
1.118750000000001904e-03
1.272916666666670674e-03
1.291666666666672295e-03
1.091666666666667000e-03
1.164583333333334744e-03
1.131250000000000311e-03
1.106250000000000028e-03
1.170833333333335790e-03
1.310416666666673266e-03
1.256250000000003458e-03
1.054166666666665276e-03
1.197916666666669827e-03
1.210416666666669968e-03
1.300000000000005795e-03
1.235416666666671118e-03
1.137500000000000490e-03
1.137500000000000707e-03
1.187500000000002139e-03
1.164583333333335611e-03
1.179166666666668856e-03
1.225000000000003647e-03
1.104166666666666708e-03
1.156250000000002545e-03
1.216666666666670364e-03
1.195833333333335422e-03
1.145833333333334857e-03
1.150000000000002799e-03
1.143750000000001753e-03
1.220833333333337005e-03
1.137500000000001140e-03
1.197916666666670260e-03
1.247916666666670608e-03
1.083333333333333717e-03
1.239583333333337109e-03
1.225000000000004297e-03
1.108333333333334000e-03
1.172916666666668026e-03
1.197916666666670044e-03
1.139583333333333811e-03
1.172916666666668460e-03
1.172916666666668677e-03
1.150000000000001498e-03
1.202083333333336035e-03
1.270833333333337787e-03
1.185416666666670987e-03
1.152083333333334602e-03
1.160416666666668536e-03
1.222916666666671193e-03
1.227083333333337401e-03
1.233333333333337363e-03
1.191666666666669214e-03
1.154166666666669224e-03
1.175000000000001130e-03
1.177083333333335752e-03
1.254166666666670571e-03
1.193750000000001884e-03
1.158333333333334781e-03
1.220833333333337873e-03
1.202083333333336035e-03
1.260416666666671183e-03
1.162500000000001423e-03
1.179166666666669723e-03
1.195833333333336506e-03
1.158333333333334998e-03
1.239583333333336458e-03
1.118750000000001471e-03
1.204166666666670656e-03
1.227083333333336534e-03
1.235416666666670467e-03
1.235416666666670467e-03
1.208333333333336647e-03
1.145833333333335724e-03
1.229166666666669638e-03
1.220833333333337439e-03
1.141666666666667782e-03
