5.305555555555542969e-04
6.138888888888873428e-04
6.611111111111093877e-04
7.611111111111092163e-04
9.083333333333308730e-04
9.472222222222195266e-04
1.005555555555552724e-03
1.091666666666663748e-03
1.116666666666663379e-03
1.211111111111107469e-03
1.338888888888885124e-03
1.341666666666662885e-03
1.336111111111107147e-03
1.316666666666662820e-03
1.466666666666662563e-03
1.469444444444440107e-03
1.544444444444440087e-03
1.488888888888884434e-03
1.552777777777773370e-03
1.666666666666661569e-03
1.580555555555550763e-03
1.497222222222217717e-03
1.766666666666660964e-03
1.597222222222217328e-03
1.672222222222217091e-03
1.699999999999994918e-03
1.780555555555550203e-03
1.683333333333328569e-03
1.636111111111106416e-03
1.669444444444439330e-03
1.686111111111106113e-03
1.633333333333328438e-03
1.672222222222217091e-03
1.769444444444439376e-03
1.636111111111106199e-03
1.713888888888883940e-03
1.844444444444438705e-03
1.644444444444439482e-03
1.727777777777772744e-03
1.766666666666661181e-03
1.841666666666661161e-03
1.783333333333327964e-03
1.822222222222216834e-03
1.738888888888883572e-03
1.716666666666661917e-03
1.805555555555550052e-03
1.749999999999994832e-03
1.769444444444439376e-03
1.899999999999994141e-03
1.880555555555550032e-03
1.861111111111105488e-03
1.819444444444438857e-03
1.861111111111105488e-03
1.708333333333328201e-03
1.866666666666661227e-03
1.658333333333328503e-03
1.799999999999994747e-03
1.824999999999994595e-03
1.791666666666661464e-03
1.783333333333328181e-03
1.883333333333327793e-03
1.738888888888883788e-03
1.827777777777772139e-03
1.894444444444439053e-03
1.630555555555550677e-03
1.730555555555550505e-03
1.847222222222216683e-03
1.905555555555550097e-03
1.852777777777772205e-03
1.886111111111105553e-03
1.955555555555549795e-03
1.933333333333327273e-03
1.930555555555549729e-03
1.838888888888883400e-03
1.849999999999994444e-03
1.877777777777772271e-03
1.749999999999994832e-03
1.949999999999994273e-03
1.844444444444438922e-03
1.724999999999994767e-03
1.744444444444439093e-03
1.772222222222216920e-03
1.880555555555549815e-03
1.794444444444439008e-03
1.730555555555550289e-03
1.791666666666661464e-03
1.936111111111105251e-03
1.830555555555549900e-03
1.844444444444438705e-03
1.824999999999994595e-03
1.813888888888883335e-03
1.772222222222216920e-03
1.783333333333328181e-03
1.763888888888883420e-03
1.786111111111105942e-03
1.894444444444438620e-03
1.805555555555550052e-03
1.922222222222216229e-03
1.899999999999994358e-03
1.786111111111105725e-03
1.819444444444439290e-03
1.883333333333327793e-03
1.961111111111104883e-03
1.894444444444438836e-03
1.916666666666660924e-03
1.780555555555550420e-03
1.858333333333328161e-03
1.733333333333328266e-03
1.805555555555550052e-03
1.749999999999994832e-03
1.769444444444439376e-03
1.899999999999994358e-03
1.847222222222216683e-03
1.824999999999994595e-03
1.816666666666661096e-03
1.858333333333327944e-03
1.758333333333327898e-03
1.844444444444438922e-03
1.808333333333328029e-03
1.902777777777771902e-03
1.819444444444439073e-03
2.027777777777772013e-03
1.938888888888882795e-03
1.894444444444438836e-03
1.922222222222216446e-03
1.861111111111105488e-03
1.852777777777772205e-03
1.797222222222216769e-03
1.836111111111105639e-03
1.855555555555549966e-03
1.836111111111105639e-03
1.874999999999994726e-03
1.872222222222216749e-03
1.769444444444439376e-03
1.874999999999994293e-03
1.824999999999994595e-03
1.824999999999994595e-03
1.836111111111105639e-03
1.919444444444438468e-03
1.861111111111105705e-03
1.861111111111105705e-03
1.944444444444438751e-03
1.911111111111105402e-03
1.849999999999994227e-03
2.011111111111105014e-03
1.824999999999994378e-03
1.897222222222216597e-03
1.849999999999994227e-03
1.886111111111105553e-03
1.824999999999994595e-03
1.897222222222216597e-03
1.827777777777772356e-03
1.822222222222216617e-03
1.905555555555550097e-03
1.894444444444438836e-03
1.855555555555549966e-03
1.844444444444438705e-03
1.805555555555550269e-03
1.822222222222216834e-03
1.841666666666660944e-03
1.752777777777772593e-03
1.738888888888883788e-03
1.783333333333328181e-03
1.788888888888883486e-03
1.836111111111105422e-03
1.894444444444438836e-03
1.847222222222216683e-03
1.880555555555549815e-03
1.883333333333327793e-03
1.786111111111105725e-03
1.766666666666661398e-03
1.872222222222216749e-03
1.841666666666660944e-03
1.863888888888883466e-03
1.974999999999994121e-03
1.866666666666661227e-03
1.813888888888883335e-03
1.891666666666660859e-03
1.841666666666661161e-03
1.858333333333327944e-03
1.861111111111105705e-03
1.758333333333328115e-03
1.966666666666660838e-03
1.913888888888883163e-03
1.786111111111105725e-03
1.761111111111105659e-03
1.794444444444439008e-03
1.847222222222216683e-03
1.841666666666661161e-03
1.805555555555550269e-03
1.680555555555550591e-03
1.847222222222216683e-03
1.891666666666661075e-03
1.791666666666661464e-03
1.866666666666661010e-03
1.866666666666661227e-03
1.908333333333327641e-03
1.808333333333328029e-03
1.755555555555550354e-03
1.997222222222216209e-03
1.791666666666661247e-03
1.988888888888882926e-03
1.905555555555549663e-03
1.858333333333327727e-03
1.936111111111105034e-03
1.827777777777772356e-03
1.877777777777772271e-03
1.941666666666660556e-03
1.747222222222216854e-03
1.844444444444438705e-03
1.824999999999994595e-03
1.866666666666661227e-03
1.905555555555549663e-03
1.747222222222217071e-03
1.761111111111105659e-03
1.877777777777772271e-03
1.811111111111105790e-03
1.808333333333328029e-03
1.824999999999994378e-03
1.838888888888883183e-03
1.755555555555550137e-03
1.813888888888883551e-03
1.858333333333327727e-03
1.908333333333327641e-03
1.880555555555549815e-03
1.836111111111105639e-03
1.941666666666660773e-03
1.672222222222217091e-03
1.802777777777772508e-03
1.941666666666660773e-03
1.869444444444438988e-03
1.794444444444439225e-03
1.863888888888883249e-03
1.736111111111106027e-03
1.877777777777772271e-03
1.680555555555550591e-03
1.919444444444438685e-03
1.852777777777772205e-03
1.874999999999994510e-03
1.961111111111105317e-03
1.902777777777772119e-03
1.902777777777772119e-03
1.899999999999994358e-03
1.911111111111105619e-03
1.977777777777771882e-03
1.899999999999994141e-03
1.733333333333328266e-03
1.816666666666661312e-03
1.991666666666660687e-03
1.969444444444438166e-03
1.688888888888884091e-03
1.841666666666660944e-03
1.805555555555549835e-03
1.972222222222216360e-03
1.952777777777772250e-03
1.863888888888883466e-03
1.730555555555550289e-03
1.994444444444438882e-03
1.880555555555550032e-03
1.894444444444438836e-03
1.833333333333327878e-03
1.888888888888883098e-03
1.886111111111105553e-03
1.827777777777772356e-03
1.838888888888883400e-03
1.855555555555549749e-03
1.819444444444438857e-03
1.980555555555549210e-03
1.780555555555550420e-03
1.880555555555550032e-03
2.022222222222216492e-03
1.805555555555550052e-03
1.769444444444439376e-03
1.852777777777772205e-03
1.766666666666661398e-03
1.930555555555549946e-03
1.744444444444439093e-03
1.766666666666661398e-03
1.908333333333327641e-03
1.802777777777772508e-03
1.769444444444439376e-03
1.886111111111105553e-03
1.861111111111105705e-03
1.822222222222216834e-03
1.794444444444439008e-03
1.899999999999994575e-03
1.833333333333327661e-03
1.869444444444439205e-03
1.811111111111105574e-03
1.894444444444438836e-03
1.869444444444438771e-03
1.799999999999994747e-03
1.908333333333327424e-03
1.883333333333327793e-03
1.838888888888883400e-03
1.738888888888883572e-03
1.830555555555550117e-03
1.888888888888883314e-03
1.808333333333327813e-03
1.763888888888883420e-03
1.877777777777772271e-03
1.722222222222217006e-03
1.794444444444439225e-03
1.844444444444438705e-03
1.819444444444439073e-03
1.799999999999994747e-03
1.944444444444438968e-03
1.786111111111105942e-03
1.877777777777772271e-03
1.838888888888883400e-03
2.016666666666660536e-03
1.838888888888883400e-03
1.783333333333328181e-03
1.952777777777772034e-03
1.908333333333327641e-03
1.841666666666661161e-03
1.813888888888883551e-03
1.749999999999994615e-03
1.805555555555550269e-03
1.930555555555549729e-03
1.799999999999994747e-03
1.838888888888883400e-03
1.883333333333327793e-03
1.897222222222216597e-03
1.880555555555549815e-03
1.897222222222216597e-03
1.783333333333327964e-03
1.741666666666661333e-03
1.872222222222216532e-03
1.833333333333328095e-03
1.819444444444439073e-03
1.794444444444439225e-03
1.894444444444438836e-03
1.822222222222216617e-03
1.797222222222216986e-03
1.863888888888883466e-03
1.855555555555549749e-03
1.794444444444439225e-03
1.847222222222216466e-03
1.733333333333328050e-03
1.902777777777771902e-03
1.902777777777772119e-03
1.697222222222217157e-03
1.774999999999994898e-03
1.944444444444438751e-03
1.824999999999994378e-03
1.730555555555550289e-03
1.838888888888883183e-03
1.788888888888883486e-03
1.819444444444439073e-03
1.891666666666661075e-03
1.791666666666661464e-03
1.736111111111105811e-03
1.786111111111105942e-03
1.774999999999994681e-03
1.841666666666661161e-03
1.824999999999994595e-03
1.927777777777771968e-03
1.836111111111105639e-03
1.911111111111105402e-03
1.727777777777772528e-03
1.749999999999994832e-03
1.886111111111105337e-03
1.883333333333327793e-03
1.899999999999994358e-03
1.955555555555549361e-03
1.808333333333328029e-03
1.761111111111105876e-03
1.763888888888883637e-03
1.905555555555550097e-03
1.872222222222216965e-03
1.774999999999995115e-03
1.736111111111105811e-03
1.916666666666660924e-03
1.813888888888883335e-03
1.733333333333328266e-03
1.852777777777772205e-03
1.772222222222216920e-03
1.719444444444439245e-03
1.974999999999994121e-03
1.763888888888883420e-03
1.888888888888883314e-03
1.958333333333327556e-03
1.844444444444438922e-03
1.947222222222216512e-03
1.794444444444439225e-03
1.824999999999994378e-03
1.866666666666661227e-03
1.808333333333328029e-03
1.852777777777772205e-03
1.713888888888883940e-03
1.808333333333328029e-03
1.816666666666661312e-03
1.838888888888883183e-03
1.908333333333327424e-03
1.827777777777772139e-03
1.866666666666661227e-03
1.808333333333328029e-03
1.799999999999994530e-03
1.936111111111105251e-03
1.755555555555550137e-03
1.691666666666661852e-03
1.686111111111106113e-03
1.949999999999994056e-03
1.855555555555549749e-03
1.777777777777772876e-03
1.969444444444438599e-03
1.899999999999994358e-03
1.694444444444439613e-03
1.963888888888882644e-03
1.961111111111105317e-03
1.847222222222216683e-03
1.802777777777772291e-03
1.744444444444439310e-03
1.874999999999994293e-03
1.819444444444439073e-03
1.894444444444438836e-03
1.894444444444438620e-03
2.036111111111105296e-03
1.722222222222217223e-03
1.891666666666661075e-03
1.894444444444438836e-03
1.813888888888883551e-03
1.811111111111105790e-03
1.899999999999994358e-03
1.880555555555550032e-03
1.836111111111105639e-03
1.799999999999994530e-03
1.947222222222216729e-03
1.991666666666661121e-03
1.836111111111105639e-03
1.738888888888883572e-03
1.869444444444438988e-03
1.788888888888883486e-03
1.849999999999994444e-03
1.786111111111105725e-03
1.924999999999994207e-03
1.758333333333328115e-03
1.741666666666661549e-03
1.847222222222216466e-03
1.774999999999994681e-03
1.886111111111105770e-03
1.899999999999994141e-03
1.852777777777772205e-03
1.844444444444438922e-03
1.844444444444438705e-03
1.961111111111105317e-03
1.863888888888883683e-03
1.777777777777772442e-03
1.774999999999994681e-03
1.936111111111105251e-03
1.722222222222217223e-03
1.886111111111105337e-03
1.838888888888883617e-03
1.902777777777771902e-03
1.849999999999994444e-03
1.749999999999994615e-03
1.799999999999994747e-03
1.755555555555550354e-03
1.880555555555549815e-03
1.730555555555550289e-03
1.822222222222216834e-03
1.774999999999994898e-03
1.799999999999994530e-03
1.858333333333327944e-03
1.797222222222216986e-03
1.866666666666661010e-03
1.936111111111105251e-03
1.858333333333327727e-03
1.872222222222216532e-03
1.899999999999994141e-03
1.841666666666661378e-03
1.819444444444439073e-03
1.830555555555549900e-03
1.797222222222216769e-03
2.027777777777772013e-03
1.747222222222216854e-03
1.869444444444438988e-03
1.899999999999994358e-03
1.911111111111105185e-03
1.822222222222216834e-03
1.886111111111105553e-03
1.836111111111105422e-03
1.766666666666661398e-03
1.724999999999994767e-03
1.883333333333327576e-03
1.769444444444438942e-03
1.827777777777772356e-03
1.749999999999994615e-03
1.891666666666661075e-03
1.691666666666661635e-03
1.758333333333328332e-03
1.886111111111105553e-03
1.894444444444438836e-03
1.822222222222216834e-03
1.841666666666661378e-03
1.813888888888883335e-03
1.805555555555550269e-03
1.874999999999994510e-03
1.836111111111105639e-03
1.863888888888883249e-03
1.824999999999994595e-03
1.877777777777772054e-03
1.822222222222216834e-03
1.936111111111105034e-03
1.824999999999994378e-03
1.758333333333328115e-03
2.005555555555549926e-03
1.858333333333327727e-03
1.786111111111105942e-03
1.830555555555550117e-03
1.802777777777772291e-03
1.855555555555549966e-03
1.869444444444438988e-03
1.994444444444438448e-03
1.844444444444438922e-03
1.880555555555550032e-03
1.813888888888883551e-03
1.941666666666660773e-03
2.002777777777772165e-03
1.849999999999994444e-03
1.766666666666661181e-03
1.830555555555550334e-03
1.924999999999994207e-03
1.788888888888883486e-03
1.819444444444439290e-03
1.830555555555549900e-03
1.808333333333327813e-03
1.747222222222216638e-03
1.786111111111105725e-03
1.769444444444438942e-03
1.844444444444438922e-03
1.758333333333328115e-03
1.872222222222216749e-03
1.822222222222216617e-03
1.911111111111105402e-03
1.761111111111106093e-03
1.841666666666661161e-03
1.811111111111105790e-03
1.733333333333328266e-03
1.813888888888883335e-03
2.027777777777772013e-03
1.819444444444439073e-03
1.833333333333327878e-03
1.855555555555549749e-03
1.763888888888883637e-03
1.730555555555550505e-03
1.708333333333328201e-03
1.797222222222216986e-03
1.947222222222216295e-03
1.791666666666661464e-03
1.783333333333328181e-03
1.819444444444438857e-03
1.855555555555549749e-03
1.766666666666661181e-03
1.944444444444438751e-03
1.883333333333327576e-03
1.908333333333327858e-03
1.861111111111105922e-03
1.813888888888883335e-03
1.883333333333327576e-03
1.786111111111105725e-03
1.858333333333327727e-03
1.872222222222216532e-03
1.769444444444439376e-03
1.972222222222216360e-03
2.008333333333327687e-03
1.822222222222216617e-03
1.866666666666661010e-03
1.791666666666661680e-03
1.747222222222216854e-03
1.913888888888882946e-03
1.641666666666661938e-03
1.822222222222216617e-03
1.844444444444438705e-03
1.827777777777772356e-03
1.744444444444439093e-03
1.797222222222216769e-03
1.916666666666660924e-03
1.869444444444438988e-03
1.927777777777772185e-03
1.741666666666661549e-03
1.988888888888882926e-03
1.799999999999994747e-03
1.919444444444438685e-03
1.763888888888883637e-03
1.849999999999994227e-03
1.836111111111105422e-03
1.838888888888883183e-03
1.730555555555550289e-03
1.844444444444438922e-03
1.933333333333327490e-03
1.849999999999994227e-03
1.786111111111105942e-03
2.016666666666660970e-03
1.808333333333327813e-03
2.011111111111105448e-03
1.880555555555549815e-03
1.899999999999994358e-03
1.777777777777772659e-03
1.894444444444438836e-03
1.947222222222216512e-03
1.894444444444438836e-03
1.813888888888883551e-03
1.827777777777772356e-03
1.944444444444438751e-03
1.813888888888883335e-03
1.899999999999994358e-03
1.755555555555550354e-03
1.830555555555550117e-03
1.733333333333328266e-03
1.766666666666661398e-03
1.886111111111105553e-03
1.749999999999994832e-03
1.816666666666661096e-03
1.822222222222216834e-03
1.961111111111104883e-03
1.849999999999994227e-03
1.816666666666661312e-03
1.791666666666661247e-03
1.733333333333328483e-03
1.883333333333327793e-03
1.938888888888882795e-03
1.799999999999994747e-03
1.758333333333328115e-03
1.874999999999994510e-03
1.805555555555550052e-03
2.038888888888883057e-03
1.794444444444439441e-03
1.808333333333327813e-03
1.777777777777772442e-03
1.741666666666661333e-03
1.944444444444438751e-03
1.772222222222217137e-03
1.886111111111105337e-03
1.788888888888883920e-03
1.874999999999994510e-03
1.933333333333327490e-03
1.830555555555550117e-03
1.822222222222217051e-03
1.833333333333327878e-03
1.719444444444439245e-03
1.816666666666661312e-03
1.822222222222216834e-03
1.969444444444438599e-03
1.849999999999994227e-03
1.924999999999993990e-03
1.858333333333327944e-03
1.899999999999994358e-03
1.736111111111106027e-03
1.849999999999994444e-03
1.899999999999994358e-03
1.816666666666661312e-03
1.841666666666661161e-03
1.791666666666661464e-03
1.905555555555549663e-03
2.013888888888882775e-03
1.808333333333327813e-03
1.844444444444438705e-03
1.888888888888883531e-03
1.833333333333327661e-03
2.038888888888883057e-03
1.927777777777771751e-03
1.891666666666661075e-03
1.772222222222217137e-03
1.813888888888883335e-03
1.936111111111105251e-03
1.841666666666661161e-03
1.797222222222216986e-03
1.699999999999995135e-03
1.794444444444439225e-03
1.849999999999994227e-03
1.911111111111105402e-03
1.905555555555549880e-03
1.863888888888883249e-03
1.899999999999994141e-03
1.783333333333327964e-03
1.833333333333327878e-03
1.855555555555549966e-03
1.858333333333327944e-03
1.824999999999994812e-03
1.866666666666661010e-03
1.908333333333327641e-03
1.783333333333327964e-03
1.913888888888882946e-03
1.994444444444438448e-03
1.891666666666660859e-03
1.794444444444439008e-03
1.872222222222216532e-03
1.686111111111106330e-03
1.708333333333328418e-03
1.897222222222216381e-03
1.977777777777771882e-03
1.683333333333328569e-03
1.827777777777772139e-03
1.816666666666661096e-03
1.836111111111105422e-03
1.869444444444438988e-03
1.877777777777772271e-03
1.861111111111105705e-03
1.902777777777772336e-03
1.727777777777772744e-03
1.919444444444438468e-03
1.866666666666661227e-03
1.808333333333328029e-03
1.847222222222216683e-03
1.780555555555550203e-03
1.822222222222216834e-03
1.958333333333327122e-03
1.933333333333327490e-03
1.694444444444439613e-03
1.833333333333327661e-03
1.852777777777772205e-03
1.788888888888883703e-03
1.833333333333327878e-03
1.877777777777772054e-03
1.852777777777771988e-03
1.899999999999994141e-03
1.769444444444439376e-03
1.866666666666661010e-03
1.786111111111106159e-03
1.727777777777772744e-03
1.802777777777772508e-03
1.886111111111105553e-03
1.780555555555550420e-03
1.958333333333327556e-03
2.058333333333327384e-03
1.905555555555549880e-03
1.802777777777772508e-03
1.752777777777772593e-03
1.863888888888883249e-03
1.880555555555549815e-03
1.916666666666660924e-03
1.819444444444439073e-03
1.688888888888883874e-03
1.808333333333327813e-03
2.005555555555549926e-03
1.922222222222216446e-03
1.880555555555550032e-03
1.788888888888883486e-03
1.847222222222216466e-03
1.911111111111105402e-03
1.716666666666661701e-03
1.872222222222216749e-03
1.811111111111105790e-03
1.916666666666660924e-03
1.577777777777773218e-03
1.763888888888883637e-03
1.772222222222216920e-03
1.786111111111105942e-03
1.819444444444438857e-03
1.705555555555550440e-03
1.863888888888883249e-03
1.844444444444438705e-03
1.891666666666661075e-03
1.827777777777772139e-03
1.791666666666661464e-03
1.763888888888883420e-03
1.913888888888882946e-03
1.936111111111105034e-03
1.691666666666661852e-03
1.841666666666661378e-03
1.941666666666660773e-03
1.933333333333327707e-03
1.847222222222216683e-03
1.794444444444439225e-03
1.908333333333327641e-03
1.716666666666661484e-03
1.905555555555549663e-03
1.766666666666661398e-03
1.902777777777772336e-03
1.786111111111105725e-03
1.861111111111105488e-03
1.874999999999994510e-03
1.774999999999994898e-03
1.788888888888883703e-03
1.933333333333327273e-03
1.902777777777771902e-03
1.830555555555550117e-03
1.774999999999994898e-03
1.974999999999994121e-03
1.938888888888882795e-03
1.844444444444438705e-03
1.861111111111105705e-03
1.891666666666661292e-03
1.969444444444438166e-03
1.711111111111105962e-03
1.783333333333328181e-03
1.872222222222216749e-03
1.833333333333327878e-03
1.716666666666661701e-03
1.886111111111105553e-03
1.711111111111106179e-03
1.758333333333327898e-03
1.908333333333327641e-03
1.830555555555550117e-03
1.844444444444439139e-03
1.819444444444438857e-03
1.872222222222216749e-03
1.905555555555549880e-03
1.674999999999995069e-03
1.783333333333328181e-03
1.855555555555549749e-03
1.636111111111106416e-03
1.844444444444438922e-03
1.772222222222216920e-03
1.836111111111105422e-03
1.924999999999994424e-03
1.794444444444439008e-03
1.730555555555550505e-03
1.841666666666661161e-03
1.958333333333327556e-03
1.841666666666660944e-03
1.913888888888883163e-03
1.805555555555550269e-03
1.819444444444438857e-03
1.772222222222216920e-03
1.719444444444439245e-03
1.883333333333328009e-03
1.794444444444439008e-03
1.813888888888883335e-03
1.811111111111105790e-03
1.708333333333328201e-03
1.883333333333327793e-03
1.849999999999994227e-03
1.836111111111105639e-03
1.991666666666660687e-03
1.849999999999994444e-03
1.838888888888883183e-03
1.886111111111105770e-03
1.713888888888883723e-03
1.666666666666661786e-03
1.813888888888883335e-03
1.763888888888883854e-03
1.819444444444439073e-03
1.902777777777772119e-03
1.880555555555550248e-03
1.730555555555550289e-03
1.699999999999995135e-03
1.949999999999994489e-03
1.802777777777772508e-03
1.788888888888883486e-03
1.833333333333327878e-03
1.905555555555549663e-03
1.769444444444439593e-03
1.811111111111105574e-03
1.880555555555550032e-03
1.847222222222216900e-03
1.799999999999994747e-03
1.911111111111105185e-03
1.869444444444439205e-03
1.747222222222217071e-03
1.958333333333327556e-03
1.841666666666661161e-03
1.911111111111105402e-03
1.883333333333327793e-03
1.780555555555550420e-03
1.869444444444438771e-03
1.669444444444439330e-03
1.672222222222217091e-03
1.866666666666661010e-03
1.833333333333327661e-03
1.997222222222216643e-03
1.977777777777771882e-03
1.913888888888883163e-03
1.833333333333327878e-03
1.819444444444438857e-03
1.861111111111105488e-03
1.933333333333327490e-03
1.861111111111105488e-03
1.722222222222217006e-03
1.811111111111105574e-03
1.797222222222216986e-03
1.958333333333327122e-03
1.866666666666661227e-03
1.911111111111105402e-03
1.808333333333328029e-03
1.708333333333328201e-03
1.919444444444438685e-03
1.902777777777772119e-03
1.738888888888883572e-03
1.869444444444438988e-03
1.791666666666661680e-03
1.833333333333327661e-03
1.841666666666661161e-03
1.705555555555550440e-03
1.808333333333328029e-03
1.783333333333328398e-03
1.894444444444438836e-03
1.941666666666660556e-03
1.849999999999994444e-03
1.791666666666661247e-03
2.041666666666660818e-03
1.866666666666661444e-03
1.813888888888883551e-03
1.941666666666660773e-03
1.969444444444438599e-03
1.799999999999994747e-03
1.847222222222216466e-03
1.794444444444439225e-03
1.836111111111105422e-03
1.858333333333327944e-03
1.933333333333327490e-03
1.913888888888883380e-03
1.738888888888883572e-03
1.897222222222216597e-03
1.949999999999994489e-03
1.830555555555550334e-03
1.755555555555550354e-03
1.844444444444438922e-03
1.866666666666661010e-03
1.877777777777772271e-03
1.905555555555549880e-03
1.847222222222216466e-03
1.716666666666661484e-03
1.827777777777772356e-03
1.761111111111105876e-03
1.736111111111105811e-03
1.933333333333327490e-03
1.791666666666661464e-03
1.669444444444439547e-03
1.849999999999994227e-03
1.813888888888883551e-03
1.927777777777771751e-03
1.827777777777772139e-03
1.930555555555549512e-03
1.836111111111105639e-03
1.919444444444438468e-03
1.791666666666661464e-03
1.619444444444439633e-03
1.858333333333327727e-03
1.849999999999994444e-03
1.805555555555550052e-03
1.905555555555549880e-03
1.872222222222216749e-03
1.805555555555550269e-03
1.816666666666661096e-03
1.702777777777772679e-03
1.861111111111105705e-03
1.947222222222216512e-03
1.794444444444439008e-03
1.883333333333328009e-03
1.941666666666660773e-03
1.905555555555549880e-03
1.774999999999994681e-03
1.958333333333327556e-03
1.794444444444439008e-03
1.877777777777772271e-03
1.780555555555550203e-03
1.724999999999994984e-03
1.922222222222216663e-03
1.827777777777772356e-03
1.813888888888883551e-03
1.811111111111105790e-03
1.933333333333327273e-03
1.758333333333328115e-03
1.724999999999994767e-03
1.769444444444438942e-03
1.752777777777772593e-03
1.866666666666661227e-03
1.736111111111105811e-03
1.883333333333327793e-03
1.786111111111105725e-03
1.786111111111105942e-03
1.936111111111105251e-03
1.916666666666660707e-03
1.744444444444439093e-03
1.816666666666661096e-03
1.752777777777772593e-03
1.855555555555549749e-03
1.916666666666660707e-03
1.833333333333327661e-03
1.872222222222216749e-03
1.847222222222216466e-03
1.863888888888883466e-03
1.886111111111105337e-03
2.011111111111105448e-03
1.927777777777771968e-03
1.744444444444439310e-03
1.883333333333327793e-03
1.847222222222216683e-03
1.747222222222217071e-03
1.780555555555550420e-03
2.041666666666660818e-03
1.830555555555550117e-03
1.822222222222216617e-03
1.958333333333327556e-03
1.849999999999994444e-03
1.883333333333327793e-03
1.919444444444438468e-03
1.819444444444439073e-03
1.916666666666660707e-03
1.841666666666661161e-03
1.691666666666661635e-03
1.902777777777772119e-03
1.866666666666661227e-03
1.805555555555550269e-03
1.847222222222216683e-03
1.844444444444438705e-03
1.883333333333327576e-03
1.961111111111105317e-03
2.166666666666660496e-03
2.474999999999992397e-03
2.705555555555547425e-03
2.791666666666658015e-03
3.027777777777768565e-03
3.183333333333323179e-03
3.549999999999989362e-03
3.299999999999989574e-03
3.666666666666655323e-03
3.649999999999988757e-03
3.727777777777766498e-03
3.683333333333321455e-03
3.761111111111099629e-03
3.783333333333321717e-03
3.883333333333321112e-03
3.799999999999987849e-03
3.877777777777765156e-03
3.752777777777766346e-03
4.080555555555548213e-03
4.124999999999994990e-03
3.966666666666653941e-03
3.802777777777766044e-03
4.111111111111106185e-03
4.230555555555554244e-03
4.152777777777770865e-03
3.880555555555543351e-03
4.024999999999989524e-03
4.011111111111099851e-03
4.166666666666663139e-03
4.105555555555545459e-03
3.791666666666655000e-03
4.177777777777772449e-03
4.086111111111099398e-03
4.088888888888880628e-03
3.972222222222209463e-03
4.002777777777764834e-03
3.911111111111098722e-03
3.938888888888876331e-03
4.066666666666657673e-03
3.902777777777765873e-03
4.113888888888878742e-03
3.933333333333320810e-03
4.224999999999997854e-03
4.005555555555543462e-03
4.083333333333324239e-03
4.055555555555547496e-03
4.108333333333327557e-03
4.219444444444443200e-03
4.049999999999990240e-03
3.991666666666654657e-03
4.024999999999988656e-03
4.199999999999995404e-03
3.969444444444431702e-03
3.883333333333320678e-03
4.016666666666656241e-03
4.144444444444438450e-03
4.194444444444439882e-03
4.011111111111098984e-03
3.966666666666653941e-03
3.974999999999987224e-03
3.977777777777765852e-03
3.961111111111098419e-03
3.991666666666653790e-03
3.852777777777765741e-03
3.822222222222210371e-03
3.949999999999987375e-03
4.122222222222217229e-03
3.986111111111098268e-03
4.199999999999997138e-03
3.986111111111099135e-03
3.811111111111099327e-03
3.819444444444432176e-03
3.713888888888876826e-03
3.899999999999988112e-03
3.908333333333320961e-03
3.927777777777765288e-03
3.961111111111098419e-03
3.972222222222209463e-03
3.958333333333320658e-03
4.088888888888883230e-03
3.863888888888876785e-03
3.788888888888877239e-03
3.974999999999987224e-03
3.938888888888876331e-03
3.952777777777765136e-03
3.686111111111099650e-03
3.863888888888876785e-03
3.511111111111099841e-03
3.913888888888876483e-03
3.813888888888877088e-03
3.766666666666654718e-03
3.788888888888877239e-03
3.972222222222209463e-03
3.966666666666653941e-03
3.780555555555543956e-03
3.738888888888877108e-03
3.883333333333320678e-03
3.902777777777765873e-03
3.824999999999987698e-03
3.786111111111099044e-03
3.494444444444433709e-03
3.822222222222210371e-03
3.774999999999988001e-03
3.761111111111099196e-03
3.688888888888876977e-03
3.699999999999988454e-03
3.869444444444432307e-03
3.988888888888876896e-03
3.980555555555543613e-03
3.874999999999987829e-03
3.922222222222209766e-03
3.630555555555543996e-03
3.877777777777765156e-03
3.899999999999987678e-03
3.822222222222210371e-03
3.880555555555543351e-03
4.041666666666656089e-03
3.877777777777765590e-03
4.177777777777771581e-03
3.999999999999987073e-03
4.113888888888883079e-03
4.074999999999988354e-03
4.033333333333323674e-03
3.836111111111099176e-03
4.130555555555547910e-03
3.930555555555543049e-03
3.994444444444432418e-03
4.019444444444432267e-03
3.830555555555543654e-03
3.938888888888876331e-03
3.913888888888876483e-03
3.961111111111098419e-03
4.049999999999990240e-03
3.894444444444432156e-03
3.952777777777765136e-03
3.988888888888876896e-03
3.794444444444432327e-03
3.858333333333321263e-03
3.824999999999988132e-03
3.905555555555543634e-03
3.749999999999988152e-03
3.844444444444432459e-03
4.136111111111103432e-03
3.930555555555543049e-03
3.727777777777766498e-03
3.999999999999987073e-03
4.119444444444439468e-03
3.913888888888876483e-03
3.986111111111099135e-03
3.936111111111098571e-03
3.786111111111099044e-03
3.830555555555543654e-03
3.966666666666653941e-03
3.741666666666655303e-03
4.049999999999990240e-03
3.788888888888877239e-03
4.058333333333322655e-03
4.044444444444435585e-03
3.791666666666655000e-03
3.811111111111099327e-03
3.777777777777765762e-03
3.755555555555544107e-03
3.858333333333321263e-03
4.011111111111098984e-03
3.824999999999988132e-03
3.994444444444431551e-03
3.949999999999987375e-03
3.808333333333321566e-03
3.708333333333321304e-03
3.744444444444433064e-03
3.766666666666655151e-03
3.538888888888877884e-03
3.797222222222210522e-03
3.911111111111099589e-03
3.719444444444432347e-03
3.672222222222210845e-03
3.899999999999988112e-03
3.799999999999988283e-03
3.744444444444433064e-03
3.813888888888877088e-03
3.769444444444432912e-03
3.724999999999988303e-03
3.872222222222209635e-03
3.758333333333321868e-03
3.755555555555544107e-03
3.574999999999989211e-03
3.636111111111099518e-03
3.841666666666654264e-03
3.705555555555543543e-03
3.736111111111099781e-03
3.569444444444433255e-03
3.561111111111100406e-03
3.658333333333322040e-03
3.499999999999989231e-03
3.688888888888877410e-03
3.666666666666655323e-03
3.672222222222210845e-03
3.644444444444433235e-03
3.561111111111100406e-03
3.588888888888877582e-03
3.636111111111099518e-03
3.763888888888877390e-03
3.644444444444433235e-03
3.824999999999987698e-03
3.655555555555544279e-03
3.616666666666655625e-03
3.752777777777765913e-03
3.641666666666655040e-03
3.691666666666655171e-03
3.633333333333321757e-03
3.919444444444432005e-03
3.636111111111099952e-03
3.713888888888877259e-03
3.649999999999988757e-03
3.536111111111100123e-03
3.472222222222211621e-03
3.702777777777765782e-03
3.577777777777766538e-03
3.694444444444432499e-03
3.497222222222211470e-03
3.786111111111099478e-03
3.599999999999988626e-03
3.472222222222211187e-03
3.769444444444432912e-03
3.563888888888878167e-03
3.352777777777767032e-03
3.644444444444432801e-03
3.652777777777766084e-03
3.513888888888877602e-03
3.416666666666656402e-03
3.533333333333321929e-03
3.674999999999988172e-03
3.399999999999989402e-03
3.497222222222211470e-03
3.416666666666655968e-03
3.655555555555544279e-03
3.649999999999988757e-03
3.438888888888878056e-03
3.486111111111099992e-03
3.472222222222211187e-03
3.352777777777767466e-03
3.544444444444433840e-03
3.405555555555545358e-03
3.502777777777766558e-03
3.530555555555544168e-03
3.538888888888877884e-03
3.516666666666655363e-03
3.508333333333322080e-03
3.427777777777767446e-03
3.591666666666655343e-03
3.513888888888877602e-03
3.527777777777766407e-03
3.452777777777767294e-03
3.591666666666655777e-03
3.513888888888878036e-03
3.461111111111100144e-03
3.402777777777767163e-03
3.347222222222211510e-03
3.458333333333322383e-03
3.411111111111100446e-03
3.380555555555545509e-03
3.397222222222212075e-03
3.416666666666655968e-03
3.369444444444434465e-03
3.466666666666656099e-03
3.441666666666655817e-03
3.399999999999989402e-03
3.497222222222211036e-03
3.333333333333322705e-03
3.319444444444433900e-03
3.177777777777767657e-03
3.330555555555544944e-03
3.408333333333322685e-03
3.549999999999989362e-03
3.436111111111100295e-03
3.397222222222212075e-03
3.588888888888878016e-03
3.341666666666656422e-03
3.269444444444434203e-03
3.549999999999988928e-03
3.274999999999989725e-03
3.422222222222211924e-03
3.424999999999989251e-03
3.302777777777767768e-03
3.386111111111100597e-03
3.388888888888878358e-03
3.227777777777767788e-03
3.311111111111100617e-03
3.347222222222211510e-03
3.105555555555545872e-03
3.333333333333323139e-03
3.074999999999990501e-03
3.172222222222212135e-03
3.441666666666656250e-03
3.408333333333322685e-03
3.113888888888879155e-03
3.322222222222211661e-03
3.394444444444433880e-03
3.052777777777768414e-03
3.308333333333322857e-03
3.122222222222212438e-03
3.461111111111100577e-03
3.358333333333322988e-03
3.133333333333323915e-03
3.219444444444434939e-03
3.216666666666656745e-03
3.241666666666657027e-03
3.299999999999989574e-03
3.286111111111101202e-03
3.319444444444433900e-03
3.202777777777768373e-03
3.274999999999990159e-03
3.230555555555545983e-03
3.241666666666656593e-03
3.222222222222212266e-03
3.249999999999989876e-03
3.244444444444434354e-03
3.280555555555545681e-03
3.277777777777767486e-03
3.330555555555544944e-03
3.105555555555546306e-03
2.972222222222212912e-03
3.199999999999990179e-03
3.313888888888878812e-03
3.213888888888878984e-03
3.255555555555545832e-03
3.127777777777767960e-03
3.163888888888878852e-03
3.136111111111101243e-03
3.138888888888879437e-03
3.072222222222212740e-03
3.083333333333323784e-03
3.111111111111101828e-03
3.216666666666656745e-03
3.177777777777767657e-03
3.102777777777768111e-03
3.394444444444434314e-03
3.133333333333323915e-03
3.277777777777767920e-03
3.155555555555545569e-03
3.069444444444434979e-03
3.099999999999990350e-03
3.311111111111101051e-03
3.122222222222212438e-03
3.211111111111101223e-03
3.116666666666656916e-03
3.111111111111101394e-03
3.186111111111101374e-03
2.983333333333323956e-03
2.980555555555546628e-03
3.230555555555545549e-03
3.033333333333324520e-03
3.063888888888879457e-03
3.169444444444434808e-03
2.969444444444435151e-03
3.061111111111101696e-03
3.236111111111101071e-03
3.063888888888879457e-03
3.144444444444434526e-03
2.944444444444435302e-03
2.955555555555546346e-03
3.124999999999990632e-03
2.977777777777768434e-03
3.130555555555545721e-03
3.163888888888878852e-03
3.174999999999989896e-03
3.061111111111101696e-03
3.161111111111101525e-03
3.241666666666657027e-03
3.091666666666657067e-03
2.997222222222213194e-03
2.991666666666657239e-03
3.022222222222212609e-03
3.174999999999989896e-03
2.972222222222212912e-03
3.233333333333323744e-03
2.974999999999990673e-03
2.805555555555546820e-03
2.844444444444435473e-03
3.094444444444435262e-03
3.066666666666657218e-03
3.063888888888879457e-03
2.936111111111102019e-03
3.033333333333324087e-03
3.097222222222212589e-03
2.947222222222213497e-03
3.111111111111101828e-03
2.955555555555546346e-03
3.130555555555545721e-03
2.999999999999990955e-03
3.244444444444434354e-03
3.036111111111102281e-03
3.263888888888878681e-03
3.202777777777767940e-03
3.013888888888879326e-03
2.927777777777768303e-03
3.013888888888879326e-03
3.019444444444434848e-03
3.005555555555546043e-03
2.947222222222213063e-03
2.980555555555546195e-03
2.863888888888880234e-03
3.011111111111101565e-03
2.980555555555546195e-03
2.738888888888880557e-03
2.908333333333324409e-03
2.872222222222213517e-03
2.902777777777768888e-03
3.019444444444434848e-03
3.074999999999990935e-03
3.038888888888879609e-03
3.019444444444434848e-03
2.913888888888879931e-03
2.777777777777769210e-03
3.072222222222212740e-03
2.841666666666657712e-03
3.019444444444434848e-03
3.066666666666657218e-03
2.952777777777768585e-03
3.052777777777768414e-03
2.888888888888880083e-03
2.830555555555546669e-03
2.944444444444435736e-03
2.830555555555547102e-03
2.886111111111102322e-03
2.980555555555546195e-03
3.105555555555545872e-03
2.955555555555546346e-03
2.886111111111102322e-03
2.844444444444435473e-03
3.033333333333324087e-03
2.963888888888879629e-03
2.861111111111102473e-03
3.102777777777768111e-03
2.852777777777769190e-03
2.908333333333324409e-03
2.966666666666657390e-03
2.988888888888879478e-03
2.966666666666657390e-03
2.949999999999990824e-03
2.894444444444435605e-03
2.805555555555546820e-03
2.902777777777768888e-03
2.766666666666658166e-03
2.841666666666657712e-03
2.922222222222213214e-03
2.727777777777769513e-03
2.930555555555546931e-03
2.891666666666658277e-03
3.011111111111101565e-03
2.969444444444435584e-03
2.805555555555546820e-03
2.888888888888880083e-03
2.894444444444435605e-03
2.730555555555547274e-03
2.836111111111102191e-03
2.813888888888880103e-03
2.772222222222213688e-03
2.977777777777768434e-03
2.791666666666658015e-03
2.899999999999991127e-03
2.902777777777768888e-03
2.927777777777769170e-03
2.916666666666657692e-03
2.841666666666657712e-03
2.805555555555546820e-03
2.716666666666658469e-03
2.777777777777769644e-03
2.616666666666658640e-03
2.763888888888880405e-03
2.908333333333324409e-03
2.741666666666658318e-03
2.827777777777768908e-03
2.841666666666657712e-03
2.919444444444435453e-03
2.899999999999991127e-03
2.758333333333324883e-03
2.719444444444435796e-03
2.727777777777769513e-03
2.958333333333324107e-03
2.666666666666657904e-03
2.786111111111102927e-03
2.808333333333325015e-03
2.805555555555546820e-03
2.805555555555546820e-03
2.702777777777769664e-03
2.833333333333324430e-03
2.874999999999991711e-03
2.744444444444436079e-03
2.680555555555547576e-03
2.877777777777769472e-03
2.649999999999991772e-03
2.702777777777769664e-03
2.849999999999990995e-03
2.788888888888880254e-03
2.758333333333324450e-03
2.769444444444435927e-03
2.833333333333324430e-03
2.908333333333324409e-03
