5.249999999999986665e-04
6.555555555555538658e-04
8.111111111111090222e-04
8.194444444444421967e-04
9.027777777777754595e-04
1.019444444444441746e-03
1.016666666666663768e-03
1.002777777777775180e-03
1.086111111111108009e-03
1.127777777777774423e-03
1.263888888888885361e-03
1.352777777777773929e-03
1.449999999999995780e-03
1.555555555555550914e-03
1.580555555555550763e-03
1.469444444444440107e-03
1.469444444444440107e-03
1.655555555555550526e-03
1.658333333333328287e-03
1.649999999999995220e-03
1.586111111111106284e-03
1.830555555555549900e-03
1.716666666666661701e-03
1.794444444444439008e-03
1.716666666666661484e-03
1.708333333333328418e-03
1.658333333333328287e-03
1.816666666666661096e-03
1.741666666666661333e-03
1.663888888888884025e-03
1.669444444444439330e-03
1.788888888888883703e-03
1.780555555555550637e-03
1.813888888888883335e-03
1.866666666666661227e-03
2.019444444444438731e-03
1.755555555555550137e-03
1.849999999999994661e-03
1.783333333333327964e-03
1.908333333333327641e-03
1.936111111111105251e-03
1.791666666666661247e-03
1.824999999999994378e-03
1.955555555555549795e-03
1.952777777777772034e-03
1.888888888888883314e-03
1.805555555555550269e-03
1.930555555555549512e-03
1.952777777777771817e-03
1.869444444444438771e-03
1.897222222222216597e-03
1.855555555555549966e-03
1.874999999999994726e-03
1.974999999999994121e-03
1.863888888888883466e-03
1.844444444444438922e-03
2.061111111111105145e-03
1.916666666666660924e-03
1.849999999999994227e-03
1.969444444444438166e-03
1.899999999999994141e-03
2.002777777777771731e-03
1.958333333333327122e-03
2.072222222222216189e-03
1.952777777777772034e-03
1.944444444444438317e-03
2.013888888888883209e-03
1.894444444444438836e-03
1.905555555555549880e-03
1.955555555555549795e-03
1.869444444444438988e-03
2.027777777777772013e-03
1.933333333333327490e-03
1.897222222222216597e-03
1.888888888888883314e-03
1.872222222222216749e-03
1.974999999999994121e-03
2.022222222222216492e-03
2.013888888888882775e-03
1.980555555555549643e-03
1.944444444444438317e-03
1.958333333333327556e-03
1.852777777777771988e-03
1.758333333333328115e-03
1.861111111111105705e-03
1.938888888888883012e-03
1.936111111111105251e-03
1.980555555555549643e-03
1.922222222222216446e-03
2.055555555555549623e-03
2.063888888888882472e-03
2.013888888888883209e-03
1.922222222222216446e-03
1.966666666666660405e-03
2.044444444444438579e-03
1.808333333333327813e-03
2.041666666666660818e-03
1.974999999999994121e-03
1.983333333333327404e-03
1.916666666666660924e-03
1.958333333333327556e-03
2.016666666666660970e-03
2.058333333333326950e-03
1.836111111111105639e-03
2.024999999999993819e-03
2.022222222222216492e-03
1.913888888888883163e-03
1.994444444444438448e-03
1.905555555555549880e-03
1.963888888888883077e-03
1.902777777777772553e-03
1.866666666666661010e-03
1.961111111111105317e-03
1.974999999999993688e-03
1.922222222222216229e-03
1.930555555555549946e-03
1.930555555555549729e-03
2.063888888888882906e-03
1.922222222222216229e-03
1.952777777777772034e-03
2.052777777777771429e-03
1.997222222222216643e-03
2.011111111111105448e-03
1.938888888888883012e-03
1.969444444444438166e-03
1.883333333333327793e-03
2.027777777777772013e-03
1.833333333333327661e-03
1.958333333333327122e-03
1.949999999999994489e-03
2.024999999999994253e-03
1.894444444444438836e-03
1.874999999999994510e-03
1.999999999999993970e-03
1.791666666666661247e-03
1.908333333333327424e-03
1.936111111111105251e-03
2.022222222222216492e-03
1.991666666666660687e-03
2.038888888888882624e-03
1.944444444444438751e-03
1.936111111111105034e-03
1.938888888888883012e-03
1.936111111111105468e-03
2.024999999999993819e-03
1.969444444444438599e-03
1.988888888888882926e-03
1.841666666666661161e-03
1.949999999999994056e-03
1.908333333333327641e-03
1.916666666666660924e-03
1.986111111111104732e-03
2.072222222222215755e-03
1.899999999999994575e-03
1.947222222222216512e-03
1.911111111111105619e-03
1.949999999999994273e-03
1.936111111111105251e-03
2.077777777777771711e-03
2.016666666666660536e-03
1.966666666666660838e-03
1.936111111111105251e-03
1.955555555555549795e-03
2.102777777777771560e-03
2.149999999999993062e-03
2.033333333333327535e-03
2.038888888888883057e-03
1.894444444444438836e-03
1.994444444444438448e-03
2.033333333333327535e-03
1.927777777777771968e-03
2.033333333333327535e-03
2.088888888888882755e-03
1.913888888888883163e-03
1.922222222222216446e-03
1.924999999999993990e-03
1.977777777777771882e-03
1.927777777777771968e-03
2.036111111111104863e-03
1.861111111111105705e-03
2.191666666666660344e-03
1.955555555555549795e-03
1.938888888888883012e-03
1.944444444444438751e-03
1.949999999999994273e-03
1.886111111111105553e-03
1.902777777777772119e-03
2.083333333333327233e-03
1.902777777777771902e-03
1.938888888888882795e-03
2.105555555555549321e-03
1.913888888888882946e-03
1.797222222222216986e-03
1.858333333333327944e-03
1.913888888888883163e-03
2.024999999999994253e-03
1.933333333333327490e-03
1.977777777777771882e-03
2.063888888888882906e-03
2.127777777777771408e-03
1.922222222222216446e-03
1.936111111111105251e-03
1.927777777777771968e-03
1.949999999999994056e-03
1.938888888888883012e-03
2.019444444444438731e-03
1.983333333333327404e-03
2.058333333333327384e-03
1.938888888888883012e-03
1.872222222222216749e-03
2.005555555555549926e-03
2.002777777777772165e-03
1.924999999999994207e-03
1.952777777777772034e-03
1.994444444444438448e-03
1.947222222222216295e-03
2.155555555555549018e-03
1.911111111111105619e-03
1.941666666666660773e-03
1.955555555555549795e-03
1.872222222222216532e-03
1.941666666666660556e-03
1.966666666666660405e-03
2.027777777777772013e-03
1.833333333333327661e-03
1.933333333333327707e-03
2.174999999999993779e-03
1.888888888888883314e-03
1.883333333333327576e-03
1.894444444444438620e-03
1.849999999999994444e-03
1.933333333333327490e-03
2.005555555555549926e-03
1.916666666666660924e-03
2.172222222222216018e-03
2.033333333333327102e-03
2.055555555555549623e-03
1.808333333333328246e-03
1.952777777777772034e-03
2.108333333333327082e-03
1.899999999999994358e-03
1.952777777777772250e-03
1.847222222222216683e-03
1.980555555555549643e-03
2.066666666666660667e-03
1.858333333333327727e-03
1.983333333333326971e-03
1.924999999999994424e-03
1.899999999999994358e-03
1.924999999999993990e-03
1.872222222222216532e-03
1.897222222222216597e-03
1.997222222222216209e-03
2.008333333333327253e-03
1.880555555555550248e-03
2.033333333333327535e-03
1.938888888888882795e-03
1.872222222222216965e-03
1.863888888888883466e-03
1.938888888888883012e-03
1.963888888888882644e-03
1.911111111111105402e-03
1.972222222222216360e-03
1.844444444444438922e-03
1.966666666666660405e-03
1.952777777777771817e-03
2.027777777777772013e-03
1.961111111111105317e-03
1.986111111111104732e-03
1.977777777777771882e-03
2.088888888888882755e-03
1.872222222222216749e-03
1.994444444444438448e-03
1.936111111111105251e-03
1.927777777777771968e-03
1.863888888888883466e-03
1.891666666666661292e-03
1.894444444444438836e-03
1.963888888888883077e-03
1.791666666666661464e-03
1.997222222222216643e-03
1.963888888888883077e-03
1.961111111111105317e-03
1.894444444444438836e-03
1.827777777777772356e-03
1.908333333333327641e-03
1.961111111111105317e-03
1.952777777777772034e-03
2.022222222222216925e-03
2.058333333333327384e-03
1.924999999999994207e-03
2.172222222222215584e-03
1.847222222222216466e-03
1.830555555555550117e-03
2.019444444444438731e-03
1.905555555555549663e-03
1.944444444444438751e-03
1.824999999999994378e-03
1.922222222222216229e-03
1.988888888888882926e-03
1.974999999999994121e-03
2.094444444444438277e-03
1.894444444444438620e-03
2.022222222222216492e-03
1.869444444444438771e-03
1.980555555555549643e-03
2.069444444444437994e-03
2.055555555555549623e-03
1.999999999999993970e-03
1.874999999999994510e-03
1.924999999999994207e-03
2.036111111111105296e-03
1.961111111111104883e-03
1.952777777777772034e-03
2.052777777777771429e-03
2.030555555555549774e-03
1.983333333333326971e-03
1.888888888888883098e-03
1.986111111111105165e-03
1.858333333333327944e-03
1.861111111111105705e-03
1.799999999999994530e-03
2.074999999999993950e-03
1.966666666666660838e-03
1.977777777777771449e-03
1.949999999999994056e-03
1.955555555555549361e-03
1.936111111111105251e-03
1.916666666666660707e-03
1.952777777777772034e-03
1.944444444444438751e-03
1.911111111111105402e-03
1.922222222222216446e-03
2.047222222222216340e-03
1.930555555555549512e-03
1.841666666666660944e-03
1.908333333333327424e-03
1.952777777777772034e-03
2.127777777777771408e-03
1.847222222222216683e-03
2.038888888888883057e-03
1.786111111111105725e-03
2.072222222222216189e-03
2.011111111111105448e-03
1.994444444444438448e-03
1.930555555555549729e-03
1.888888888888883531e-03
1.933333333333327273e-03
1.913888888888883163e-03
1.944444444444438751e-03
2.036111111111105296e-03
1.927777777777771968e-03
1.938888888888882795e-03
1.783333333333327964e-03
1.797222222222216769e-03
2.061111111111105145e-03
1.908333333333327858e-03
2.036111111111105296e-03
2.011111111111105014e-03
1.930555555555549946e-03
1.872222222222216749e-03
1.958333333333327556e-03
2.033333333333327535e-03
1.894444444444438836e-03
1.883333333333327793e-03
2.063888888888882906e-03
1.969444444444438599e-03
2.066666666666660667e-03
1.941666666666660773e-03
1.988888888888882926e-03
1.866666666666661444e-03
1.947222222222216729e-03
1.930555555555549729e-03
2.063888888888882472e-03
2.052777777777771862e-03
1.913888888888882946e-03
1.808333333333327813e-03
2.005555555555549926e-03
1.997222222222216209e-03
2.061111111111104711e-03
1.963888888888883077e-03
2.002777777777772165e-03
1.886111111111105337e-03
1.930555555555549512e-03
1.927777777777771751e-03
1.927777777777771968e-03
1.877777777777772271e-03
1.988888888888882926e-03
1.961111111111104883e-03
1.797222222222216986e-03
1.958333333333327122e-03
1.949999999999994273e-03
2.069444444444438428e-03
1.983333333333327404e-03
1.919444444444438468e-03
2.022222222222216492e-03
1.966666666666660838e-03
1.836111111111105422e-03
1.922222222222216229e-03
1.888888888888883098e-03
2.005555555555549492e-03
1.849999999999994227e-03
1.999999999999993970e-03
2.027777777777772013e-03
1.933333333333327490e-03
1.827777777777772356e-03
1.847222222222216900e-03
1.958333333333327556e-03
1.827777777777772356e-03
1.824999999999994378e-03
1.969444444444438166e-03
1.930555555555549729e-03
1.944444444444438751e-03
2.033333333333327102e-03
1.966666666666660405e-03
1.905555555555549663e-03
1.972222222222216360e-03
2.011111111111105448e-03
1.969444444444438599e-03
1.963888888888883077e-03
1.911111111111105402e-03
1.955555555555549795e-03
1.947222222222216512e-03
2.016666666666660970e-03
2.016666666666660970e-03
1.941666666666660773e-03
1.991666666666660687e-03
1.952777777777772034e-03
1.858333333333327727e-03
1.936111111111105468e-03
1.916666666666660924e-03
2.030555555555549774e-03
1.933333333333327490e-03
1.911111111111105185e-03
2.097222222222216038e-03
2.049999999999993668e-03
1.861111111111105705e-03
2.099999999999993799e-03
2.049999999999993668e-03
1.952777777777771817e-03
2.038888888888882624e-03
2.022222222222216492e-03
1.983333333333327404e-03
2.016666666666660970e-03
1.902777777777771902e-03
2.044444444444438579e-03
1.986111111111105165e-03
2.069444444444437994e-03
2.027777777777772013e-03
1.969444444444438599e-03
1.980555555555549210e-03
1.891666666666661075e-03
1.902777777777772336e-03
2.094444444444438277e-03
1.847222222222216466e-03
1.933333333333327273e-03
1.811111111111105790e-03
1.997222222222216209e-03
1.972222222222216360e-03
1.963888888888882644e-03
1.941666666666660773e-03
1.897222222222216597e-03
2.097222222222216038e-03
2.033333333333327102e-03
1.863888888888883466e-03
1.916666666666660924e-03
1.911111111111105402e-03
1.963888888888883077e-03
2.041666666666660385e-03
1.991666666666660687e-03
1.944444444444438968e-03
2.049999999999993668e-03
1.849999999999994227e-03
1.938888888888883012e-03
1.786111111111105942e-03
2.005555555555549926e-03
1.863888888888883466e-03
2.124999999999993647e-03
2.027777777777772013e-03
2.102777777777771560e-03
2.033333333333327535e-03
1.919444444444438685e-03
2.069444444444438428e-03
1.941666666666660773e-03
1.863888888888883249e-03
1.888888888888883098e-03
1.936111111111105251e-03
1.888888888888883098e-03
1.963888888888882644e-03
1.930555555555549512e-03
2.019444444444438297e-03
1.958333333333327556e-03
1.908333333333327641e-03
1.877777777777772487e-03
1.902777777777772119e-03
1.997222222222216209e-03
2.102777777777771560e-03
1.922222222222216446e-03
2.047222222222215907e-03
2.002777777777772165e-03
1.888888888888883098e-03
1.947222222222216295e-03
1.849999999999994444e-03
1.994444444444438448e-03
1.958333333333327556e-03
1.941666666666660773e-03
1.974999999999994121e-03
1.874999999999994510e-03
2.008333333333327253e-03
2.041666666666660818e-03
1.905555555555549880e-03
2.002777777777772165e-03
1.861111111111105488e-03
1.933333333333327490e-03
1.944444444444438751e-03
1.977777777777771882e-03
1.941666666666660773e-03
1.927777777777771968e-03
1.961111111111105317e-03
1.863888888888883466e-03
1.866666666666661227e-03
1.955555555555549795e-03
1.988888888888882926e-03
1.952777777777772034e-03
1.922222222222216229e-03
1.974999999999993688e-03
1.980555555555549643e-03
1.974999999999993688e-03
2.033333333333327535e-03
1.891666666666661075e-03
1.963888888888883077e-03
1.994444444444438448e-03
1.949999999999994056e-03
2.091666666666660516e-03
1.883333333333327793e-03
1.988888888888883360e-03
1.961111111111105317e-03
2.011111111111105448e-03
1.938888888888883012e-03
1.955555555555549361e-03
1.958333333333327556e-03
1.863888888888883466e-03
1.827777777777772139e-03
1.944444444444438751e-03
1.922222222222216446e-03
1.922222222222216446e-03
2.022222222222216492e-03
1.902777777777772119e-03
1.808333333333328029e-03
1.949999999999994273e-03
2.011111111111105014e-03
1.952777777777771817e-03
2.044444444444438579e-03
2.011111111111105448e-03
1.880555555555550032e-03
1.930555555555549512e-03
1.936111111111105034e-03
1.927777777777771968e-03
1.949999999999994273e-03
2.033333333333327535e-03
1.994444444444438448e-03
2.136111111111104691e-03
1.936111111111105034e-03
2.019444444444438731e-03
1.849999999999994444e-03
1.869444444444438988e-03
1.961111111111105317e-03
1.861111111111105705e-03
1.813888888888883551e-03
2.027777777777772013e-03
1.944444444444438968e-03
1.977777777777771882e-03
1.858333333333327944e-03
1.958333333333327556e-03
1.852777777777772205e-03
1.972222222222216360e-03
1.952777777777772034e-03
2.127777777777771408e-03
1.922222222222216446e-03
2.011111111111105448e-03
2.022222222222216492e-03
2.033333333333327535e-03
1.936111111111105468e-03
1.891666666666661075e-03
1.886111111111105337e-03
1.877777777777772487e-03
1.830555555555549900e-03
2.019444444444438731e-03
1.880555555555550032e-03
1.949999999999994273e-03
1.933333333333327273e-03
1.874999999999994510e-03
1.816666666666661312e-03
1.836111111111105639e-03
1.994444444444438882e-03
1.952777777777772034e-03
1.913888888888882946e-03
1.963888888888883077e-03
1.849999999999994444e-03
1.927777777777771751e-03
1.852777777777772205e-03
1.897222222222216381e-03
2.005555555555549926e-03
1.947222222222216512e-03
2.058333333333327384e-03
1.880555555555550032e-03
2.016666666666660970e-03
1.897222222222216597e-03
2.024999999999994253e-03
1.761111111111105659e-03
1.822222222222216617e-03
1.980555555555549643e-03
2.002777777777772165e-03
1.899999999999994358e-03
2.011111111111105448e-03
2.074999999999993950e-03
2.008333333333327687e-03
1.966666666666660405e-03
1.966666666666660838e-03
1.913888888888882946e-03
1.944444444444438317e-03
1.905555555555549663e-03
1.972222222222216360e-03
1.983333333333327404e-03
1.983333333333327404e-03
1.994444444444438448e-03
1.908333333333327424e-03
2.002777777777772165e-03
1.805555555555550269e-03
1.930555555555549512e-03
2.008333333333327687e-03
2.002777777777771731e-03
1.908333333333327641e-03
1.899999999999994575e-03
1.777777777777772659e-03
1.966666666666660405e-03
2.005555555555549492e-03
1.908333333333327424e-03
2.077777777777771711e-03
1.855555555555549966e-03
1.922222222222216446e-03
1.922222222222216446e-03
1.908333333333327424e-03
1.930555555555549729e-03
1.988888888888883360e-03
1.894444444444438836e-03
2.044444444444438579e-03
1.863888888888883249e-03
1.941666666666661207e-03
1.941666666666660556e-03
1.983333333333327404e-03
1.983333333333327404e-03
1.927777777777771968e-03
1.994444444444438448e-03
1.833333333333327878e-03
1.949999999999994056e-03
1.883333333333327793e-03
1.847222222222216683e-03
1.891666666666661075e-03
2.063888888888882906e-03
1.988888888888882926e-03
2.033333333333327535e-03
1.924999999999994207e-03
1.944444444444438751e-03
1.808333333333327813e-03
1.827777777777772139e-03
1.849999999999994227e-03
1.955555555555549361e-03
1.905555555555549880e-03
1.952777777777772250e-03
1.933333333333327490e-03
2.041666666666660818e-03
1.958333333333327556e-03
1.974999999999994121e-03
2.016666666666660970e-03
1.808333333333328029e-03
1.877777777777772054e-03
2.047222222222216340e-03
1.980555555555549643e-03
2.041666666666660385e-03
1.908333333333327424e-03
1.880555555555550032e-03
1.852777777777772205e-03
1.847222222222216466e-03
2.041666666666660818e-03
1.952777777777771817e-03
2.008333333333327253e-03
1.927777777777772185e-03
1.986111111111104732e-03
1.958333333333327556e-03
1.941666666666660556e-03
1.933333333333327490e-03
1.941666666666660773e-03
2.049999999999994101e-03
1.983333333333327404e-03
1.969444444444438599e-03
1.999999999999993970e-03
1.869444444444438771e-03
2.036111111111104863e-03
2.027777777777772013e-03
1.899999999999994358e-03
1.972222222222216360e-03
1.986111111111105165e-03
2.005555555555549926e-03
1.974999999999994121e-03
1.780555555555550637e-03
1.977777777777771449e-03
1.802777777777772508e-03
1.880555555555550032e-03
1.999999999999993970e-03
1.955555555555549795e-03
1.916666666666660924e-03
1.947222222222216295e-03
2.102777777777771126e-03
1.963888888888883077e-03
1.894444444444438836e-03
1.963888888888883077e-03
1.933333333333327490e-03
1.974999999999993688e-03
2.011111111111105448e-03
2.002777777777772165e-03
2.027777777777772013e-03
1.819444444444439073e-03
1.897222222222216597e-03
1.813888888888883335e-03
1.972222222222215927e-03
2.130555555555548736e-03
1.949999999999994056e-03
1.977777777777771882e-03
2.052777777777771862e-03
1.924999999999994207e-03
2.049999999999994101e-03
1.863888888888883249e-03
1.947222222222216512e-03
1.883333333333327793e-03
2.022222222222216058e-03
1.941666666666660773e-03
2.024999999999994253e-03
1.913888888888882946e-03
1.947222222222216512e-03
1.938888888888883012e-03
1.986111111111104732e-03
1.902777777777772119e-03
1.997222222222216209e-03
1.933333333333327490e-03
1.988888888888882926e-03
1.858333333333327727e-03
2.038888888888883057e-03
1.894444444444438620e-03
1.986111111111104732e-03
1.930555555555549729e-03
1.961111111111105317e-03
1.908333333333327641e-03
2.080555555555549038e-03
1.899999999999994358e-03
1.977777777777771882e-03
1.861111111111105922e-03
1.949999999999994273e-03
2.013888888888883209e-03
2.069444444444438428e-03
2.002777777777772165e-03
1.819444444444438857e-03
2.094444444444438277e-03
1.908333333333327424e-03
1.999999999999993970e-03
1.916666666666660924e-03
2.066666666666660667e-03
1.952777777777772034e-03
1.963888888888883077e-03
1.988888888888883360e-03
1.949999999999994056e-03
1.797222222222216769e-03
1.811111111111105790e-03
2.027777777777772013e-03
1.977777777777771882e-03
1.966666666666660405e-03
2.036111111111105296e-03
1.999999999999993970e-03
2.016666666666660970e-03
1.986111111111105165e-03
1.961111111111105317e-03
2.011111111111105448e-03
1.947222222222216512e-03
1.933333333333327490e-03
1.899999999999994358e-03
1.933333333333327490e-03
1.908333333333327641e-03
1.880555555555549815e-03
1.916666666666660924e-03
1.958333333333327556e-03
1.924999999999994207e-03
1.974999999999994121e-03
1.930555555555549946e-03
1.836111111111105639e-03
1.997222222222216209e-03
1.897222222222216597e-03
1.952777777777772034e-03
2.016666666666660970e-03
1.994444444444438448e-03
2.044444444444438579e-03
1.988888888888882926e-03
2.074999999999993950e-03
1.933333333333327490e-03
2.008333333333327687e-03
2.074999999999993950e-03
1.913888888888883163e-03
1.922222222222216229e-03
1.963888888888882644e-03
1.941666666666660773e-03
2.002777777777772165e-03
2.130555555555549169e-03
1.947222222222216295e-03
1.999999999999993970e-03
1.916666666666660924e-03
1.911111111111105402e-03
1.852777777777772205e-03
1.955555555555549795e-03
1.955555555555549361e-03
2.083333333333327233e-03
1.983333333333326971e-03
1.988888888888882926e-03
1.933333333333327490e-03
2.005555555555549926e-03
2.094444444444437843e-03
2.038888888888883057e-03
1.922222222222216229e-03
2.063888888888882906e-03
1.844444444444438922e-03
1.919444444444438468e-03
2.055555555555549623e-03
1.949999999999994489e-03
1.977777777777771882e-03
2.002777777777772165e-03
1.927777777777772185e-03
1.883333333333327793e-03
1.897222222222216597e-03
1.883333333333328009e-03
1.969444444444438599e-03
2.066666666666660667e-03
1.969444444444438166e-03
1.986111111111105165e-03
1.905555555555549880e-03
2.063888888888882906e-03
1.847222222222216683e-03
1.858333333333327944e-03
1.863888888888883466e-03
2.008333333333327253e-03
1.913888888888883163e-03
1.922222222222216229e-03
1.936111111111105034e-03
2.074999999999993950e-03
2.013888888888883209e-03
1.863888888888883466e-03
1.966666666666660838e-03
1.974999999999993688e-03
2.066666666666660667e-03
1.991666666666660687e-03
1.888888888888883314e-03
1.913888888888883163e-03
2.105555555555549321e-03
1.922222222222216663e-03
1.958333333333327556e-03
2.013888888888883209e-03
1.874999999999994293e-03
1.927777777777771968e-03
2.102777777777771560e-03
1.980555555555549643e-03
2.011111111111105448e-03
1.899999999999994141e-03
1.883333333333327793e-03
1.972222222222216360e-03
1.886111111111105337e-03
1.905555555555549663e-03
1.977777777777771882e-03
1.872222222222216532e-03
1.980555555555549210e-03
2.036111111111105296e-03
2.108333333333327082e-03
2.019444444444438731e-03
1.883333333333327576e-03
1.905555555555549880e-03
1.961111111111105317e-03
2.016666666666660970e-03
1.994444444444438448e-03
1.886111111111105553e-03
1.966666666666660838e-03
1.980555555555549643e-03
1.949999999999994273e-03
1.841666666666660944e-03
1.969444444444438599e-03
2.069444444444438428e-03
1.969444444444438599e-03
1.958333333333327556e-03
1.947222222222216512e-03
1.980555555555549643e-03
2.041666666666660818e-03
1.897222222222216597e-03
1.944444444444438751e-03
1.905555555555549880e-03
1.905555555555549663e-03
1.805555555555550052e-03
1.949999999999994056e-03
2.024999999999994253e-03
1.952777777777772034e-03
1.991666666666660687e-03
1.894444444444438836e-03
1.874999999999994510e-03
1.913888888888882946e-03
1.930555555555549946e-03
2.027777777777772013e-03
1.941666666666660773e-03
2.055555555555549623e-03
1.905555555555549880e-03
1.974999999999993688e-03
1.855555555555549966e-03
1.919444444444438685e-03
1.924999999999994207e-03
1.999999999999993970e-03
1.922222222222216229e-03
2.024999999999994253e-03
1.944444444444438317e-03
1.983333333333326971e-03
2.033333333333327535e-03
1.886111111111105553e-03
2.011111111111105014e-03
1.924999999999993990e-03
2.019444444444438731e-03
1.969444444444438599e-03
1.924999999999994207e-03
1.911111111111105402e-03
1.930555555555549729e-03
2.013888888888883209e-03
1.794444444444439225e-03
2.022222222222216492e-03
1.916666666666660924e-03
2.072222222222216189e-03
1.963888888888883077e-03
1.958333333333327122e-03
1.908333333333327641e-03
1.908333333333327424e-03
2.027777777777772013e-03
1.944444444444438751e-03
1.944444444444438317e-03
2.158333333333327213e-03
2.024999999999994253e-03
2.016666666666660970e-03
2.033333333333327535e-03
1.919444444444438685e-03
1.902777777777771902e-03
2.030555555555549774e-03
2.027777777777772013e-03
2.097222222222216038e-03
1.930555555555549729e-03
2.027777777777772013e-03
2.005555555555549926e-03
2.008333333333327687e-03
1.863888888888883249e-03
1.888888888888883314e-03
1.886111111111105337e-03
1.866666666666661227e-03
2.030555555555549341e-03
2.013888888888883209e-03
1.913888888888883163e-03
1.969444444444438599e-03
2.083333333333327233e-03
1.944444444444438751e-03
1.955555555555549795e-03
1.977777777777771882e-03
1.922222222222216446e-03
1.888888888888883098e-03
1.899999999999994141e-03
1.905555555555549880e-03
1.930555555555549946e-03
2.013888888888882775e-03
1.963888888888883077e-03
1.891666666666661075e-03
2.036111111111105296e-03
1.888888888888883314e-03
1.930555555555549946e-03
1.902777777777772119e-03
1.908333333333327424e-03
1.955555555555549361e-03
1.977777777777771882e-03
1.836111111111105639e-03
1.816666666666661312e-03
1.819444444444438857e-03
1.941666666666660773e-03
1.963888888888882644e-03
1.891666666666661075e-03
1.988888888888882926e-03
1.930555555555549729e-03
2.108333333333327082e-03
1.936111111111105251e-03
1.936111111111105251e-03
1.930555555555549729e-03
2.002777777777772165e-03
1.891666666666661075e-03
2.055555555555549623e-03
1.938888888888883012e-03
1.858333333333327944e-03
2.163888888888882735e-03
2.294444444444437500e-03
2.419444444444437178e-03
2.661111111111102816e-03
2.955555555555546780e-03
3.144444444444434959e-03
3.069444444444435413e-03
3.174999999999989896e-03
3.219444444444434939e-03
3.483333333333322665e-03
3.399999999999989836e-03
3.569444444444433255e-03
3.436111111111100729e-03
3.349999999999989271e-03
3.688888888888877410e-03
3.636111111111099952e-03
3.572222222222211016e-03
3.619444444444433386e-03
3.699999999999988454e-03
3.505555555555544319e-03
3.658333333333321606e-03
3.616666666666655192e-03
3.724999999999988737e-03
3.697222222222210693e-03
3.491666666666655514e-03
3.669444444444432650e-03
3.605555555555544581e-03
3.705555555555543976e-03
3.597222222222211298e-03
3.613888888888877864e-03
3.638888888888877279e-03
3.719444444444432347e-03
3.769444444444432912e-03
3.680555555555544128e-03
3.677777777777765933e-03
3.763888888888877390e-03
3.705555555555543976e-03
3.658333333333322040e-03
3.761111111111099196e-03
3.905555555555543200e-03
3.552777777777766689e-03
3.805555555555543371e-03
3.619444444444432953e-03
3.644444444444432801e-03
3.827777777777765893e-03
3.527777777777766841e-03
3.736111111111099347e-03
3.508333333333322080e-03
3.805555555555543805e-03
3.569444444444433255e-03
3.649999999999988323e-03
3.699999999999988454e-03
3.586111111111099821e-03
3.424999999999989251e-03
3.708333333333321737e-03
3.677777777777765933e-03
3.633333333333322191e-03
3.724999999999988303e-03
3.552777777777767123e-03
3.552777777777766689e-03
3.788888888888876805e-03
3.516666666666655363e-03
3.644444444444433235e-03
3.644444444444432801e-03
3.488888888888878187e-03
3.752777777777766346e-03
3.494444444444433275e-03
3.497222222222211470e-03
3.597222222222210865e-03
3.488888888888878187e-03
3.499999999999988797e-03
3.691666666666654738e-03
3.524999999999988646e-03
3.736111111111099781e-03
3.511111111111099841e-03
3.627777777777766669e-03
3.438888888888878489e-03
3.513888888888878036e-03
3.555555555555544884e-03
3.658333333333322040e-03
3.763888888888877390e-03
3.580555555555544733e-03
3.430555555555544773e-03
3.474999999999989382e-03
3.636111111111099518e-03
3.474999999999988948e-03
3.494444444444433709e-03
3.569444444444433689e-03
3.502777777777766992e-03
3.297222222222212246e-03
3.527777777777766841e-03
3.447222222222211772e-03
3.624999999999988908e-03
3.719444444444432347e-03
3.605555555555544581e-03
3.561111111111099972e-03
3.758333333333321868e-03
3.511111111111100275e-03
3.705555555555543543e-03
3.441666666666655817e-03
3.491666666666655514e-03
3.449999999999989100e-03
3.486111111111099992e-03
3.377777777777767314e-03
3.536111111111100123e-03
3.499999999999989231e-03
3.724999999999988737e-03
3.683333333333321889e-03
3.830555555555543654e-03
3.402777777777767597e-03
3.655555555555544279e-03
3.438888888888878489e-03
3.597222222222211298e-03
3.530555555555544602e-03
3.702777777777765782e-03
3.613888888888877864e-03
3.630555555555543996e-03
3.838888888888876937e-03
3.602777777777766820e-03
3.711111111111099498e-03
3.627777777777766669e-03
3.722222222222210976e-03
3.691666666666654738e-03
3.766666666666654718e-03
3.499999999999988797e-03
3.699999999999988021e-03
3.663888888888877128e-03
3.680555555555544128e-03
3.591666666666655777e-03
3.536111111111099690e-03
3.705555555555543976e-03
3.697222222222210260e-03
3.480555555555544904e-03
3.819444444444432176e-03
3.855555555555543502e-03
3.633333333333322191e-03
3.622222222222210714e-03
3.841666666666654698e-03
3.516666666666655363e-03
3.680555555555543694e-03
3.605555555555544148e-03
3.688888888888876977e-03
3.577777777777766972e-03
3.724999999999988737e-03
3.669444444444433084e-03
3.705555555555543543e-03
3.622222222222211147e-03
3.891666666666654829e-03
3.674999999999988606e-03
3.713888888888877259e-03
3.441666666666656250e-03
3.797222222222210522e-03
3.719444444444433215e-03
3.705555555555543543e-03
3.580555555555544299e-03
3.583333333333322494e-03
3.677777777777765933e-03
3.602777777777766820e-03
3.613888888888877864e-03
3.674999999999988606e-03
3.477777777777766709e-03
3.599999999999989059e-03
3.416666666666655968e-03
3.611111111111100103e-03
3.452777777777766861e-03
3.594444444444433538e-03
3.697222222222210693e-03
3.752777777777766346e-03
3.491666666666655514e-03
3.638888888888877279e-03
3.558333333333322211e-03
3.572222222222211450e-03
3.533333333333322362e-03
3.477777777777766709e-03
3.680555555555543694e-03
3.530555555555544602e-03
3.588888888888877582e-03
3.730555555555544259e-03
3.594444444444433104e-03
3.336111111111100900e-03
3.566666666666655494e-03
3.524999999999989080e-03
3.272222222222211964e-03
3.538888888888877451e-03
3.572222222222211450e-03
3.505555555555544753e-03
3.527777777777766841e-03
3.558333333333322645e-03
3.691666666666655171e-03
3.461111111111100144e-03
3.544444444444433840e-03
3.372222222222211359e-03
3.280555555555545247e-03
3.286111111111101202e-03
3.602777777777766387e-03
3.444444444444433578e-03
3.444444444444434011e-03
3.319444444444434334e-03
3.355555555555544793e-03
3.347222222222211510e-03
3.569444444444433689e-03
3.541666666666655212e-03
3.424999999999989251e-03
3.327777777777767617e-03
3.213888888888878984e-03
3.341666666666656422e-03
3.394444444444434314e-03
3.355555555555544793e-03
3.311111111111100617e-03
3.424999999999989685e-03
3.558333333333322645e-03
3.444444444444433578e-03
3.774999999999988001e-03
3.505555555555544319e-03
3.466666666666655666e-03
3.541666666666655212e-03
3.524999999999989080e-03
3.249999999999989876e-03
3.316666666666656139e-03
3.397222222222212075e-03
3.336111111111100466e-03
3.299999999999989574e-03
3.466666666666655666e-03
3.380555555555545075e-03
3.391666666666656553e-03
3.280555555555545247e-03
3.366666666666656271e-03
3.202777777777767940e-03
3.458333333333322816e-03
3.344444444444433749e-03
3.386111111111101031e-03
3.436111111111100729e-03
3.291666666666656724e-03
3.527777777777766407e-03
3.366666666666656271e-03
3.494444444444433709e-03
3.308333333333323290e-03
3.494444444444433275e-03
3.188888888888879135e-03
3.211111111111101223e-03
3.447222222222211772e-03
3.361111111111100315e-03
3.294444444444434052e-03
3.224999999999990461e-03
3.297222222222211813e-03
3.197222222222211984e-03
3.308333333333323290e-03
3.377777777777767748e-03
3.061111111111102130e-03
3.355555555555545227e-03
3.274999999999989725e-03
3.319444444444434334e-03
3.383333333333323270e-03
3.266666666666656442e-03
3.374999999999989553e-03
3.552777777777767123e-03
3.308333333333322857e-03
3.255555555555545398e-03
3.058333333333323936e-03
3.266666666666656442e-03
3.277777777777767920e-03
3.163888888888878852e-03
3.141666666666657198e-03
3.202777777777767940e-03
3.216666666666656745e-03
3.249999999999989876e-03
3.163888888888878852e-03
3.258333333333323159e-03
3.199999999999990179e-03
3.302777777777767335e-03
3.086111111111101545e-03
3.036111111111101848e-03
3.349999999999989271e-03
3.086111111111101545e-03
3.347222222222211510e-03
3.211111111111101223e-03
3.305555555555545096e-03
3.380555555555545075e-03
3.263888888888878681e-03
3.083333333333323784e-03
3.244444444444434354e-03
3.433333333333322968e-03
3.352777777777767466e-03
3.286111111111100769e-03
3.330555555555544944e-03
3.216666666666656745e-03
3.030555555555546326e-03
3.105555555555545872e-03
3.133333333333323915e-03
3.055555555555546175e-03
3.174999999999990330e-03
3.402777777777767597e-03
3.111111111111101394e-03
3.183333333333323613e-03
3.136111111111101243e-03
3.280555555555545681e-03
3.211111111111101223e-03
3.177777777777767657e-03
3.222222222222212266e-03
3.130555555555546154e-03
3.269444444444434203e-03
3.119444444444435111e-03
3.122222222222212438e-03
3.124999999999990199e-03
2.999999999999990521e-03
3.074999999999990501e-03
3.172222222222212135e-03
3.230555555555545549e-03
3.147222222222212287e-03
3.130555555555546154e-03
3.019444444444434848e-03
3.197222222222212851e-03
3.105555555555545872e-03
2.949999999999990824e-03
3.161111111111101091e-03
3.149999999999990048e-03
3.316666666666656573e-03
3.149999999999990048e-03
2.969444444444435151e-03
3.272222222222211964e-03
3.088888888888879740e-03
3.133333333333323482e-03
3.077777777777768262e-03
3.149999999999990048e-03
3.280555555555545681e-03
2.977777777777768434e-03
3.238888888888878832e-03
3.113888888888879589e-03
3.294444444444434052e-03
3.061111111111101696e-03
2.966666666666657824e-03
3.127777777777768393e-03
3.097222222222212589e-03
3.083333333333323784e-03
3.094444444444434828e-03
2.986111111111102150e-03
3.263888888888878681e-03
3.005555555555546043e-03
3.141666666666656765e-03
3.033333333333324087e-03
2.933333333333324258e-03
2.949999999999990824e-03
3.088888888888879306e-03
2.938888888888879780e-03
3.202777777777768373e-03
3.038888888888880042e-03
3.072222222222212740e-03
3.116666666666656916e-03
3.119444444444434677e-03
2.944444444444435302e-03
3.061111111111101696e-03
3.049999999999990653e-03
3.011111111111101565e-03
2.899999999999991560e-03
2.994444444444435000e-03
2.927777777777768736e-03
3.016666666666657087e-03
2.905555555555546648e-03
2.941666666666657975e-03
3.116666666666656916e-03
3.041666666666657370e-03
3.038888888888879609e-03
3.119444444444434677e-03
3.116666666666657350e-03
2.969444444444435151e-03
2.933333333333324258e-03
3.088888888888879306e-03
3.041666666666657370e-03
2.991666666666657239e-03
3.011111111111101565e-03
3.008333333333324238e-03
2.949999999999990824e-03
3.013888888888879326e-03
2.977777777777768867e-03
3.041666666666657803e-03
3.108333333333323633e-03
3.091666666666657067e-03
3.077777777777768262e-03
2.861111111111102473e-03
2.924999999999990975e-03
2.886111111111102322e-03
2.899999999999991127e-03
2.863888888888880668e-03
2.897222222222213366e-03
3.024999999999990370e-03
3.080555555555546457e-03
2.938888888888879780e-03
2.952777777777768585e-03
2.883333333333324561e-03
3.074999999999990501e-03
2.905555555555546648e-03
2.961111111111101868e-03
2.766666666666658166e-03
2.902777777777768888e-03
3.013888888888879326e-03
2.949999999999990824e-03
2.883333333333324561e-03
2.911111111111102170e-03
2.849999999999990995e-03
2.972222222222212912e-03
2.883333333333324561e-03
2.883333333333324561e-03
3.099999999999990350e-03
2.924999999999991409e-03
3.002777777777768282e-03
2.758333333333324883e-03
2.863888888888880234e-03
2.730555555555547274e-03
2.824999999999991147e-03
2.777777777777769210e-03
2.908333333333324409e-03
3.041666666666657370e-03
2.961111111111102302e-03
3.041666666666657803e-03
2.955555555555546346e-03
2.872222222222213517e-03
2.963888888888879629e-03
2.830555555555546669e-03
2.869444444444435756e-03
2.852777777777769190e-03
2.924999999999990975e-03
2.741666666666658318e-03
2.797222222222213537e-03
2.855555555555547385e-03
2.836111111111102191e-03
2.972222222222212912e-03
2.916666666666658126e-03
2.983333333333323956e-03
2.927777777777768736e-03
2.997222222222212761e-03
2.599999999999991641e-03
2.677777777777770249e-03
2.880555555555547233e-03
2.841666666666657712e-03
2.899999999999991127e-03
2.736111111111102796e-03
2.849999999999990995e-03
2.924999999999990975e-03
2.916666666666657692e-03
2.869444444444435756e-03
2.872222222222213517e-03
2.738888888888880557e-03
2.936111111111102019e-03
2.858333333333324712e-03
2.905555555555546648e-03
2.863888888888880234e-03
2.847222222222213668e-03
2.838888888888879952e-03
2.799999999999991298e-03
2.791666666666658015e-03
2.916666666666658126e-03
2.933333333333324692e-03
2.758333333333324883e-03
2.894444444444435605e-03
2.938888888888880214e-03
2.572222222222214465e-03
2.891666666666657844e-03
2.919444444444435453e-03
2.922222222222213214e-03
2.852777777777769190e-03
2.844444444444435473e-03
2.769444444444435927e-03
2.747222222222213839e-03
2.786111111111102493e-03
2.958333333333324107e-03
2.663888888888880577e-03
2.872222222222213951e-03
2.641666666666658489e-03
2.630555555555547445e-03
2.841666666666657712e-03
2.741666666666658318e-03
2.763888888888880405e-03
2.802777777777769059e-03
2.747222222222213839e-03
2.813888888888880103e-03
2.747222222222213839e-03
2.683333333333325337e-03
2.613888888888880879e-03
2.733333333333325035e-03
2.744444444444435645e-03
2.763888888888880405e-03
2.727777777777769946e-03
2.797222222222213537e-03
2.852777777777769624e-03
2.722222222222213991e-03
2.786111111111102493e-03
2.677777777777769382e-03
2.891666666666657844e-03
2.880555555555546800e-03
2.652777777777769533e-03
2.752777777777769361e-03
2.699999999999991903e-03
2.727777777777769946e-03
2.763888888888880405e-03
2.744444444444436079e-03
2.677777777777770249e-03
2.649999999999991772e-03
2.727777777777769513e-03
2.738888888888880990e-03
2.736111111111102796e-03
