5.206000000000000000e+03
1.664000000000000000e+03
1.216000000000000000e+03
7.193000000000000000e+03
1.420000000000000000e+03
2.800000000000000000e+01
6.518000000000000000e+03
2.088000000000000000e+03
3.430000000000000000e+03
4.546000000000000000e+03
7.340000000000000000e+03
3.922000000000000000e+03
4.405000000000000000e+03
4.608000000000000000e+03
2.962000000000000000e+03
8.160000000000000000e+02
4.711000000000000000e+03
7.444000000000000000e+03
6.704000000000000000e+03
9.980000000000000000e+02
2.821000000000000000e+03
4.375000000000000000e+03
2.383000000000000000e+03
2.957000000000000000e+03
3.880000000000000000e+03
3.194000000000000000e+03
1.673000000000000000e+03
1.325000000000000000e+03
2.566000000000000000e+03
1.519000000000000000e+03
2.301000000000000000e+03
2.985000000000000000e+03
2.403000000000000000e+03
1.879000000000000000e+03
7.448000000000000000e+03
2.945000000000000000e+03
1.390000000000000000e+03
5.482000000000000000e+03
4.120000000000000000e+03
6.081000000000000000e+03
1.398000000000000000e+03
2.708000000000000000e+03
1.957000000000000000e+03
2.430000000000000000e+03
2.365000000000000000e+03
4.915000000000000000e+03
9.770000000000000000e+02
2.860000000000000000e+03
5.762000000000000000e+03
5.645000000000000000e+03
1.417000000000000000e+03
2.680000000000000000e+02
4.164000000000000000e+03
6.536000000000000000e+03
7.142000000000000000e+03
2.559000000000000000e+03
4.874000000000000000e+03
5.439000000000000000e+03
3.474000000000000000e+03
3.836000000000000000e+03
3.211000000000000000e+03
5.140000000000000000e+02
3.100000000000000000e+03
7.773000000000000000e+03
2.165000000000000000e+03
1.981000000000000000e+03
5.115000000000000000e+03
7.517000000000000000e+03
2.655000000000000000e+03
1.107000000000000000e+03
7.613000000000000000e+03
7.117000000000000000e+03
7.020000000000000000e+02
4.317000000000000000e+03
7.098000000000000000e+03
1.502000000000000000e+03
3.300000000000000000e+03
6.530000000000000000e+02
3.953000000000000000e+03
9.550000000000000000e+02
4.117000000000000000e+03
7.837000000000000000e+03
4.025000000000000000e+03
2.776000000000000000e+03
5.874000000000000000e+03
7.039000000000000000e+03
4.722000000000000000e+03
5.744000000000000000e+03
1.720000000000000000e+03
1.579000000000000000e+03
9.880000000000000000e+02
5.840000000000000000e+03
2.879000000000000000e+03
3.944000000000000000e+03
7.167000000000000000e+03
1.930000000000000000e+03
3.054000000000000000e+03
1.888000000000000000e+03
7.372000000000000000e+03
5.220000000000000000e+02
3.828000000000000000e+03
3.348000000000000000e+03
1.369000000000000000e+03
7.850000000000000000e+02
1.550000000000000000e+02
7.109000000000000000e+03
4.210000000000000000e+03
5.160000000000000000e+02
8.550000000000000000e+02
1.060000000000000000e+02
1.415000000000000000e+03
2.696000000000000000e+03
1.323000000000000000e+03
6.830000000000000000e+03
4.891000000000000000e+03
2.745000000000000000e+03
1.903000000000000000e+03
1.883000000000000000e+03
6.857000000000000000e+03
3.604000000000000000e+03
2.091000000000000000e+03
3.146000000000000000e+03
2.397000000000000000e+03
7.409000000000000000e+03
2.176000000000000000e+03
1.739000000000000000e+03
2.829000000000000000e+03
4.940000000000000000e+03
3.352000000000000000e+03
9.290000000000000000e+02
7.779000000000000000e+03
2.334000000000000000e+03
7.736000000000000000e+03
6.177000000000000000e+03
7.900000000000000000e+02
2.818000000000000000e+03
1.431000000000000000e+03
1.319000000000000000e+03
1.049000000000000000e+03
2.885000000000000000e+03
6.993000000000000000e+03
5.072000000000000000e+03
1.687000000000000000e+03
8.400000000000000000e+02
7.650000000000000000e+02
7.217000000000000000e+03
1.491000000000000000e+03
3.173000000000000000e+03
6.086000000000000000e+03
3.966000000000000000e+03
5.213000000000000000e+03
4.304000000000000000e+03
2.214000000000000000e+03
4.930000000000000000e+02
4.925000000000000000e+03
5.920000000000000000e+02
1.322000000000000000e+03
4.740000000000000000e+02
5.379000000000000000e+03
3.001000000000000000e+03
9.030000000000000000e+02
7.033000000000000000e+03
5.343000000000000000e+03
1.128000000000000000e+03
7.429000000000000000e+03
3.778000000000000000e+03
1.933000000000000000e+03
5.889000000000000000e+03
2.202000000000000000e+03
3.240000000000000000e+02
5.230000000000000000e+02
3.412000000000000000e+03
1.088000000000000000e+03
2.918000000000000000e+03
3.349000000000000000e+03
2.326000000000000000e+03
7.417000000000000000e+03
4.910000000000000000e+02
4.347000000000000000e+03
1.223000000000000000e+03
2.970000000000000000e+03
9.870000000000000000e+02
3.237000000000000000e+03
2.060000000000000000e+02
7.469000000000000000e+03
1.601000000000000000e+03
1.868000000000000000e+03
6.026000000000000000e+03
2.238000000000000000e+03
1.296000000000000000e+03
1.316000000000000000e+03
1.591000000000000000e+03
7.050000000000000000e+03
2.205000000000000000e+03
3.930000000000000000e+03
6.354000000000000000e+03
3.931000000000000000e+03
7.860000000000000000e+03
5.546000000000000000e+03
3.390000000000000000e+03
3.321000000000000000e+03
5.505000000000000000e+03
1.950000000000000000e+03
5.210000000000000000e+02
5.019000000000000000e+03
4.010000000000000000e+02
2.274000000000000000e+03
2.940000000000000000e+03
4.226000000000000000e+03
1.125000000000000000e+03
2.932000000000000000e+03
7.593000000000000000e+03
9.400000000000000000e+01
4.235000000000000000e+03
3.112000000000000000e+03
2.450000000000000000e+03
1.607000000000000000e+03
6.770000000000000000e+02
5.410000000000000000e+02
3.501000000000000000e+03
5.544000000000000000e+03
2.300000000000000000e+01
3.867000000000000000e+03
6.946000000000000000e+03
2.052000000000000000e+03
3.418000000000000000e+03
2.170000000000000000e+02
1.194000000000000000e+03
1.371000000000000000e+03
3.450000000000000000e+03
2.641000000000000000e+03
6.720000000000000000e+02
3.281000000000000000e+03
5.725000000000000000e+03
7.505000000000000000e+03
6.546000000000000000e+03
7.342000000000000000e+03
7.390000000000000000e+02
1.505000000000000000e+03
1.848000000000000000e+03
6.256000000000000000e+03
2.123000000000000000e+03
8.780000000000000000e+02
2.813000000000000000e+03
7.423000000000000000e+03
5.060000000000000000e+02
7.394000000000000000e+03
1.949000000000000000e+03
2.182000000000000000e+03
8.830000000000000000e+02
4.534000000000000000e+03
6.432000000000000000e+03
1.350000000000000000e+03
5.200000000000000000e+02
9.100000000000000000e+02
1.766000000000000000e+03
1.494000000000000000e+03
1.979000000000000000e+03
2.956000000000000000e+03
7.588000000000000000e+03
5.499000000000000000e+03
4.274000000000000000e+03
6.190000000000000000e+02
6.274000000000000000e+03
4.254000000000000000e+03
4.159000000000000000e+03
3.854000000000000000e+03
7.111000000000000000e+03
3.197000000000000000e+03
7.344000000000000000e+03
2.739000000000000000e+03
3.983000000000000000e+03
1.589000000000000000e+03
2.900000000000000000e+01
2.951000000000000000e+03
1.307000000000000000e+03
3.267000000000000000e+03
7.498000000000000000e+03
6.441000000000000000e+03
5.171000000000000000e+03
4.069000000000000000e+03
8.170000000000000000e+02
2.503000000000000000e+03
3.584000000000000000e+03
2.640000000000000000e+02
3.698000000000000000e+03
8.250000000000000000e+02
6.947000000000000000e+03
2.208000000000000000e+03
7.696000000000000000e+03
3.757000000000000000e+03
7.909000000000000000e+03
1.376000000000000000e+03
3.726000000000000000e+03
1.924000000000000000e+03
2.946000000000000000e+03
5.820000000000000000e+03
4.900000000000000000e+02
3.209000000000000000e+03
3.646000000000000000e+03
6.963000000000000000e+03
6.618000000000000000e+03
7.487000000000000000e+03
2.170000000000000000e+03
5.360000000000000000e+02
6.460000000000000000e+02
7.236000000000000000e+03
6.847000000000000000e+03
3.517000000000000000e+03
4.736000000000000000e+03
3.125000000000000000e+03
6.471000000000000000e+03
2.544000000000000000e+03
2.199000000000000000e+03
2.282000000000000000e+03
7.231000000000000000e+03
1.758000000000000000e+03
1.045000000000000000e+03
7.359000000000000000e+03
7.318000000000000000e+03
6.110000000000000000e+02
7.713000000000000000e+03
5.430000000000000000e+03
4.397000000000000000e+03
4.003000000000000000e+03
7.280000000000000000e+03
1.660000000000000000e+03
6.280000000000000000e+03
3.040000000000000000e+03
3.901000000000000000e+03
4.449000000000000000e+03
3.395000000000000000e+03
6.180000000000000000e+02
2.715000000000000000e+03
5.300000000000000000e+02
2.950000000000000000e+02
7.465000000000000000e+03
5.324000000000000000e+03
4.006000000000000000e+03
1.254000000000000000e+03
7.969000000000000000e+03
5.990000000000000000e+03
1.000000000000000000e+03
6.650000000000000000e+03
2.135000000000000000e+03
3.925000000000000000e+03
7.313000000000000000e+03
3.184000000000000000e+03
1.695000000000000000e+03
2.870000000000000000e+02
3.787000000000000000e+03
4.394000000000000000e+03
2.240000000000000000e+02
1.227000000000000000e+03
7.830000000000000000e+03
6.449000000000000000e+03
5.280000000000000000e+03
1.740000000000000000e+02
5.173000000000000000e+03
4.205000000000000000e+03
7.253000000000000000e+03
3.538000000000000000e+03
6.636000000000000000e+03
2.856000000000000000e+03
6.914000000000000000e+03
7.228000000000000000e+03
3.411000000000000000e+03
7.571000000000000000e+03
3.810000000000000000e+02
5.803000000000000000e+03
1.110000000000000000e+02
3.734000000000000000e+03
1.559000000000000000e+03
3.072000000000000000e+03
3.622000000000000000e+03
1.652000000000000000e+03
1.575000000000000000e+03
3.380000000000000000e+03
3.111000000000000000e+03
6.975000000000000000e+03
2.229000000000000000e+03
7.186000000000000000e+03
2.026000000000000000e+03
4.168000000000000000e+03
3.696000000000000000e+03
1.100000000000000000e+02
7.384000000000000000e+03
2.367000000000000000e+03
1.561000000000000000e+03
6.351000000000000000e+03
1.240000000000000000e+02
2.504000000000000000e+03
1.680000000000000000e+02
4.500000000000000000e+02
6.451000000000000000e+03
1.680000000000000000e+03
3.083000000000000000e+03
3.042000000000000000e+03
6.125000000000000000e+03
2.473000000000000000e+03
7.352000000000000000e+03
2.785000000000000000e+03
3.434000000000000000e+03
1.946000000000000000e+03
5.070000000000000000e+02
4.600000000000000000e+02
7.446000000000000000e+03
5.098000000000000000e+03
1.724000000000000000e+03
1.869000000000000000e+03
8.240000000000000000e+02
4.315000000000000000e+03
3.518000000000000000e+03
3.039000000000000000e+03
1.629000000000000000e+03
6.258000000000000000e+03
3.676000000000000000e+03
2.532000000000000000e+03
7.482000000000000000e+03
3.343000000000000000e+03
1.560000000000000000e+03
8.080000000000000000e+02
2.486000000000000000e+03
5.430000000000000000e+02
3.750000000000000000e+02
2.045000000000000000e+03
6.241000000000000000e+03
5.127000000000000000e+03
2.030000000000000000e+02
3.467000000000000000e+03
4.699000000000000000e+03
1.896000000000000000e+03
4.428000000000000000e+03
2.554000000000000000e+03
5.743000000000000000e+03
1.527000000000000000e+03
6.723000000000000000e+03
3.785000000000000000e+03
1.074000000000000000e+03
3.861000000000000000e+03
7.319000000000000000e+03
1.382000000000000000e+03
2.276000000000000000e+03
5.877000000000000000e+03
2.599000000000000000e+03
3.246000000000000000e+03
2.452000000000000000e+03
7.709000000000000000e+03
6.329000000000000000e+03
4.090000000000000000e+02
4.665000000000000000e+03
4.456000000000000000e+03
5.993000000000000000e+03
6.884000000000000000e+03
4.112000000000000000e+03
3.504000000000000000e+03
2.460000000000000000e+03
6.490000000000000000e+02
1.603000000000000000e+03
3.744000000000000000e+03
5.940000000000000000e+02
4.109000000000000000e+03
6.294000000000000000e+03
4.748000000000000000e+03
7.271000000000000000e+03
3.302000000000000000e+03
6.634000000000000000e+03
2.878000000000000000e+03
2.901000000000000000e+03
4.537000000000000000e+03
1.521000000000000000e+03
1.430000000000000000e+03
6.841000000000000000e+03
1.719000000000000000e+03
1.625000000000000000e+03
7.168000000000000000e+03
9.690000000000000000e+02
1.373000000000000000e+03
3.577000000000000000e+03
6.220000000000000000e+02
4.970000000000000000e+03
3.382000000000000000e+03
3.997000000000000000e+03
3.888000000000000000e+03
3.465000000000000000e+03
2.253000000000000000e+03
6.981000000000000000e+03
2.950000000000000000e+03
9.800000000000000000e+02
7.841000000000000000e+03
9.780000000000000000e+02
6.902000000000000000e+03
2.335000000000000000e+03
2.928000000000000000e+03
5.829000000000000000e+03
7.447000000000000000e+03
5.683000000000000000e+03
1.816000000000000000e+03
3.451000000000000000e+03
2.580000000000000000e+03
7.210000000000000000e+03
3.365000000000000000e+03
4.697000000000000000e+03
6.821000000000000000e+03
7.179000000000000000e+03
3.409000000000000000e+03
6.831000000000000000e+03
5.193000000000000000e+03
1.820000000000000000e+02
2.943000000000000000e+03
6.500000000000000000e+02
3.388000000000000000e+03
1.124000000000000000e+03
7.282000000000000000e+03
1.478000000000000000e+03
5.291000000000000000e+03
4.777000000000000000e+03
6.061000000000000000e+03
2.941000000000000000e+03
6.291000000000000000e+03
4.075000000000000000e+03
3.420000000000000000e+02
3.182000000000000000e+03
3.526000000000000000e+03
1.741000000000000000e+03
1.830000000000000000e+03
4.463000000000000000e+03
5.179000000000000000e+03
1.659000000000000000e+03
2.635000000000000000e+03
5.814000000000000000e+03
4.676000000000000000e+03
2.605000000000000000e+03
4.382000000000000000e+03
5.567000000000000000e+03
4.491000000000000000e+03
1.590000000000000000e+03
5.243000000000000000e+03
2.310000000000000000e+03
2.305000000000000000e+03
7.810000000000000000e+03
5.580000000000000000e+03
3.454000000000000000e+03
1.814000000000000000e+03
1.333000000000000000e+03
2.960000000000000000e+02
1.906000000000000000e+03
6.696000000000000000e+03
4.448000000000000000e+03
7.019000000000000000e+03
2.893000000000000000e+03
5.196000000000000000e+03
7.279000000000000000e+03
2.506000000000000000e+03
2.700000000000000000e+03
4.352000000000000000e+03
4.903000000000000000e+03
3.996000000000000000e+03
4.673000000000000000e+03
3.637000000000000000e+03
1.544000000000000000e+03
3.653000000000000000e+03
7.748000000000000000e+03
5.731000000000000000e+03
7.206000000000000000e+03
3.461000000000000000e+03
2.119000000000000000e+03
1.951000000000000000e+03
2.465000000000000000e+03
2.740000000000000000e+03
4.363000000000000000e+03
4.807000000000000000e+03
2.003000000000000000e+03
1.596000000000000000e+03
7.507000000000000000e+03
3.730000000000000000e+02
2.705000000000000000e+03
1.452000000000000000e+03
5.000000000000000000e+02
7.147000000000000000e+03
4.487000000000000000e+03
4.266000000000000000e+03
3.386000000000000000e+03
6.861000000000000000e+03
7.300000000000000000e+02
2.930000000000000000e+02
1.789000000000000000e+03
3.210000000000000000e+03
6.602000000000000000e+03
2.140000000000000000e+03
1.488000000000000000e+03
3.126000000000000000e+03
6.308000000000000000e+03
2.917000000000000000e+03
5.212000000000000000e+03
1.108000000000000000e+03
2.273000000000000000e+03
3.015000000000000000e+03
6.683000000000000000e+03
2.810000000000000000e+03
3.962000000000000000e+03
7.461000000000000000e+03
7.544000000000000000e+03
3.799000000000000000e+03
5.334000000000000000e+03
3.313000000000000000e+03
3.553000000000000000e+03
1.878000000000000000e+03
5.030000000000000000e+02
3.029000000000000000e+03
1.034000000000000000e+03
7.361000000000000000e+03
7.226000000000000000e+03
1.941000000000000000e+03
3.621000000000000000e+03
4.420000000000000000e+03
1.239000000000000000e+03
7.700000000000000000e+02
1.042000000000000000e+03
3.333000000000000000e+03
4.729000000000000000e+03
1.945000000000000000e+03
2.902000000000000000e+03
7.187000000000000000e+03
6.002000000000000000e+03
1.705000000000000000e+03
5.322000000000000000e+03
1.953000000000000000e+03
3.718000000000000000e+03
2.865000000000000000e+03
1.071000000000000000e+03
2.606000000000000000e+03
6.100000000000000000e+02
1.999000000000000000e+03
1.786000000000000000e+03
2.894000000000000000e+03
6.014000000000000000e+03
9.310000000000000000e+02
1.714000000000000000e+03
3.065000000000000000e+03
7.222000000000000000e+03
5.080000000000000000e+03
6.420000000000000000e+02
1.063000000000000000e+03
2.032000000000000000e+03
2.304000000000000000e+03
7.214000000000000000e+03
3.438000000000000000e+03
1.725000000000000000e+03
3.327000000000000000e+03
2.425000000000000000e+03
3.959000000000000000e+03
2.211000000000000000e+03
5.440000000000000000e+02
7.308000000000000000e+03
1.463000000000000000e+03
2.644000000000000000e+03
1.178000000000000000e+03
1.852000000000000000e+03
1.347000000000000000e+03
6.523000000000000000e+03
6.000000000000000000e+00
6.008000000000000000e+03
1.228000000000000000e+03
1.474000000000000000e+03
1.887000000000000000e+03
1.191000000000000000e+03
6.840000000000000000e+02
7.151000000000000000e+03
2.387000000000000000e+03
5.034000000000000000e+03
6.803000000000000000e+03
3.280000000000000000e+03
3.149000000000000000e+03
1.278000000000000000e+03
2.352000000000000000e+03
7.803000000000000000e+03
4.172000000000000000e+03
5.593000000000000000e+03
7.360000000000000000e+03
5.738000000000000000e+03
2.493000000000000000e+03
7.782000000000000000e+03
2.070000000000000000e+02
1.569000000000000000e+03
6.060000000000000000e+03
2.100000000000000000e+02
2.398000000000000000e+03
2.758000000000000000e+03
1.865000000000000000e+03
3.804000000000000000e+03
3.022000000000000000e+03
3.605000000000000000e+03
2.175000000000000000e+03
3.610000000000000000e+03
1.515000000000000000e+03
1.086000000000000000e+03
6.950000000000000000e+03
2.441000000000000000e+03
1.746000000000000000e+03
1.550000000000000000e+03
6.331000000000000000e+03
7.572000000000000000e+03
5.587000000000000000e+03
6.961000000000000000e+03
7.701000000000000000e+03
3.030000000000000000e+03
3.000000000000000000e+02
4.401000000000000000e+03
4.804000000000000000e+03
1.987000000000000000e+03
2.132000000000000000e+03
5.355000000000000000e+03
4.084000000000000000e+03
1.344000000000000000e+03
7.439000000000000000e+03
5.300000000000000000e+03
3.607000000000000000e+03
2.446000000000000000e+03
4.890000000000000000e+03
9.380000000000000000e+02
8.040000000000000000e+02
7.141000000000000000e+03
1.200000000000000000e+03
1.396000000000000000e+03
7.003000000000000000e+03
7.126000000000000000e+03
2.560000000000000000e+03
2.952000000000000000e+03
2.580000000000000000e+02
6.900000000000000000e+01
3.781000000000000000e+03
8.070000000000000000e+02
4.594000000000000000e+03
6.743000000000000000e+03
2.929000000000000000e+03
7.483000000000000000e+03
7.069000000000000000e+03
2.347000000000000000e+03
4.845000000000000000e+03
3.392000000000000000e+03
6.601000000000000000e+03
1.410000000000000000e+02
3.280000000000000000e+02
5.490000000000000000e+02
7.411000000000000000e+03
4.424000000000000000e+03
3.670000000000000000e+02
1.638000000000000000e+03
2.124000000000000000e+03
7.560000000000000000e+02
4.039000000000000000e+03
5.628000000000000000e+03
5.974000000000000000e+03
3.085000000000000000e+03
2.814000000000000000e+03
1.570000000000000000e+02
3.379000000000000000e+03
3.910000000000000000e+02
4.040000000000000000e+03
1.578000000000000000e+03
4.051000000000000000e+03
7.089000000000000000e+03
2.899000000000000000e+03
1.980000000000000000e+02
3.701000000000000000e+03
1.285000000000000000e+03
4.023000000000000000e+03
1.418000000000000000e+03
7.100000000000000000e+02
1.082000000000000000e+03
6.927000000000000000e+03
2.249000000000000000e+03
7.063000000000000000e+03
3.685000000000000000e+03
2.040000000000000000e+02
1.549000000000000000e+03
1.301000000000000000e+03
7.478000000000000000e+03
4.862000000000000000e+03
1.076000000000000000e+03
2.336000000000000000e+03
1.260000000000000000e+03
7.180000000000000000e+02
3.885000000000000000e+03
1.384000000000000000e+03
1.761000000000000000e+03
7.641000000000000000e+03
5.170000000000000000e+03
2.104000000000000000e+03
3.079000000000000000e+03
5.935000000000000000e+03
2.863000000000000000e+03
7.421000000000000000e+03
2.241000000000000000e+03
2.650000000000000000e+02
7.368000000000000000e+03
3.554000000000000000e+03
3.619000000000000000e+03
2.213000000000000000e+03
7.277000000000000000e+03
2.060000000000000000e+03
2.761000000000000000e+03
1.636000000000000000e+03
2.867000000000000000e+03
2.843000000000000000e+03
3.306000000000000000e+03
1.422000000000000000e+03
5.292000000000000000e+03
5.517000000000000000e+03
4.388000000000000000e+03
2.974000000000000000e+03
6.386000000000000000e+03
4.050000000000000000e+03
5.285000000000000000e+03
2.772000000000000000e+03
7.097000000000000000e+03
9.850000000000000000e+02
3.347000000000000000e+03
7.460000000000000000e+02
7.761000000000000000e+03
5.909000000000000000e+03
1.666000000000000000e+03
1.083000000000000000e+03
1.674000000000000000e+03
1.650000000000000000e+03
7.500000000000000000e+01
5.863000000000000000e+03
2.319000000000000000e+03
2.850000000000000000e+02
2.662000000000000000e+03
4.066000000000000000e+03
4.146000000000000000e+03
9.630000000000000000e+02
1.828000000000000000e+03
2.700000000000000000e+02
4.074000000000000000e+03
9.130000000000000000e+02
2.149000000000000000e+03
1.660000000000000000e+02
9.720000000000000000e+02
5.061000000000000000e+03
4.210000000000000000e+02
8.680000000000000000e+02
2.166000000000000000e+03
2.661000000000000000e+03
4.052000000000000000e+03
6.210000000000000000e+02
7.479000000000000000e+03
7.273000000000000000e+03
4.037000000000000000e+03
3.381000000000000000e+03
5.667000000000000000e+03
3.320000000000000000e+03
2.379000000000000000e+03
3.628000000000000000e+03
9.100000000000000000e+01
3.608000000000000000e+03
1.270000000000000000e+02
3.269000000000000000e+03
4.197000000000000000e+03
3.472000000000000000e+03
3.939000000000000000e+03
3.525000000000000000e+03
1.197000000000000000e+03
1.009000000000000000e+03
6.040000000000000000e+02
3.315000000000000000e+03
2.520000000000000000e+03
1.000000000000000000e+01
7.725000000000000000e+03
3.116000000000000000e+03
3.268000000000000000e+03
5.720000000000000000e+02
3.790000000000000000e+02
3.452000000000000000e+03
2.763000000000000000e+03
7.546000000000000000e+03
1.390000000000000000e+02
6.718000000000000000e+03
1.700000000000000000e+02
2.120000000000000000e+03
7.068000000000000000e+03
2.257000000000000000e+03
2.245000000000000000e+03
2.499000000000000000e+03
7.418000000000000000e+03
3.695000000000000000e+03
4.832000000000000000e+03
5.100000000000000000e+02
6.978000000000000000e+03
7.197000000000000000e+03
5.680000000000000000e+02
2.567000000000000000e+03
3.245000000000000000e+03
5.384000000000000000e+03
3.768000000000000000e+03
4.219000000000000000e+03
3.243000000000000000e+03
7.295000000000000000e+03
5.133000000000000000e+03
1.129000000000000000e+03
7.863000000000000000e+03
3.304000000000000000e+03
1.688000000000000000e+03
6.077000000000000000e+03
2.719000000000000000e+03
3.305000000000000000e+03
3.070000000000000000e+02
6.941000000000000000e+03
5.721000000000000000e+03
3.657000000000000000e+03
1.892000000000000000e+03
5.128000000000000000e+03
5.726000000000000000e+03
4.911000000000000000e+03
7.407000000000000000e+03
7.112000000000000000e+03
3.340000000000000000e+02
7.636000000000000000e+03
1.345000000000000000e+03
8.130000000000000000e+02
3.927000000000000000e+03
2.537000000000000000e+03
1.250000000000000000e+02
1.554000000000000000e+03
5.030000000000000000e+03
2.571000000000000000e+03
3.655000000000000000e+03
1.309000000000000000e+03
2.069000000000000000e+03
4.154000000000000000e+03
6.400000000000000000e+02
4.000000000000000000e+01
5.933000000000000000e+03
7.333000000000000000e+03
6.010000000000000000e+02
3.770000000000000000e+02
1.482000000000000000e+03
3.919000000000000000e+03
2.725000000000000000e+03
3.186000000000000000e+03
5.270000000000000000e+02
6.098000000000000000e+03
5.397000000000000000e+03
3.596000000000000000e+03
5.665000000000000000e+03
8.260000000000000000e+02
8.410000000000000000e+02
8.970000000000000000e+02
1.632000000000000000e+03
6.958000000000000000e+03
7.678000000000000000e+03
3.706000000000000000e+03
5.824000000000000000e+03
2.212000000000000000e+03
7.110000000000000000e+02
7.819000000000000000e+03
7.516000000000000000e+03
8.460000000000000000e+02
1.612000000000000000e+03
2.783000000000000000e+03
7.691000000000000000e+03
6.240000000000000000e+02
3.612000000000000000e+03
1.592000000000000000e+03
3.330000000000000000e+02
3.857000000000000000e+03
1.631000000000000000e+03
3.555000000000000000e+03
5.740000000000000000e+03
1.757000000000000000e+03
5.256000000000000000e+03
5.833000000000000000e+03
3.009000000000000000e+03
4.918000000000000000e+03
6.882000000000000000e+03
5.527000000000000000e+03
3.587000000000000000e+03
2.558000000000000000e+03
1.715000000000000000e+03
7.185000000000000000e+03
2.110000000000000000e+03
2.703000000000000000e+03
5.223000000000000000e+03
1.249000000000000000e+03
1.348000000000000000e+03
2.888000000000000000e+03
2.358000000000000000e+03
6.307000000000000000e+03
2.426000000000000000e+03
9.000000000000000000e+02
1.509000000000000000e+03
1.242000000000000000e+03
7.425000000000000000e+03
4.814000000000000000e+03
3.769000000000000000e+03
3.620000000000000000e+03
1.700000000000000000e+01
2.608000000000000000e+03
5.274000000000000000e+03
2.623000000000000000e+03
5.069000000000000000e+03
7.631000000000000000e+03
7.971000000000000000e+03
5.705000000000000000e+03
5.047000000000000000e+03
8.390000000000000000e+02
4.900000000000000000e+01
2.342000000000000000e+03
7.570000000000000000e+02
3.838000000000000000e+03
2.134000000000000000e+03
2.603000000000000000e+03
1.164000000000000000e+03
5.293000000000000000e+03
5.830000000000000000e+02
3.290000000000000000e+02
3.338000000000000000e+03
3.556000000000000000e+03
4.440000000000000000e+02
5.310000000000000000e+02
1.917000000000000000e+03
1.219000000000000000e+03
6.588000000000000000e+03
3.010000000000000000e+02
1.109000000000000000e+03
2.269000000000000000e+03
3.179000000000000000e+03
1.543000000000000000e+03
4.510000000000000000e+02
7.356000000000000000e+03
1.791000000000000000e+03
5.464000000000000000e+03
4.018000000000000000e+03
7.520000000000000000e+02
1.070000000000000000e+02
1.290000000000000000e+02
1.932000000000000000e+03
2.303000000000000000e+03
6.928000000000000000e+03
3.360000000000000000e+02
7.568000000000000000e+03
5.940000000000000000e+03
4.601000000000000000e+03
7.857000000000000000e+03
5.320000000000000000e+02
3.477000000000000000e+03
9.390000000000000000e+02
3.217000000000000000e+03
4.923000000000000000e+03
3.816000000000000000e+03
3.835000000000000000e+03
4.787000000000000000e+03
1.960000000000000000e+03
1.119000000000000000e+03
7.065000000000000000e+03
6.545000000000000000e+03
3.214000000000000000e+03
3.224000000000000000e+03
2.118000000000000000e+03
3.751000000000000000e+03
4.115000000000000000e+03
3.441000000000000000e+03
6.860000000000000000e+03
7.739000000000000000e+03
2.412000000000000000e+03
3.034000000000000000e+03
3.448000000000000000e+03
5.315000000000000000e+03
7.183000000000000000e+03
5.625000000000000000e+03
3.230000000000000000e+02
2.436000000000000000e+03
5.102000000000000000e+03
4.216000000000000000e+03
7.014000000000000000e+03
3.490000000000000000e+02
3.026000000000000000e+03
6.610000000000000000e+02
2.815000000000000000e+03
2.610000000000000000e+02
5.421000000000000000e+03
5.469000000000000000e+03
3.093000000000000000e+03
5.510000000000000000e+02
7.456000000000000000e+03
1.566000000000000000e+03
1.667000000000000000e+03
8.760000000000000000e+02
6.205000000000000000e+03
5.971000000000000000e+03
3.460000000000000000e+03
7.897000000000000000e+03
7.030000000000000000e+03
7.229000000000000000e+03
7.030000000000000000e+02
1.328000000000000000e+03
2.805000000000000000e+03
4.135000000000000000e+03
5.692000000000000000e+03
3.195000000000000000e+03
3.345000000000000000e+03
4.055000000000000000e+03
7.118000000000000000e+03
2.244000000000000000e+03
4.083000000000000000e+03
6.770000000000000000e+03
1.842000000000000000e+03
5.360000000000000000e+03
5.582000000000000000e+03
2.339000000000000000e+03
8.910000000000000000e+02
7.055000000000000000e+03
1.838000000000000000e+03
6.522000000000000000e+03
3.213000000000000000e+03
4.778000000000000000e+03
1.327000000000000000e+03
3.192000000000000000e+03
5.496000000000000000e+03
7.200000000000000000e+02
1.801000000000000000e+03
1.500000000000000000e+01
2.355000000000000000e+03
1.961000000000000000e+03
1.747000000000000000e+03
7.742000000000000000e+03
2.830000000000000000e+03
7.212000000000000000e+03
6.840000000000000000e+03
7.123000000000000000e+03
1.151000000000000000e+03
6.480000000000000000e+02
1.031000000000000000e+03
3.631000000000000000e+03
6.687000000000000000e+03
7.640000000000000000e+02
2.113000000000000000e+03
4.353000000000000000e+03
6.149000000000000000e+03
1.676000000000000000e+03
1.737000000000000000e+03
5.167000000000000000e+03
3.877000000000000000e+03
3.984000000000000000e+03
1.897000000000000000e+03
1.942000000000000000e+03
1.753000000000000000e+03
2.435000000000000000e+03
3.839000000000000000e+03
2.812000000000000000e+03
1.402000000000000000e+03
6.541000000000000000e+03
6.833000000000000000e+03
7.515000000000000000e+03
3.883000000000000000e+03
7.718000000000000000e+03
2.081000000000000000e+03
2.099000000000000000e+03
2.394000000000000000e+03
2.097000000000000000e+03
2.298000000000000000e+03
6.540000000000000000e+02
4.188000000000000000e+03
1.573000000000000000e+03
2.604000000000000000e+03
3.711000000000000000e+03
2.292000000000000000e+03
9.490000000000000000e+02
4.521000000000000000e+03
7.490000000000000000e+03
2.959000000000000000e+03
3.614000000000000000e+03
3.038000000000000000e+03
6.717000000000000000e+03
6.242000000000000000e+03
3.140000000000000000e+02
3.573000000000000000e+03
6.587000000000000000e+03
4.064000000000000000e+03
7.488000000000000000e+03
2.350000000000000000e+03
3.469000000000000000e+03
6.306000000000000000e+03
2.546000000000000000e+03
6.933000000000000000e+03
7.064000000000000000e+03
4.688000000000000000e+03
6.795000000000000000e+03
2.028000000000000000e+03
3.588000000000000000e+03
3.981000000000000000e+03
5.655000000000000000e+03
3.120000000000000000e+03
4.057000000000000000e+03
3.974000000000000000e+03
1.504000000000000000e+03
5.538000000000000000e+03
7.373000000000000000e+03
6.328000000000000000e+03
2.474000000000000000e+03
4.049000000000000000e+03
9.400000000000000000e+02
4.408000000000000000e+03
4.490000000000000000e+02
2.640000000000000000e+03
1.763000000000000000e+03
4.821000000000000000e+03
7.565000000000000000e+03
6.158000000000000000e+03
2.399000000000000000e+03
7.172000000000000000e+03
1.397000000000000000e+03
1.982000000000000000e+03
4.892000000000000000e+03
2.770000000000000000e+03
3.753000000000000000e+03
2.964000000000000000e+03
1.523000000000000000e+03
2.811000000000000000e+03
4.483000000000000000e+03
4.305000000000000000e+03
3.850000000000000000e+03
6.583000000000000000e+03
3.271000000000000000e+03
4.374000000000000000e+03
6.141000000000000000e+03
8.710000000000000000e+02
2.733000000000000000e+03
3.800000000000000000e+03
3.667000000000000000e+03
2.671000000000000000e+03
9.640000000000000000e+02
1.317000000000000000e+03
1.218000000000000000e+03
3.478000000000000000e+03
7.604000000000000000e+03
3.540000000000000000e+02
3.786000000000000000e+03
3.638000000000000000e+03
2.847000000000000000e+03
7.152000000000000000e+03
4.735000000000000000e+03
2.602000000000000000e+03
2.561000000000000000e+03
2.243000000000000000e+03
2.454000000000000000e+03
3.235000000000000000e+03
6.009000000000000000e+03
5.150000000000000000e+03
2.540000000000000000e+03
3.677000000000000000e+03
7.275000000000000000e+03
3.222000000000000000e+03
3.964000000000000000e+03
2.480000000000000000e+02
7.794000000000000000e+03
1.717000000000000000e+03
7.871000000000000000e+03
3.603000000000000000e+03
7.890000000000000000e+03
1.473000000000000000e+03
3.028000000000000000e+03
2.934000000000000000e+03
2.150000000000000000e+02
1.490000000000000000e+02
6.733000000000000000e+03
4.640000000000000000e+02
1.745000000000000000e+03
2.076000000000000000e+03
2.300000000000000000e+03
3.906000000000000000e+03
1.412000000000000000e+03
3.921000000000000000e+03
3.783000000000000000e+03
1.320000000000000000e+03
3.255000000000000000e+03
7.730000000000000000e+02
2.920000000000000000e+02
1.600000000000000000e+03
1.171000000000000000e+03
3.639000000000000000e+03
5.350000000000000000e+02
3.476000000000000000e+03
7.353000000000000000e+03
7.396000000000000000e+03
3.937000000000000000e+03
2.056000000000000000e+03
4.950000000000000000e+02
1.336000000000000000e+03
7.510000000000000000e+03
5.461000000000000000e+03
3.990000000000000000e+02
3.371000000000000000e+03
7.416000000000000000e+03
7.426000000000000000e+03
1.807000000000000000e+03
3.337000000000000000e+03
5.452000000000000000e+03
3.259000000000000000e+03
7.928000000000000000e+03
6.562000000000000000e+03
6.955000000000000000e+03
3.003000000000000000e+03
6.246000000000000000e+03
1.048000000000000000e+03
5.434000000000000000e+03
2.666000000000000000e+03
7.337000000000000000e+03
3.694000000000000000e+03
2.942000000000000000e+03
1.768000000000000000e+03
6.921000000000000000e+03
2.449000000000000000e+03
5.260000000000000000e+02
5.526000000000000000e+03
3.822000000000000000e+03
1.442000000000000000e+03
1.689000000000000000e+03
5.000000000000000000e+00
3.717000000000000000e+03
4.007000000000000000e+03
1.635000000000000000e+03
7.864000000000000000e+03
3.399000000000000000e+03
6.528000000000000000e+03
4.784000000000000000e+03
4.178000000000000000e+03
7.765000000000000000e+03
4.291000000000000000e+03
1.238000000000000000e+03
4.247000000000000000e+03
2.516000000000000000e+03
3.297000000000000000e+03
3.272000000000000000e+03
7.113000000000000000e+03
7.382000000000000000e+03
4.030000000000000000e+03
1.556000000000000000e+03
2.148000000000000000e+03
2.520000000000000000e+02
2.563000000000000000e+03
7.600000000000000000e+02
2.002000000000000000e+03
2.074000000000000000e+03
7.138000000000000000e+03
2.348000000000000000e+03
2.291000000000000000e+03
2.051000000000000000e+03
2.130000000000000000e+03
7.140000000000000000e+02
5.420000000000000000e+03
1.436000000000000000e+03
2.853000000000000000e+03
1.598000000000000000e+03
1.497000000000000000e+03
1.447000000000000000e+03
6.980000000000000000e+03
4.260000000000000000e+02
2.515000000000000000e+03
7.205000000000000000e+03
3.860000000000000000e+02
5.959000000000000000e+03
4.255000000000000000e+03
5.272000000000000000e+03
4.932000000000000000e+03
2.395000000000000000e+03
3.565000000000000000e+03
9.010000000000000000e+02
2.931000000000000000e+03
5.132000000000000000e+03
1.165000000000000000e+03
2.579000000000000000e+03
1.615000000000000000e+03
3.234000000000000000e+03
1.142000000000000000e+03
3.200000000000000000e+02
6.591000000000000000e+03
2.575000000000000000e+03
6.175000000000000000e+03
7.125000000000000000e+03
1.518000000000000000e+03
4.840000000000000000e+03
6.608000000000000000e+03
4.380000000000000000e+02
2.794000000000000000e+03
5.394000000000000000e+03
4.080000000000000000e+03
6.865000000000000000e+03
6.389000000000000000e+03
4.849000000000000000e+03
3.887000000000000000e+03
4.107000000000000000e+03
2.262000000000000000e+03
4.060000000000000000e+03
1.186000000000000000e+03
3.862000000000000000e+03
4.200000000000000000e+01
6.780000000000000000e+02
4.242000000000000000e+03
2.325000000000000000e+03
3.244000000000000000e+03
4.861000000000000000e+03
3.995000000000000000e+03
1.276000000000000000e+03
3.809000000000000000e+03
3.691000000000000000e+03
4.240000000000000000e+02
7.204000000000000000e+03
7.495000000000000000e+03
6.967000000000000000e+03
7.869000000000000000e+03
4.110000000000000000e+03
6.751000000000000000e+03
3.780000000000000000e+02
1.684000000000000000e+03
7.751000000000000000e+03
4.010000000000000000e+03
4.295000000000000000e+03
3.414000000000000000e+03
1.118000000000000000e+03
7.992000000000000000e+03
2.000000000000000000e+02
6.070000000000000000e+02
7.513000000000000000e+03
1.315000000000000000e+03
6.953000000000000000e+03
4.433000000000000000e+03
1.291000000000000000e+03
1.826000000000000000e+03
5.318000000000000000e+03
7.820000000000000000e+03
2.179000000000000000e+03
2.871000000000000000e+03
7.433000000000000000e+03
5.202000000000000000e+03
5.041000000000000000e+03
6.555000000000000000e+03
6.140000000000000000e+03
1.600000000000000000e+01
3.262000000000000000e+03
6.155000000000000000e+03
7.686000000000000000e+03
2.005000000000000000e+03
4.327000000000000000e+03
7.880000000000000000e+02
2.020000000000000000e+03
5.777000000000000000e+03
2.235000000000000000e+03
2.797000000000000000e+03
7.013000000000000000e+03
6.998000000000000000e+03
1.188000000000000000e+03
1.077000000000000000e+03
2.765000000000000000e+03
2.198000000000000000e+03
7.161000000000000000e+03
3.044000000000000000e+03
3.063000000000000000e+03
1.064000000000000000e+03
8.600000000000000000e+02
5.740000000000000000e+02
2.492000000000000000e+03
7.011000000000000000e+03
1.650000000000000000e+02
7.027000000000000000e+03
3.713000000000000000e+03
4.765000000000000000e+03
4.970000000000000000e+02
1.712000000000000000e+03
7.331000000000000000e+03
5.808000000000000000e+03
6.782000000000000000e+03
1.187000000000000000e+03
5.467000000000000000e+03
6.868000000000000000e+03
4.890000000000000000e+02
5.800000000000000000e+03
3.370000000000000000e+02
6.397000000000000000e+03
3.967000000000000000e+03
6.508000000000000000e+03
3.915000000000000000e+03
5.597000000000000000e+03
4.384000000000000000e+03
2.916000000000000000e+03
6.391000000000000000e+03
4.252000000000000000e+03
7.007000000000000000e+03
3.351000000000000000e+03
7.071000000000000000e+03
6.530000000000000000e+03
4.876000000000000000e+03
2.121000000000000000e+03
4.585000000000000000e+03
7.963000000000000000e+03
6.406000000000000000e+03
9.240000000000000000e+02
1.264000000000000000e+03
1.672000000000000000e+03
3.505000000000000000e+03
2.004000000000000000e+03
3.256000000000000000e+03
3.287000000000000000e+03
5.880000000000000000e+03
1.545000000000000000e+03
5.578000000000000000e+03
2.770000000000000000e+02
1.804000000000000000e+03
1.975000000000000000e+03
1.263000000000000000e+03
7.940000000000000000e+02
4.580000000000000000e+02
8.930000000000000000e+02
2.630000000000000000e+02
2.788000000000000000e+03
1.662000000000000000e+03
2.820000000000000000e+03
5.826000000000000000e+03
8.120000000000000000e+02
7.443000000000000000e+03
2.094000000000000000e+03
7.830000000000000000e+02
6.730000000000000000e+02
1.183000000000000000e+03
7.723000000000000000e+03
6.505000000000000000e+03
5.558000000000000000e+03
3.261000000000000000e+03
8.350000000000000000e+02
3.289000000000000000e+03
2.112000000000000000e+03
2.036000000000000000e+03
6.736000000000000000e+03
6.900000000000000000e+03
2.676000000000000000e+03
4.001000000000000000e+03
3.215000000000000000e+03
5.232000000000000000e+03
1.202000000000000000e+03
1.976000000000000000e+03
7.346000000000000000e+03
1.956000000000000000e+03
5.462000000000000000e+03
1.464000000000000000e+03
3.017000000000000000e+03
4.070000000000000000e+03
3.633000000000000000e+03
2.889000000000000000e+03
5.456000000000000000e+03
2.919000000000000000e+03
1.080000000000000000e+02
4.073000000000000000e+03
8.480000000000000000e+02
2.595000000000000000e+03
6.336000000000000000e+03
3.895000000000000000e+03
4.951000000000000000e+03
5.797000000000000000e+03
2.654000000000000000e+03
1.157000000000000000e+03
2.646000000000000000e+03
4.132000000000000000e+03
3.362000000000000000e+03
6.854000000000000000e+03
5.381000000000000000e+03
5.620000000000000000e+02
8.570000000000000000e+02
2.000000000000000000e+01
2.471000000000000000e+03
9.600000000000000000e+02
3.095000000000000000e+03
6.835000000000000000e+03
7.980000000000000000e+02
1.593000000000000000e+03
7.330000000000000000e+02
7.730000000000000000e+03
3.123000000000000000e+03
1.335000000000000000e+03
5.158000000000000000e+03
1.520000000000000000e+02
7.170000000000000000e+02
7.303000000000000000e+03
1.175000000000000000e+03
1.496000000000000000e+03
5.163000000000000000e+03
4.703000000000000000e+03
1.609000000000000000e+03
7.793000000000000000e+03
2.643000000000000000e+03
2.344000000000000000e+03
1.149000000000000000e+03
3.658000000000000000e+03
7.459000000000000000e+03
3.590000000000000000e+03
1.837000000000000000e+03
3.407000000000000000e+03
1.147000000000000000e+03
5.304000000000000000e+03
2.497000000000000000e+03
2.596000000000000000e+03
4.666000000000000000e+03
3.084000000000000000e+03
1.300000000000000000e+02
7.343000000000000000e+03
3.844000000000000000e+03
6.071000000000000000e+03
6.987000000000000000e+03
2.463000000000000000e+03
2.521000000000000000e+03
9.040000000000000000e+02
1.722000000000000000e+03
5.902000000000000000e+03
3.582000000000000000e+03
5.474000000000000000e+03
3.791000000000000000e+03
2.267000000000000000e+03
1.670000000000000000e+03
3.561000000000000000e+03
4.913000000000000000e+03
7.298000000000000000e+03
3.142000000000000000e+03
2.363000000000000000e+03
7.922000000000000000e+03
2.753000000000000000e+03
6.216000000000000000e+03
5.973000000000000000e+03
7.116000000000000000e+03
6.919000000000000000e+03
2.189000000000000000e+03
6.094000000000000000e+03
3.178000000000000000e+03
2.720000000000000000e+03
2.106000000000000000e+03
1.416000000000000000e+03
2.624000000000000000e+03
6.000000000000000000e+03
7.707000000000000000e+03
4.151000000000000000e+03
2.923000000000000000e+03
6.843000000000000000e+03
3.216000000000000000e+03
3.398000000000000000e+03
3.043000000000000000e+03
3.498000000000000000e+03
3.117000000000000000e+03
7.420000000000000000e+03
3.299000000000000000e+03
6.785000000000000000e+03
3.166000000000000000e+03
2.619000000000000000e+03
3.437000000000000000e+03
1.101000000000000000e+03
3.226000000000000000e+03
6.720000000000000000e+03
5.450000000000000000e+02
1.988000000000000000e+03
4.942000000000000000e+03
6.072000000000000000e+03
3.723000000000000000e+03
6.504000000000000000e+03
7.114000000000000000e+03
4.354000000000000000e+03
5.142000000000000000e+03
5.220000000000000000e+03
2.200000000000000000e+02
6.569000000000000000e+03
4.358000000000000000e+03
3.764000000000000000e+03
3.270000000000000000e+03
7.274000000000000000e+03
1.365000000000000000e+03
2.549000000000000000e+03
9.270000000000000000e+02
9.580000000000000000e+02
2.826000000000000000e+03
7.314000000000000000e+03
3.868000000000000000e+03
5.650000000000000000e+02
1.405000000000000000e+03
7.973000000000000000e+03
2.420000000000000000e+02
2.461000000000000000e+03
7.500000000000000000e+03
2.039000000000000000e+03
8.210000000000000000e+02
2.207000000000000000e+03
1.234000000000000000e+03
3.514000000000000000e+03
9.560000000000000000e+02
7.375000000000000000e+03
6.434000000000000000e+03
6.259000000000000000e+03
1.084000000000000000e+03
5.521000000000000000e+03
3.137000000000000000e+03
5.851000000000000000e+03
7.661000000000000000e+03
9.440000000000000000e+02
5.378000000000000000e+03
5.882000000000000000e+03
3.509000000000000000e+03
7.703000000000000000e+03
1.973000000000000000e+03
1.570000000000000000e+03
1.329000000000000000e+03
3.601000000000000000e+03
5.250000000000000000e+02
1.196000000000000000e+03
5.411000000000000000e+03
3.616000000000000000e+03
3.740000000000000000e+03
5.383000000000000000e+03
7.900000000000000000e+01
4.712000000000000000e+03
1.346000000000000000e+03
7.738000000000000000e+03
2.215000000000000000e+03
6.956000000000000000e+03
7.570000000000000000e+03
2.232000000000000000e+03
6.268000000000000000e+03
4.660000000000000000e+02
9.660000000000000000e+02
7.180000000000000000e+03
7.156000000000000000e+03
7.982000000000000000e+03
7.452000000000000000e+03
2.756000000000000000e+03
2.023000000000000000e+03
7.358000000000000000e+03
7.009000000000000000e+03
4.875000000000000000e+03
3.852000000000000000e+03
3.994000000000000000e+03
7.436000000000000000e+03
3.479000000000000000e+03
4.829000000000000000e+03
5.016000000000000000e+03
6.960000000000000000e+03
1.831000000000000000e+03
3.591000000000000000e+03
6.952000000000000000e+03
6.983000000000000000e+03
7.406000000000000000e+03
1.342000000000000000e+03
3.242000000000000000e+03
7.844000000000000000e+03
1.055000000000000000e+03
7.254000000000000000e+03
4.790000000000000000e+03
3.047000000000000000e+03
7.357000000000000000e+03
2.626000000000000000e+03
1.057000000000000000e+03
3.369000000000000000e+03
5.800000000000000000e+01
1.180000000000000000e+03
6.832000000000000000e+03
2.055000000000000000e+03
2.061000000000000000e+03
2.283000000000000000e+03
5.925000000000000000e+03
6.725000000000000000e+03
7.595000000000000000e+03
1.618000000000000000e+03
5.983000000000000000e+03
3.766000000000000000e+03
2.062000000000000000e+03
2.390000000000000000e+03
1.565000000000000000e+03
4.695000000000000000e+03
4.290000000000000000e+02
1.435000000000000000e+03
7.345000000000000000e+03
6.491000000000000000e+03
4.630000000000000000e+03
3.950000000000000000e+03
7.900000000000000000e+03
1.576000000000000000e+03
7.453000000000000000e+03
2.188000000000000000e+03
1.458000000000000000e+03
2.059000000000000000e+03
6.907000000000000000e+03
6.212000000000000000e+03
3.649000000000000000e+03
4.830000000000000000e+02
6.456000000000000000e+03
1.648000000000000000e+03
4.282000000000000000e+03
2.108000000000000000e+03
7.241000000000000000e+03
6.255000000000000000e+03
2.361000000000000000e+03
1.528000000000000000e+03
6.490000000000000000e+03
3.024000000000000000e+03
4.700000000000000000e+02
5.000000000000000000e+01
7.278000000000000000e+03
7.614000000000000000e+03
3.350000000000000000e+02
7.041000000000000000e+03
2.513000000000000000e+03
1.840000000000000000e+02
4.675000000000000000e+03
3.507000000000000000e+03
7.438000000000000000e+03
5.280000000000000000e+02
2.360000000000000000e+02
1.926000000000000000e+03
2.333000000000000000e+03
5.575000000000000000e+03
7.148000000000000000e+03
6.775000000000000000e+03
6.415000000000000000e+03
7.280000000000000000e+02
3.119000000000000000e+03
1.537000000000000000e+03
2.992000000000000000e+03
3.410000000000000000e+03
2.380000000000000000e+03
6.168000000000000000e+03
2.634000000000000000e+03
1.685000000000000000e+03
5.660000000000000000e+02
3.326000000000000000e+03
4.340000000000000000e+02
1.136000000000000000e+03
4.642000000000000000e+03
5.470000000000000000e+02
1.530000000000000000e+03
6.176000000000000000e+03
5.151000000000000000e+03
3.406000000000000000e+03
3.396000000000000000e+03
2.777000000000000000e+03
1.681000000000000000e+03
1.750000000000000000e+02
3.016000000000000000e+03
3.293000000000000000e+03
5.652000000000000000e+03
3.500000000000000000e+03
1.349000000000000000e+03
1.880000000000000000e+02
6.991000000000000000e+03
3.471000000000000000e+03
6.333000000000000000e+03
3.700000000000000000e+03
2.049000000000000000e+03
6.822000000000000000e+03
1.339000000000000000e+03
6.627000000000000000e+03
3.129000000000000000e+03
4.570000000000000000e+02
2.386000000000000000e+03
4.324000000000000000e+03
7.216000000000000000e+03
1.514000000000000000e+03
2.210000000000000000e+02
2.481000000000000000e+03
7.272000000000000000e+03
5.622000000000000000e+03
3.320000000000000000e+02
7.203000000000000000e+03
3.578000000000000000e+03
3.201000000000000000e+03
6.160000000000000000e+02
2.971000000000000000e+03
7.173000000000000000e+03
4.166000000000000000e+03
6.920000000000000000e+02
2.779000000000000000e+03
7.238000000000000000e+03
6.816000000000000000e+03
9.760000000000000000e+02
1.647000000000000000e+03
4.839000000000000000e+03
2.020000000000000000e+02
2.141000000000000000e+03
3.449000000000000000e+03
3.370000000000000000e+03
2.240000000000000000e+03
7.072000000000000000e+03
6.980000000000000000e+02
3.393000000000000000e+03
2.096000000000000000e+03
2.589000000000000000e+03
2.600000000000000000e+01
6.726000000000000000e+03
8.200000000000000000e+02
7.617000000000000000e+03
7.908000000000000000e+03
2.547000000000000000e+03
1.135000000000000000e+03
7.506000000000000000e+03
4.143000000000000000e+03
6.429000000000000000e+03
1.516000000000000000e+03
1.056000000000000000e+03
2.647000000000000000e+03
1.560000000000000000e+02
2.093000000000000000e+03
6.863000000000000000e+03
7.916000000000000000e+03
5.965000000000000000e+03
1.190000000000000000e+02
1.617000000000000000e+03
3.686000000000000000e+03
2.903000000000000000e+03
3.157000000000000000e+03
9.300000000000000000e+02
1.567000000000000000e+03
7.910000000000000000e+02
3.496000000000000000e+03
3.440000000000000000e+03
7.224000000000000000e+03
7.158000000000000000e+03
5.536000000000000000e+03
6.250000000000000000e+02
4.464000000000000000e+03
3.742000000000000000e+03
1.030000000000000000e+02
3.462000000000000000e+03
4.820000000000000000e+02
2.553000000000000000e+03
3.070000000000000000e+03
1.061000000000000000e+03
7.037000000000000000e+03
5.120000000000000000e+02
5.893000000000000000e+03
6.856000000000000000e+03
2.674000000000000000e+03
2.340000000000000000e+03
1.646000000000000000e+03
1.400000000000000000e+03
5.066000000000000000e+03
3.250000000000000000e+03
2.591000000000000000e+03
6.599000000000000000e+03
1.168000000000000000e+03
3.634000000000000000e+03
9.020000000000000000e+02
4.044000000000000000e+03
6.531000000000000000e+03
8.150000000000000000e+02
4.167000000000000000e+03
3.325000000000000000e+03
1.970000000000000000e+03
4.116000000000000000e+03
7.260000000000000000e+03
1.104000000000000000e+03
8.270000000000000000e+02
4.728000000000000000e+03
1.261000000000000000e+03
3.050000000000000000e+03
1.836000000000000000e+03
1.780000000000000000e+02
4.917000000000000000e+03
4.149000000000000000e+03
7.300000000000000000e+03
1.395000000000000000e+03
1.020000000000000000e+03
1.386000000000000000e+03
1.432000000000000000e+03
2.593000000000000000e+03
3.512000000000000000e+03
2.617000000000000000e+03
3.673000000000000000e+03
8.960000000000000000e+02
2.998000000000000000e+03
4.467000000000000000e+03
1.534000000000000000e+03
3.727000000000000000e+03
5.930000000000000000e+02
6.396000000000000000e+03
6.334000000000000000e+03
7.391000000000000000e+03
2.433000000000000000e+03
1.294000000000000000e+03
6.646000000000000000e+03
2.234000000000000000e+03
1.773000000000000000e+03
1.952000000000000000e+03
6.972000000000000000e+03
3.180000000000000000e+03
7.015000000000000000e+03
2.281000000000000000e+03
2.290000000000000000e+02
4.717000000000000000e+03
2.731000000000000000e+03
6.472000000000000000e+03
6.163000000000000000e+03
6.533000000000000000e+03
7.398000000000000000e+03
1.271000000000000000e+03
5.817000000000000000e+03
2.691000000000000000e+03
