   6.5227407900301841e+00
   7.0206441362397909e+00
   4.3414093840472328e+00
   6.5810007487957911e+00
   6.4918630569556681e+00
   4.4063385248103382e+00
   5.8129243009942630e+00
   9.7241905310492900e+00
   1.0439803885915707e+01
   7.7484089599689634e+00
   7.6123028192515507e+00
   7.0697142469085446e+00
   9.0879021476027670e+00
   4.4224444394096665e+00
   1.0327201654947221e+01
   6.0137109704573133e+00
   7.8363402379296394e+00
   6.5049260737909931e+00
   5.0987535499847727e+00
   5.4473618711724328e+00
   7.0104636844749626e+00
   3.1128890867828303e+00
   3.5173831001835629e+00
   4.4082570941510006e+00
   6.6692940409816606e+00
   9.2817943509292178e+00
   5.8067501826456569e+00
   6.8863206757340345e+00
   9.1293056878437060e+00
   3.2572956442239689e+00
   8.9781976321406649e+00
   9.5265049855803134e+00
   8.9804123815563077e+00
   2.6789991650796359e+00
   1.0843717961391858e+01
   8.4094830198880004e+00
   7.8541428139421665e+00
   1.0434607384303604e+01
   7.0158901165177019e+00
   5.7475210370112126e+00
   1.4256344857280661e+01
   5.5200119913777472e+00
   5.8841109063485133e+00
   8.6873428881024779e+00
   4.8923621126518562e+00
   7.7543557138978150e+00
   1.0862484380642286e+01
   6.1888610402416653e+00
   7.4025241425629487e+00
   8.3637077384436989e+00
   7.0108308594636455e+00
   5.5799105868189303e+00
   6.3191954566584609e+00
   5.9445665469556559e+00
   7.1520631360004128e+00
   9.2923681025657316e+00
   3.6370581790362375e+00
   5.6726376171240425e+00
   8.1572925239371958e+00
   9.1042166617641271e+00
   3.5638157613842458e+00
   2.0913201784459901e+00
   7.4801199441793926e+00
   5.1439734138318043e+00
   2.0611230582654114e+00
   7.0343048681917955e+00
   4.8766074182262322e+00
   1.1853779564899778e+01
   1.1607985411687718e+01
   6.4016304443373775e+00
   5.8811475594605671e+00
   5.9118682844852168e+00
   6.2614292488023278e+00
   9.6275507722284388e+00
   6.0414575741747694e+00
   7.0990563695190430e+00
   5.2688198207788242e+00
   5.4181879440728613e+00
   5.7003380861445123e+00
   1.0110047861690603e+01
   4.4138091034253870e+00
   9.8912069231873438e+00
   7.3445546664072943e+00
   7.8757994204727479e+00
   1.1110846350507186e+01
   6.8720012677112221e+00
   5.2590292587928307e+00
   8.2796784997530981e+00
   6.1341972178813986e+00
   7.3249408308944899e+00
   5.2560282749595482e+00
   6.8822223435817476e+00
   4.5985701678782389e+00
   6.6678689742023947e+00
   7.1146751510327322e+00
   5.2884767328964379e+00
   1.0176910955465798e+01
   5.9421851329366611e+00
   6.1140765590502317e+00
   2.5809991866275954e+00
   9.0004253170035842e+00
   8.1660594181272028e+00
   5.7109988694799672e+00
   4.4231885227751668e+00
   4.8095218248285283e+00
   5.2845925268067031e+00
   9.2230804847838836e+00
   9.0673736044555593e+00
   1.0735856112405102e+01
   8.6397266518168294e+00
   1.0137887780822060e+01
   7.6965398656709816e+00
   4.1329668050535480e+00
   5.6100509592315175e+00
   6.5080144724794629e+00
   8.3730375196637503e+00
   1.0529724274882977e+01
   5.5730719974672551e+00
   5.1064296688547275e+00
   4.0586897415988368e+00
   6.6380437747278362e+00
   9.1032852233631125e+00
   7.8483878204683144e+00
   7.3023614987340020e+00
   1.3916710175623543e+01
   5.0875466134483318e+00
   1.0051489479196579e+01
   1.1303352392788769e+01
   9.2142114839501303e+00
   4.9992345838029069e+00
   5.5881469450373569e+00
   6.5281609154069136e+00
   7.3787253714989882e+00
   6.1168339632531614e+00
   8.0202306105292092e+00
   5.2350687015880437e+00
   4.7294941928444558e+00
   1.0450640238358117e+01
   6.6601081654861618e+00
   7.6166861877867431e+00
   8.6028886518591570e+00
   8.9036556056184022e+00
   5.5451841286652916e+00
   9.6195882056370134e+00
   8.9436297849631643e+00
   1.2761419792930287e+01
   7.4463529909500483e+00
   1.0832622031190530e+01
   8.4115183649541656e+00
   7.5280275450298246e+00
   5.1759270578411600e+00
   4.1665017750569273e+00
   1.0204371321717378e+01
   3.9960566779589319e+00
   6.2468006621237775e+00
   7.3161678124794705e+00
   4.7035943342010711e+00
   6.9132952205157867e+00
   1.5461660024952216e+01
   6.6907200575311467e+00
   1.2628102376593189e+01
   1.1375837922745935e+01
   6.2065599678961840e+00
   8.3964947384691939e+00
   8.3019709991265351e+00
   3.0248068067682361e+00
   4.8177501665441147e+00
   6.9270231105743276e+00
   5.7540264336150635e+00
   6.9767414186598344e+00
   2.8629868268053573e+00
   7.8131875869432506e+00
   7.6063350025117638e+00
   7.5772880899276958e+00
   4.1579324539311342e+00
   9.1722048177511173e+00
   6.1612402848764170e+00
   5.6105790226997865e+00
   7.4145505540874153e+00
   5.6293539431227435e+00
   8.7156074987927763e+00
   5.6412927558891841e+00
   6.4742515241160730e+00
   3.0122748813417579e+00
   7.4157092602180077e+00
   7.4866160900898304e+00
   2.9010239076995963e+00
   8.5983131279787059e+00
   7.4969430143325102e+00
   3.9010942101497501e+00
   5.1110964389565297e+00
   4.3809758940477401e+00
   9.4520946518013833e+00
   8.7962906355970016e+00
   3.0677086057109020e+00
   3.2328350752235768e+00
   8.7047721868590937e+00
   8.4265476011487515e+00
   4.6971925921341136e+00
   7.4486886059789006e+00
   7.2772835093821220e+00
   7.7343281328883275e+00
   9.4555785514355915e+00
   3.8842979425864796e+00
   7.0849401078257923e+00
   1.4502844574545986e+01
   6.2065175742392835e+00
   5.5235429750522131e+00
   1.0018531073986924e+01
   7.4618909402496909e+00
   1.0805561937880832e+01
   4.2263850185532164e+00
   7.3366668216138775e+00
   8.3725240796169516e+00
   6.5108713060650993e+00
   4.8523970988069856e+00
   6.6512937279930542e+00
   6.0039535947695235e+00
   1.0088482886231523e+01
   6.2725510440980150e+00
   3.5712428372513672e+00
   6.3840349208927636e+00
   5.8994499617631782e+00
   7.3156394680539645e+00
   7.7019535638748611e+00
   4.4012389668209089e+00
   6.3079898203874940e+00
   9.2884387074316681e+00
   5.4214991510312505e+00
   4.9317017358337312e+00
   6.3626304341550339e+00
   7.4626377685120584e+00
   7.4108696098089935e+00
   7.1515314254257856e+00
   9.6779304492266824e+00
   6.6783100209697128e+00
   4.2486054874639105e+00
   9.1026209719422919e+00
   4.3219321173093626e+00
   7.6141675705005643e+00
   6.1660251268870852e+00
   7.1492092240813676e+00
   6.8585006255416161e+00
   6.0070275436345684e+00
   1.4364785513858273e+01
   4.5410655626409948e+00
   6.8655614638310558e+00
   4.5501847118433938e+00
   5.7748150754987044e+00
   9.2048109568950967e+00
   5.1402545076541246e+00
   6.9858154464568081e+00
   8.8668289819705866e+00
   5.5490462698363787e+00
   4.8393609745905222e+00
   3.2807294133518248e+00
   8.7966020193617069e+00
   1.0095375868826887e+01
   6.6335404809068130e+00
   5.8691481048721315e+00
   7.4454992375599671e+00
   5.8532414007345688e+00
   5.2167620676367790e+00
   6.8806547169788237e+00
   7.0111938685243036e+00
   6.3941142365960024e+00
   4.0319971924807678e+00
   4.0745489159715254e+00
   9.9827298300634695e+00
   1.2205885983730113e+01
   4.8524742767195530e+00
   3.5603109101769088e+00
   4.4060950101585492e+00
   6.4331165328111997e+00
   7.9527915344268036e+00
   8.5651028992777860e+00
   3.3437834423207380e+00
   1.4635205695060977e+01
   1.2821191899050715e+01
   8.3253289727859094e+00
   7.3516438705821026e+00
   7.6305769135753705e+00
   5.2793145090765528e+00
   2.7401809125254180e+00
   4.0675118211023120e+00
   6.6504226856281274e+00
   5.2174578299809413e+00
   6.0432153966709858e+00
   6.7195668139183313e+00
   8.8160419932462979e+00
   8.9662764720066743e+00
   1.3925832715772291e+01
   6.2315296187456841e+00
   6.4015672676823812e+00
   2.6497507233964059e+00
   4.9848761835243733e+00
   7.9846182648450998e+00
   7.2779674925310189e+00
   1.1526618356838252e+01
   4.4796469100935878e+00
   8.0693094711406701e+00
   6.7770530642752780e+00
   7.0552649914204757e+00
   6.3814738701915301e+00
   4.6141774611843358e+00
   9.7008477729342033e+00
   6.2561339529523510e+00
   8.5949249436678858e+00
   7.5067541217557201e+00
   6.5112775083147554e+00
   5.3727162406287539e+00
   6.0134280033975109e+00
   3.9540392095117682e+00
   5.7797129708746322e+00
   5.8640371879234774e+00
   7.8828469939300794e+00
   4.5451106883584842e+00
   9.0078539615477009e+00
   7.1818024649502643e+00
   9.6250592449914691e+00
   2.9348859790941342e+00
   6.4935532615970200e+00
   8.5127079635601106e+00
   5.7133283278107330e+00
   7.3629725445146343e+00
   5.8452767692185983e+00
   4.6494385382518253e+00
   4.8900158198926782e+00
   1.0481273996524626e+01
   9.6867442262705410e+00
   1.1185698471123034e+01
   7.8290009872302804e+00
   1.2891532885151426e+01
   5.1886950348973802e+00
   7.3650241583321820e+00
   1.0779016986197643e+01
   5.3867724401995307e+00
   8.3824394881091422e+00
   7.7604938361273392e+00
   2.7458592957422017e+00
   7.2564144153948957e+00
   8.9608947469680160e+00
   7.4299943055657138e+00
   8.0991001226390100e+00
   7.3348278995012146e+00
   8.5039117186489932e+00
   8.3507447578954324e+00
   9.3222155284640262e+00
   1.0851950222071070e+01
   7.2278670779600374e+00
   7.2724499419429236e+00
   9.8010317024714659e+00
   9.8552937498964788e+00
   8.9782851257251099e+00
   6.2172497436541461e+00
   6.6774068835999030e+00
   9.9773294535858952e+00
   9.9452141081235936e+00
   6.4729405604379808e+00
   8.3662695827957041e+00
   4.7443708776881568e+00
   6.2623824142464208e+00
   1.2667682123239999e+01
   6.7628574675291100e+00
   5.5540643355384560e+00
   1.2923805731519609e+01
   6.6978843247369815e+00
   3.3146130323454210e+00
   9.0767085604074751e+00
   9.8720650547959110e+00
   5.4158772330606064e+00
   9.0295656271391440e+00
   8.7716099265270291e+00
   8.5000210495792441e+00
   4.5091414568922170e+00
   6.3400638151868680e+00
   6.1232670342844955e+00
   4.9915360442637660e+00
   6.0707543274903815e+00
   8.1825329588086841e+00
   6.4745784398307453e+00
   5.2631371910873028e+00
   5.9882592657009024e+00
   9.7560765178750337e+00
   5.7328100849622370e+00
   2.9385255437374167e+00
   5.4783654515094868e+00
   8.8039486854075122e+00
   5.1565463376063603e+00
   9.3101045683406323e+00
   4.8839655313053978e+00
   9.5911938474397669e+00
   4.5736273402023206e+00
   7.7325734936962194e+00
   9.1313032254501643e+00
   7.2113491481153016e+00
   6.3279253492019159e+00
   4.5568423447289561e+00
   6.2805669816372989e+00
   3.6790492656887683e+00
   5.6875354389073101e+00
   6.5744739630587556e+00
   8.8962706886999126e+00
   5.6500082389014752e+00
   6.6617573975903746e+00
   4.5193738960396637e+00
   6.0941895613099968e+00
   4.2352084396670326e+00
   8.1088685641307201e+00
   1.1548225613763226e+01
   6.6336350632191579e+00
   9.5600280333491430e+00
   4.9359592631102620e+00
   6.9727555399706489e+00
   1.3762277786576899e+01
   7.3378796631263405e+00
   5.8415553925398482e+00
   6.2374047068798255e+00
   5.9008120396106474e+00
   8.1278449634176635e+00
   6.8277072328401989e+00
   6.3619639488816802e+00
   7.7731275780161413e+00
   6.8276529019480554e+00
   5.1436755273977299e+00
   7.5057064021622732e+00
   8.3062414772628603e+00
   7.6599988625370807e+00
   6.6113918987239995e+00
   1.1311533313808805e+01
   5.4101872025589319e+00
   2.4613991448990959e+00
   7.3606275843780189e+00
   6.0276101674157214e+00
   9.3826675903813275e+00
   4.0363657439367060e+00
   9.7220828883157679e+00
   6.6184832779544758e+00
   7.0643817247896825e+00
   6.0410772864290445e+00
   9.9520508702026316e+00
   5.8019825168308605e+00
   3.7266547572484421e+00
   5.9676213425810465e+00
   8.0398879149275206e+00
   6.6122874662362428e+00
   5.2308697074827819e+00
   6.1708887147356206e+00
   5.1465892559212625e+00
   6.2433863439616841e+00
   1.5069339222197792e+01
   6.8538471911847276e+00
   6.9174350420456561e+00
   9.7649224953390075e+00
   4.8555491239278696e+00
   2.4983382260119122e+00
   7.0041076988153179e+00
   4.5588725069862592e+00
   4.7581991624350071e+00
   6.6453619762848541e+00
   4.1868118896555409e+00
   7.5251684666371990e+00
   9.5717029609064763e+00
   5.1540060897093767e+00
   5.7659591141636692e+00
   6.8587075507923281e+00
   5.7809850242660401e+00
   3.2564420479633456e+00
   9.3438108884834623e+00
   5.4794184737376819e+00
   6.4945578031332953e+00
   1.0191105283980445e+01
   4.0478783550793365e+00
   3.6394116411784578e+00
   6.2890809559463134e+00
   7.5991061642141933e+00
   8.2403689179959176e+00
   8.1641173554962005e+00
   5.6586184455119195e+00
   4.9479039869788162e+00
   5.0246979850665907e+00
   9.2139425466501681e+00
   6.4490677018647142e+00
   1.7144628999739175e+00
   7.2433527629187902e+00
   6.7882759010548490e+00
   4.8427339235896181e+00
   4.5966449418019764e+00
   7.4468269426644280e+00
   1.1883124852001314e+01
   5.5314054739216134e+00
   7.8551603316637122e+00
   6.1710926480171748e+00
   1.5632850854787428e+01
   5.2489279562857423e+00
   5.6732902494552491e+00
   9.3542344802587447e+00
   9.4272832511424589e+00
   3.3850801408629168e+00
   7.9631706122717096e+00
   8.4681374906335201e+00
   4.5624456159563680e+00
   4.6284295429593518e+00
   6.4783609848216690e+00
   5.3509748633807561e+00
   4.6454601778372631e+00
   7.6727131255147487e+00
   6.1458072938261754e+00
   8.3950495644240384e+00
   3.3606796734232103e+00
   5.6368969415178709e+00
   7.7639937826569749e+00
   5.2764671238392360e+00
   9.6036501984193485e+00
   1.2076257138873949e+01
   7.1362975381740119e+00
   5.6682227569244663e+00
   6.5460318657239105e+00
   5.6433021770698799e+00
   7.1748201497775899e+00
   5.9877476843231445e+00
   5.9297243222707925e+00
   7.9231646699329374e+00
   1.0177239183483898e+01
   3.8636536894814064e+00
   9.9713141699692525e+00
   6.0848323397551196e+00
   9.0907373533395663e+00
   9.6108765400189657e+00
   6.1107929996337287e+00
   8.0220421300456586e+00
   5.5085150766256028e+00
   7.3772096487824168e+00
   5.5468315835833781e+00
   3.4365392788118005e+00
   5.7299378247211701e+00
   6.8877042381213549e+00
   1.1673441874191822e+01
   7.3207909324493281e+00
   7.6928979380843394e+00
   8.6983031488059517e+00
   8.3308995356758189e+00
   6.7165514176601606e+00
   8.0071678472975236e+00
   5.5644430966677962e+00
   8.9898768457562888e+00
   6.0790651549732955e+00
   1.3048994546342241e+01
   5.2497287979249414e+00
   9.7352117572596359e+00
   4.9150450978564262e+00
   4.7533671746889166e+00
   6.9540325131439165e+00
   6.4501920430428603e+00
   2.8510621293283949e+00
   1.0156175608626697e+01
   7.5624519142756075e+00
   8.8725313308920661e+00
   4.8161577543084295e+00
   5.8312494888341941e+00
   9.2727912732890854e+00
   6.3657818093973821e+00
   2.7654489673437603e+00
   1.0685653350623372e+01
   3.9299029663268854e+00
   5.4097164268759039e+00
   5.1172342263478470e+00
   4.2995532735498880e+00
   1.0884502352578727e+01
   5.5041406802491499e+00
   6.7529919377396741e+00
   1.0241578095131297e+01
   1.4302386979003691e+01
   6.8509372399050301e+00
   1.0997812558431068e+01
   1.2710963799371877e+01
   8.3817086234426146e+00
   6.4405308010518336e+00
   6.1280123848285566e+00
   6.1715650757597436e+00
   1.2130049402505323e+01
   4.8670897068162047e+00
   5.5018809049612027e+00
   9.3937799572545160e+00
   6.9672847414461039e+00
   5.2986094533044952e+00
   7.4779660923686322e+00
   6.3297718083141143e+00
   9.2970718289337402e+00
   5.3777294237934106e+00
   5.7678744008657272e+00
   4.3662492662025407e+00
   4.2139367234088176e+00
   4.2960364692751023e+00
   4.3480764275995103e+00
   4.6932431196237561e+00
   4.6746436169768391e+00
   1.1531294412959173e+01
   7.1556097285369535e+00
   4.5083340645601071e+00
   1.0446790037028421e+01
   7.7608160000577504e+00
   1.1391897076214676e+01
   9.2259574873259886e+00
   8.5930019858310267e+00
   6.5137454078739330e+00
   5.3856432669072065e+00
   7.3349262893301344e+00
   6.1168746157126916e+00
   5.2158873744589895e+00
   6.7838997976568400e+00
   1.3119712253837545e+01
   3.7115099985091256e+00
   6.5717464731774875e+00
   1.9727123230313812e+00
   3.1602601883815269e+00
   7.5121294905336180e+00
   3.0624926094882703e+00
   6.6107380181148772e+00
   6.9860978210399134e+00
   8.2509111218495654e+00
   6.1457176466921029e+00
   5.7618710684952932e+00
   8.0259270514088836e+00
   1.2474071208001398e+01
   6.3107432052520860e+00
   7.1532844469124486e+00
   4.6546024919636260e+00
   9.0355336019489396e+00
   9.9769762540997657e+00
   7.5814209307874592e+00
   5.0328814444858594e+00
   2.2039040794715019e+00
   1.0970598734939852e+01
   5.9665268506339055e+00
   5.3608482461615266e+00
   6.2847125205245860e+00
   4.6665692046120091e+00
   6.2911180965441158e+00
   8.1218428177709132e+00
   4.2793864741227718e+00
   6.2639965101818538e+00
   9.6724449510046497e+00
   6.2187931041212012e+00
   9.8982161275410778e+00
   6.0809781182449560e+00
   5.1844584026525196e+00
   3.2555577549527799e+00
   5.1460954706769009e+00
   6.4542804578435939e+00
   6.8105060211910109e+00
   9.5459416867347322e+00
   7.6159941959557145e+00
   8.5696252209879322e+00
   9.2932110165384536e+00
   6.8624039789871549e+00
   6.6032884319538958e+00
   6.3105211998949580e+00
   5.0148280386159252e+00
   6.5515535548760999e+00
   4.7952626145579993e+00
   6.1581543387000579e+00
   7.1521487213867569e+00
   3.9160186223467672e+00
   5.5937260848594885e+00
   5.6161556751464996e+00
   5.2140343430956291e+00
   5.6191991732285560e+00
   7.3888522870189455e+00
   7.7107981670054961e+00
   7.8058004284801674e+00
   8.6943150966313496e+00
   1.1475094326839679e+01
   3.6825257852882132e+00
   5.4199700223469858e+00
   9.6871083374296525e+00
   4.9238797586160690e+00
   1.4650890339675010e+01
   6.1715385992963041e+00
   6.4728802497313884e+00
   4.6999095872266601e+00
   4.9693260784011652e+00
   9.3776410585507755e+00
   8.3925775256064927e+00
   8.5879270863436421e+00
   7.2964304071738884e+00
   8.7023854532356584e+00
   8.9776951615599927e+00
   1.2325109303720202e+01
   4.0689293956583859e+00
   6.9846930048059752e+00
   7.4406280766464050e+00
   7.4178596321183949e+00
   1.1745326659104784e+01
   5.2711522244011020e+00
   4.0614798650516475e+00
   1.0182625887545441e+01
   6.3787523114879541e+00
   7.0192916667957395e+00
   9.0154087244692409e+00
   8.5306287690828491e+00
   3.4767588591815768e+00
   5.8671758735351709e+00
   4.4193079374552493e+00
   1.9900981394596633e+00
   5.4711472524138554e+00
   5.1882494036879026e+00
   7.3130128241052574e+00
   5.4612031235057019e+00
   5.8647298796985092e+00
   4.2872019042685396e+00
   4.8236262527550693e+00
   9.0915777584123418e+00
   8.8260223015900365e+00
   1.1313808107359227e+01
   5.1940989590212023e+00
   8.8649435768048868e+00
   5.9385844347149268e+00
   1.1412465612997762e+01
   7.2709419979711072e+00
   6.6851818086887684e+00
   1.0708994818925254e+01
   3.0813464819717002e+00
   8.1319511215336284e+00
   4.8981367975870347e+00
   6.0270711946738418e+00
   8.2352532274958357e+00
   4.0680132303829781e+00
   8.8581363340419177e+00
   6.9694369127837721e+00
   4.9657565134860802e+00
   5.2263348031757966e+00
   5.4656549244899200e+00
   1.2037032548215947e+01
   9.1092179900775587e+00
   4.9049630935638833e+00
   3.7005040091403774e+00
   1.0289714392178542e+01
   6.2723796774693961e+00
   8.0527589612120529e+00
   9.2289164886686432e+00
   2.5135735841188982e+00
   6.3952629399401966e+00
   8.1684983817411627e+00
   5.6241738081380594e+00
   7.3412005990093556e+00
   4.1819954521266904e+00
   7.5223927322801600e+00
   2.9617402857970170e+00
   6.3997254560727370e+00
   6.3911916236757307e+00
   9.4162423248454559e+00
   7.2859682008720785e+00
   6.3934978210444742e+00
   1.1100895825693478e+01
   4.7344391138200859e+00
   6.0232482417750575e+00
   1.1719809421942953e+01
   7.2948476239334106e+00
   5.1881974215951967e+00
   6.5493825031254591e+00
   5.2824559132739459e+00
   3.9415886773390483e+00
   3.2917858047188946e+00
   7.0083401855800398e+00
   5.6913821947685985e+00
   6.6247737173313617e+00
   4.1041075635413273e+00
   3.4320271161472244e+00
   8.6289144414925332e+00
   3.8875452630216909e+00
   4.9955025225683798e+00
   3.3775384846841239e+00
   5.2578192573923701e+00
   6.1495103847312400e+00
   8.5290233352088247e+00
   6.6042442222458275e+00
   1.1239985661636506e+01
   1.0532506000408173e+01
   4.6052694493852986e+00
   5.6841853015516612e+00
   6.3461624849317380e+00
   1.2165414874259540e+01
   4.9964662766351635e+00
   5.2296837657646842e+00
   9.2989686485360004e+00
   5.7562342018288462e+00
   5.8076918660909129e+00
   8.7083690649371199e+00
   5.2382187668013662e+00
   6.4324212499897193e+00
   9.4007554131639921e+00
   3.8241139710601710e+00
   1.0261758875538055e+01
   5.8157612431012744e+00
   6.0751674166647476e+00
   7.2317840461687890e+00
   4.0529883677891601e+00
   8.0552610129063034e+00
   5.4711878418605826e+00
   3.6347806945698635e+00
   7.4308493712179926e+00
   6.2715228541613159e+00
   8.3409356756426494e+00
   4.2387824704016630e+00
   1.8488662723138114e+00
   3.8260393129965764e+00
   6.4375879145372918e+00
   4.5834156372797041e+00
   7.0346586101438593e+00
   3.3452952151992430e+00
   6.6947745206900651e+00
   6.7907767437873892e+00
   4.4257281968309501e+00
   6.8798137658747640e+00
   4.3050765319228486e+00
   7.1484966363871916e+00
   6.0691989908668464e+00
   1.0091367165052619e+01
   7.7400781052588643e+00
   4.5960767668072089e+00
   9.4299276009489343e+00
   4.6622312405908151e+00
   8.0311631558533296e+00
   1.1491279766902551e+01
   2.9259822041231942e+00
   2.8007989787657399e+00
   1.3628645323092012e+01
   7.2564268151422251e+00
   7.6736123232794542e+00
   3.1116301433940170e+00
   1.2195462893049765e+01
   3.8625958007436054e+00
   6.6631169126819145e+00
   9.6768007427794966e+00
   1.2638455240557043e+01
   8.3593066313179580e+00
   3.6804858690953566e+00
   2.7133383255063053e+00
   1.7510795890230874e+01
   4.8089019321711195e+00
   3.4783620871221488e+00
   1.0336747637528891e+01
   6.4139380892459847e+00
   3.8674372852301286e+00
   6.2630621446870141e+00
   5.9364485145360737e+00
   8.4195853897200426e+00
   3.4428888751448183e+00
   6.8849815111829145e+00
   8.4599286287762130e+00
   8.3490043632989117e+00
   5.4949772612238315e+00
   5.0884041548883649e+00
   8.0304315152355148e+00
   7.4147927840257291e+00
   1.1053907919993792e+01
   1.2105444975677660e+01
   6.5102628146555208e+00
   6.9018862049461118e+00
   8.9526330781900736e+00
   5.3844771876738431e+00
   7.2345138419031780e+00
   5.1809566889272327e+00
   4.5168600994989578e+00
   7.7711939299472643e+00
   5.6636973132078392e+00
   9.8572760867900513e+00
   8.5477934248566836e+00
   1.0743793867312140e+01
   1.1244570218086537e+01
   8.5109769315493260e+00
   9.7386744480402427e+00
   7.1467102216109009e+00
   8.7414099785007160e+00
   5.4945614443247530e+00
   4.6702960061787060e+00
   3.9786401951766734e+00
   6.7746409538951005e+00
   5.4734996955246711e+00
   1.3762823551252334e+01
   8.8090473841910821e+00
   6.9311990783219812e+00
   8.1409259081255296e+00
   3.6922798484524151e+00
   1.5421736680056707e+01
   9.0805532993131202e+00
   9.0182882392511452e+00
   6.6278519073589219e+00
   8.4597116260965741e+00
   6.0938878273478103e+00
   5.5485153297319814e+00
   3.4862124941086092e+00
   6.2375145306819570e+00
   4.2710125939321628e+00
   3.5323459849520686e+00
   4.8642055648504980e+00
   6.7720225311275186e+00
   1.1060039971530504e+01
   4.6916141319842746e+00
   6.0311008323816306e+00
   6.0468004032759826e+00
   1.1620409474352954e+01
   3.7942264241796408e+00
   6.8015873041950750e+00
   1.2427596453072409e+01
   8.5211038315333258e+00
   4.8977627643538995e+00
   9.5442908565748361e+00
   1.2399204237272128e+01
   4.6471378381683550e+00
   3.4717060065551153e+00
   1.0442447866645963e+01
   7.6533080197260785e+00
   1.2723037761874998e+01
   7.3565677851763152e+00
   6.3670688186216413e+00
   4.4620201646017232e+00
   3.1856813181724086e+00
   4.5933591710969957e+00
   7.1657676411719535e+00
   7.3394566651627757e+00
   7.6019087729086845e+00
   1.0732535582682079e+01
   4.5158100881324650e+00
   9.2421305213577263e+00
   7.0971231816410247e+00
   5.7774938131689417e+00
   4.2884475003730342e+00
   8.5477648258420285e+00
   1.1184851158302440e+01
   4.0789766874550262e+00
   7.1640440347190717e+00
   9.6105444677298930e+00
   4.6920744982493892e+00
   8.0929571808103677e+00
   4.2043021975809101e+00
   8.9063330932547853e+00
   3.5658512700979150e+00
   6.7125912564348180e+00
   1.0282804816784099e+01
   7.3340421111170446e+00
   1.1003742811081937e+01
   6.1810069036610420e+00
   1.0067713727030760e+01
   2.8711414069461005e+00
   7.6295529128819872e+00
   1.0564919546119173e+01
   3.9052197038393075e+00
   6.7467445407749222e+00
   6.3917502455431618e+00
   6.5807396840655255e+00
   3.9017881777736783e+00
   6.6591816924090503e+00
   6.2995820209265592e+00
   1.0039376633004974e+01
   8.5144281768481616e+00
   1.0782371701423218e+01
   5.7739662989578378e+00
   4.1283832774306664e+00
   3.6573810796355364e+00
   7.1175737800684216e+00
   3.9576728898264641e+00
   7.9713645203298906e+00
   6.8236051558529365e+00
   8.4718789362294515e+00
   7.4326674464063416e+00
   6.3927798576749124e+00
   6.3509208311434060e+00
   1.0976973838172622e+01
   2.9423337564724013e+00
   4.6155871108856088e+00
   5.3848204687056436e+00
   6.9967659205527521e+00
   8.6985861369953614e+00
   6.3754914611230680e+00
   6.0716161858618722e+00
   8.5708988739435519e+00
   7.7217104300861861e+00
   8.3097445496635292e+00
   4.6964699061821600e+00
   9.2268953604525077e+00
   6.6747556682624642e+00
   4.5318598864855328e+00
   7.2095746734626633e+00
   6.1652958297442764e+00
   1.4550637920077596e+01
   4.6194000472090249e+00
   9.6311307968727267e+00
   8.6980689653148762e+00
   2.9411279439731830e+00
   7.1953379985455719e+00
   4.2959065188761310e+00
   1.1347667088797937e+01
   1.1177916751045789e+01
   9.5432766648450524e+00
   7.9845784180569668e+00
   9.3521014101501336e+00
   4.5119640571609425e+00
   6.1708352184264772e+00
   9.3071335300794509e+00
   8.7988525337678869e+00
   1.2085217929306678e+01
   1.0887000902736091e+01
   4.8736186250900513e+00
   4.2456193109244014e+00
   7.9126815014313880e+00
   4.6589070294741353e+00
   7.2551970320997663e+00
   1.3762529283739150e+01
   7.7932267981756693e+00
   7.0129727441404262e+00
   9.5048153718817456e+00
   7.5946014326549767e+00
   5.5524228579010018e+00
   5.6098601329346796e+00
   1.0004876495112693e+01
   6.3440737584821862e+00
   1.0405433528254287e+01
   7.3423775738895092e+00
   3.6455570905461316e+00
   1.1052326498031551e+01
   9.9855582851115461e+00
   3.2386276117104020e+00
   7.3768698163587416e+00
   1.4222488880773829e+01
   8.3202153997217678e+00
   9.1696122229397066e+00
   8.9831738519871784e+00
   9.8415596618008419e+00
   8.4444558531665788e+00
   5.7793162592292235e+00
   3.3831782867127491e+00
   9.5951183748701609e+00
   7.0561832922343228e+00
   9.8574707444489889e+00
   6.2117709007544635e+00
   4.7658170278043546e+00
   8.4303221606694532e+00
   8.5220928259969018e+00
   9.9940380794978108e+00
   2.5645215286599647e+00
   5.8576676169031030e+00
   7.0088884276336785e+00
   5.3507717635013412e+00
   6.4444672004836221e+00
   8.0279774971598634e+00
   6.1788441101329399e+00
   1.0995305180583355e+01
   7.2203729004842288e+00
   9.0943678400011496e+00
   6.0959027262860115e+00
   6.4761716374384717e+00
   7.4902457085194536e+00
   6.9830419092309306e+00
   9.3873281567465217e+00
   5.5801718503583837e+00
   1.0909777167376280e+01
   6.8648203596773207e+00
   9.7086828580082933e+00
   1.0903535244820446e+01
   4.8764159923696404e+00
   2.3156106572236612e+00
   4.9301538153895379e+00
   6.2834920939202981e+00
   5.5859772052226555e+00
   1.0275130608394987e+01
   7.9795081827429577e+00
   1.1098360431710493e+01
   9.1500113779334562e+00
   5.6864123092277925e+00
   1.2719552045597361e+01
   7.6436436950252551e+00
   6.5249540179361301e+00
   9.5376530822282550e+00
   1.2062723431908900e+01
   5.9409381626598829e+00
   9.7116454236283705e+00
   7.4461009742615136e+00
   4.9485340182422446e+00
   4.7269456016466522e+00
   5.4052389065696005e+00
   2.5667223361137590e+00
   7.5448534716414741e+00
   7.4095727913867533e+00
   7.4306944710351832e+00
   9.6884725613773597e+00
   9.1007083048449715e+00
   7.5593018297413774e+00
   7.7321542739307771e+00
   5.7026342177190772e+00
   6.5437977485108547e+00
   7.9431707051098179e+00
   5.2227051228560608e+00
   6.0815870040014710e+00
   7.5474064603988618e+00
   8.7573808341259909e+00
   1.3244739983661370e+01
   6.4428627853745137e+00
   9.0257131825035444e+00
   9.0449026818504681e+00
   1.0832392937410951e+01
   3.4512421245506562e+00
   6.3231505030879855e+00
   7.4253245140211055e+00
   5.2513065480615353e+00
   7.0623220079976274e+00
   4.9440857785589900e+00
   5.7809952212915681e+00
   9.6609347773903007e+00
   3.9649007355549504e+00
   5.0450583532496500e+00
   5.5107354539369275e+00
   6.9908355176049488e+00
   1.1391320644065285e+01
   1.0408402866425073e+01
   5.7395801140595601e+00
   9.7981762298606849e+00
   6.7194284699912972e+00
   8.5260501061623568e+00
   3.6991412910691044e+00
   1.0225540853607139e+01
   5.4069280156317783e+00
   1.9700361571245333e+00
   3.8249192887040269e+00
   4.9079223701438703e+00
   3.3728610316463343e+00
   6.5559197887808764e+00
   5.2827894993913596e+00
   6.1143094075656972e+00
   9.5515556901676781e+00
   2.7817070753796180e+00
   2.3442114769962523e+00
   9.6609603314236878e+00
   4.3584373692151086e+00
   4.5718662230217459e+00
   7.6628332356545581e+00
   6.1333000122117083e+00
   1.0137159149737744e+01
   1.1331201826757640e+01
   7.4074705578130162e+00
   8.9186587305708347e+00
   6.0084555589518329e+00
   4.3510330408100391e+00
   9.5701405427923749e+00
   1.4882013394482430e+01
   4.8144158794554786e+00
   1.0130127776597748e+01
   9.0116819313838690e+00
   4.9009106008833232e+00
   9.3364216095543142e+00
   8.6080253992962046e+00
   7.5876889368806246e+00
   5.7023078566558381e+00
   4.0266045730437723e+00
   1.1472496850449373e+01
   7.9358063400569518e+00
   4.2299779910891413e+00
   8.5111409292195166e+00
   7.0004531869689153e+00
   5.9941734073888870e+00
   7.0176630536187368e+00
   3.9240871562838260e+00
   4.3050847198563220e+00
   8.3842775781261540e+00
   6.6042270926152868e+00
   8.4792887231361025e+00
   9.6384099951558504e+00
   8.3527432984403749e+00
   8.3327209305615906e+00
   5.5741905994028480e+00
   2.0404701065301554e+00
   2.7800534418665341e+00
   5.7443739655143871e+00
   5.0363591433136223e+00
   5.3215071351729550e+00
   9.4951726720183647e+00
   6.7206284045595872e+00
   7.9475303242049211e+00
   4.1644162099381861e+00
   9.6777881284300413e+00
   6.2344196026417302e+00
   7.1271037105882629e+00
   7.4260242864831012e+00
   6.1705035193691415e+00
   6.4725465327453682e+00
   6.6778490885905946e+00
   6.9890415284923568e+00
   5.4563621832361573e+00
   8.3417142650904736e+00
   6.6648780011814948e+00
   3.8731028666784737e+00
   9.7012047334885700e+00
   3.9347410897380217e+00
   7.7904181222158471e+00
   5.2451855558671294e+00
   6.6194836944718958e+00
   4.3108394075084551e+00
   6.0561128229965258e+00
   1.0573726171614963e+01
   8.2027841557860466e+00
   6.4066092711507663e+00
   2.6689881756353904e+00
   8.7578048048437012e+00
   5.8109289991442994e+00
   6.9847587532825894e+00
   4.9709325853325339e+00
   6.3491783040756067e+00
   6.2671989418820475e+00
   6.7938788353499948e+00
   6.2526369472297993e+00
   8.0385234117004440e+00
   8.2956918159313187e+00
   9.9850517274171384e+00
   7.0927236919092769e+00
   2.5990030193120353e+00
   4.4013710509943165e+00
   7.2259477946967756e+00
   5.8379473076340389e+00
   1.2616193201921245e+01
   6.6524080041364444e+00
   1.1514564494099833e+01
   1.0206443846169801e+01
   7.2141165046180102e+00
   7.7140512991134615e+00
   7.6278508994352778e+00
   6.7664877840648696e+00
   7.8345347536337524e+00
   5.1600731898897907e+00
   4.8849153018227849e+00
   6.8315517617775097e+00
   1.0615217521121243e+01
   5.4852954409137915e+00
   7.0623870062639877e+00
   5.1614218556522973e+00
   9.2119313570214647e+00
   9.2209837640722689e+00
   4.7797330419220563e+00
   5.4623604185062495e+00
   8.5772425161353745e+00
   6.7587986229842789e+00
   7.8759875149030325e+00
   5.9037358477018467e+00
   5.8747642060808687e+00
   7.6207488170019957e+00
   6.7887123801831839e+00
   5.2684480579397990e+00
   5.4400473574985391e+00
   4.4975921122305476e+00
   6.5673910715669006e+00
   4.8440196979346135e+00
   5.0756038634986105e+00
   4.9830492925712253e+00
   1.0157388553031117e+01
   3.7246767994075891e+00
   4.2257466754232906e+00
   5.0258647938262921e+00
   4.8070935810186581e+00
   8.3384720739252813e+00
   2.5499167937701288e+00
   5.1710829718899696e+00
   3.6166834007681845e+00
   6.0051016053504904e+00
   1.0448944694790789e+01
   4.1545076964002554e+00
   2.1791659926778943e+00
   5.3676851397337515e+00
   6.2675013172182243e+00
   5.4695510553400650e+00
   1.0549038378395508e+01
   4.0497449878710681e+00
   3.7979659360871674e+00
   4.2620044343984400e+00
   9.5037696612752267e+00
   5.0126540281716716e+00
   6.5387022082820465e+00
   7.4045435154694195e+00
   4.7538682255249567e+00
   7.4458448342847960e+00
   3.2482328552986468e+00
   5.8986106814949570e+00
   8.6203069334162006e+00
   9.0079684177684438e+00
   3.0712967065549783e+00
   4.1023784932673033e+00
   8.1650572687986536e+00
   4.3747031745796763e+00
   2.7064589106341326e+00
   2.6690243659947845e+00
   8.1014821772506966e+00
   1.1526079662264433e+01
   5.0237916044545203e+00
   5.5861821227153792e+00
   9.3045231837197679e+00
   8.9715839012642196e+00
   5.0029727888866207e+00
   3.4410702491448260e+00
   6.8447629836205355e+00
   9.0270694273414094e+00
   5.7523833723996134e+00
   4.7999101223998570e+00
   7.9928808526036006e+00
   4.6135215682324162e+00
   9.7606001542604357e+00
   3.6007514141610075e+00
   5.3186273545523681e+00
   5.3610952603534949e+00
   9.4814978965339396e+00
   8.3718572833832194e+00
   7.4383941221641070e+00
   5.4795755090796829e+00
   7.7349621298765125e+00
   7.5417045598967150e+00
   4.3497193769749645e+00
   7.1419715926676774e+00
   8.6885722017942584e+00
   1.1303708701358415e+01
   1.1072339438732595e+01
   8.8074028794372410e+00
   3.0974617710586068e+00
   1.1822739474551900e+01
   5.6897277314637025e+00
   5.7999484567613937e+00
   7.3491434866371463e+00
   9.0368202943601634e+00
   1.0121756999766196e+01
   9.0793560299695493e+00
   7.0088038598418523e+00
   1.5576964540324559e+01
   9.1854984244286477e+00
   1.1339790153571675e+01
   6.1334356516121398e+00
   4.6750692376955589e+00
   6.3455397438680929e+00
   9.3026554642726467e+00
   4.2403215383694652e+00
   8.8564825874686228e+00
   5.5891605383111882e+00
   1.0392668707216719e+01
   7.2492134672640729e+00
   6.2086201159684036e+00
   5.1775951528970694e+00
   3.9396707281726204e+00
   7.2426547975094104e+00
   9.3351728122848883e+00
   8.3599789378567451e+00
   3.1552857467956494e+00
   7.0280224438882639e+00
   5.2577030685307529e+00
   4.2100379678189519e+00
   1.0990956657641869e+01
   6.4149814236360241e+00
   3.2784925011533201e+00
   5.9198022225326854e+00
   6.3322189102248840e+00
   5.3878505607794995e+00
   6.5841925426131489e+00
   8.7215099405881098e+00
   5.0974797260750435e+00
   5.6561790147660327e+00
   6.9002176795724282e+00
   4.6617996482606134e+00
   8.3206539415657659e+00
   4.2573579174625120e+00
   7.9686210995232623e+00
   5.0191658166266588e+00
   3.8033909311438419e+00
   4.3392666950629657e+00
   1.0922107069875404e+01
   9.8256025428823861e+00
   1.0694302468337858e+01
   5.2051799523609485e+00
   5.8056436958150490e+00
   6.1921942592021457e+00
   7.4818829142514893e+00
   6.7294391851548010e+00
   3.6682479764195208e+00
   6.0667387130173749e+00
   6.8607920323617355e+00
   4.6357133201893621e+00
   3.1414253355757218e+00
   5.1090830446132083e+00
   7.2082426516881943e+00
   4.0621782867468239e+00
   5.9819207945043038e+00
   3.2207607570109977e+00
   6.9748200573747416e+00
   1.3928740522689340e+01
   3.4253722002638751e+00
   4.9137079693425898e+00
   9.4548347688064869e+00
   4.3373883837284612e+00
   6.0753690053610825e+00
   4.0966358904282236e+00
   9.7945624319352280e+00
   9.6276461281366910e+00
   8.3236150601360972e+00
   4.9331298454669641e+00
   7.1698834979440802e+00
   4.2531669366251448e+00
   2.2419392503595659e+00
   5.4642154096939812e+00
   7.3494908758464241e+00
   4.4484955280477969e+00
   3.8456548870617064e+00
   1.1973124126784578e+01
   7.0941904982344584e+00
   6.7131773719894285e+00
   9.6365526490897047e+00
   8.8179421929868411e+00
   5.1211253047813976e+00
   8.8204497873733150e+00
   9.8136426019491179e+00
   7.9220238623067099e+00
   1.5495635041772677e+00
   5.5129237844436565e+00
   6.7406237064737509e+00
   5.5564507751783996e+00
   4.1746296381802930e+00
   6.3008315542300943e+00
   9.8034193376183723e+00
   6.9454332486979808e+00
   1.0995590979073587e+01
   9.0262844616883537e+00
   8.9870091835308692e+00
   6.8307530378946009e+00
   9.4096510406969553e+00
   8.2289523490073346e+00
   9.1056862511020604e+00
   3.1278387826846239e+00
   5.8416650128516636e+00
   4.6591236962597531e+00
   1.1430574224572373e+01
   8.2431548743687717e+00
   5.6055039258943893e+00
   1.1828416965176604e+01
   6.2512776039138975e+00
   7.2732750724594375e+00
   1.5281449891883605e+01
   9.3753339544800323e+00
   6.0205021656630491e+00
   6.6232158180878766e+00
   1.0226568602311787e+01
   8.2511366260599512e+00
   8.8354518087067078e+00
   4.4491236022376750e+00
   4.1951229823532996e+00
   5.3670237255882745e+00
   8.0634595740576369e+00
   3.1421575617719917e+00
   6.9206814928641309e+00
   6.5183710934349577e+00
   7.9674313407406334e+00
   9.8022036238998016e+00
   7.8320905953194853e+00
   6.5247084905444099e+00
   1.1296477101912894e+01
   4.6162086938759952e+00
   9.1018304479400882e+00
   8.5851008498482955e+00
   6.0221076533066205e+00
   1.1262266362260780e+01
   3.5130402657042734e+00
   7.2937255223420774e+00
   8.8991290076459038e+00
   7.2004784989221955e+00
   5.6994423874656448e+00
   6.2172775612003566e+00
   9.2890235646267776e+00
   4.7904785700469388e+00
   6.5786035685873516e+00
   7.0638605606370932e+00
   2.9736385500037854e+00
   1.1866001369375255e+01
   6.0574970395431995e+00
   6.0063529735537635e+00
   1.0503736836059037e+01
   6.7217864152439422e+00
   6.4779129912341649e+00
   8.6100773388604388e+00
   4.8003033188681021e+00
   9.6558416349401099e+00
   6.1935545075690372e+00
   1.8501388977690123e+00
   7.2964614053796897e+00
   9.0241551929541313e+00
   6.1344930488859530e+00
   4.4047753450841256e+00
   7.6195110431085835e+00
   6.5712336471153145e+00
   6.8527243805980023e+00
   7.7465178815249605e+00
   4.0988450032709114e+00
   3.8374304661715359e+00
   6.8923932809071431e+00
   9.7371110759365678e+00
   1.2649531044823313e+01
   5.0266702591118504e+00
   1.0376175324127191e+01
   8.1751328201064126e+00
   6.4109940697280337e+00
   8.6902603485384446e+00
   8.4906261458102179e+00
   4.3131480397438846e+00
   5.3803853281944347e+00
   3.5043081225262402e+00
   7.6822161972217824e+00
   9.3009356371043310e+00
   5.3679357738275719e+00
   8.9157490915324260e+00
   9.0999868978583045e+00
   8.1604479594324602e+00
   4.8433801284799687e+00
   7.1304529396069034e+00
   5.2841401976546178e+00
   4.3908989389547006e+00
   5.6592837889179828e+00
   7.6262757741113321e+00
   5.5856497150345517e+00
   8.3409022673989330e+00
   6.1805419462188489e+00
   6.3020304372846780e+00
   5.0285662311753399e+00
   6.1465927272065661e+00
   1.1141968974093741e+01
   7.6306811882270589e+00
   9.5975383226466437e+00
   7.8227658588977178e+00
   7.0789889931300500e+00
   6.7172902870404840e+00
   8.4200123684887931e+00
   4.4468327824974576e+00
   7.2808258555341334e+00
   5.4472980592596683e+00
   6.2517519257690113e+00
   3.9422686491644909e+00
   8.9545769866038381e+00
   5.3526243768449220e+00
   7.2912039487633429e+00
   2.6920861903185518e+00
   4.6062013357100584e+00
   6.2172569225490051e+00
   4.5943805296663154e+00
   6.5802039383924722e+00
   2.1886768599996071e+00
   7.6682834667187079e+00
   1.0328268044376275e+01
   4.3184453505752369e+00
   1.1080441696690620e+01
   3.5966062924843545e+00
   6.5929250987077497e+00
   1.3619952819427679e+01
   7.5768266434386122e+00
   3.6284650317616949e+00
   2.0489955223832639e+00
   6.3395621418662600e+00
   8.8148441198433485e+00
   3.6531079623915881e+00
   5.2720300920526455e+00
   6.3725124396870294e+00
   6.9177412202247126e+00
   3.8031164595394449e+00
   1.1458850047450008e+01
   5.6862067261068194e+00
   4.7942995936889501e+00
   4.6576599525920788e+00
   6.0343961331026161e+00
   8.8563168948032303e+00
   8.4745229036112608e+00
   1.8405811869345079e+00
   3.0332411022686334e+00
   7.5559836775104428e+00
   5.8613327139999791e+00
   7.9757138778131234e+00
   5.0332653538915535e+00
   5.8192793638393905e+00
   8.5670254349453483e+00
   5.3465131138942992e+00
   9.3854301420610788e+00
   5.1546228320601024e+00
   5.6754557552928038e+00
   4.1297963939313940e+00
   2.5281206280333102e+00
   6.7565781736927573e+00
   9.4119378449169275e+00
   4.3694053287842296e+00
   4.9524920532947627e+00
   6.7678251848105822e+00
   6.0249008068312415e+00
   3.9951013671453972e+00
   5.2302432897071007e+00
   3.2706482840301176e+00
   7.6545888817511978e+00
   7.0426338691297286e+00
   3.7444531580861935e+00
   9.6593768610295321e+00
   4.7334311347484928e+00
   3.5187952889892293e+00
   6.9276017637035139e+00
   1.3785257345351090e+01
