5.566000000000000000e+03
5.594000000000000000e+03
6.196000000000000000e+03
4.899000000000000000e+03
5.994000000000000000e+03
5.063000000000000000e+03
5.153000000000000000e+03
5.449000000000000000e+03
5.513000000000000000e+03
5.188000000000000000e+03
6.641000000000000000e+03
4.575000000000000000e+03
6.633000000000000000e+03
6.466000000000000000e+03
6.418000000000000000e+03
4.871000000000000000e+03
6.437000000000000000e+03
4.595000000000000000e+03
5.712000000000000000e+03
6.682000000000000000e+03
4.626000000000000000e+03
5.428000000000000000e+03
6.756000000000000000e+03
5.140000000000000000e+03
5.003000000000000000e+03
6.790000000000000000e+03
6.236000000000000000e+03
6.276000000000000000e+03
6.190000000000000000e+03
6.630000000000000000e+03
4.732000000000000000e+03
6.250000000000000000e+03
5.004000000000000000e+03
5.676000000000000000e+03
5.161000000000000000e+03
6.184000000000000000e+03
4.964000000000000000e+03
4.114000000000000000e+03
4.308000000000000000e+03
5.635000000000000000e+03
6.290000000000000000e+03
4.834000000000000000e+03
6.082000000000000000e+03
6.203000000000000000e+03
5.561000000000000000e+03
5.338000000000000000e+03
5.948000000000000000e+03
6.228000000000000000e+03
5.303000000000000000e+03
6.741000000000000000e+03
5.787000000000000000e+03
4.705000000000000000e+03
4.479000000000000000e+03
5.336000000000000000e+03
4.376000000000000000e+03
5.704000000000000000e+03
6.594000000000000000e+03
5.416000000000000000e+03
5.088000000000000000e+03
4.952000000000000000e+03
6.724000000000000000e+03
5.596000000000000000e+03
4.602000000000000000e+03
6.706000000000000000e+03
6.089000000000000000e+03
6.495000000000000000e+03
6.119000000000000000e+03
4.973000000000000000e+03
5.156000000000000000e+03
6.282000000000000000e+03
6.178000000000000000e+03
6.284000000000000000e+03
5.100000000000000000e+03
5.771000000000000000e+03
4.201000000000000000e+03
6.382000000000000000e+03
6.632000000000000000e+03
5.879000000000000000e+03
5.441000000000000000e+03
5.903000000000000000e+03
5.504000000000000000e+03
5.071000000000000000e+03
6.041000000000000000e+03
4.803000000000000000e+03
5.419000000000000000e+03
4.393000000000000000e+03
4.139000000000000000e+03
5.708000000000000000e+03
4.223000000000000000e+03
6.649000000000000000e+03
6.230000000000000000e+03
4.503000000000000000e+03
6.209000000000000000e+03
6.370000000000000000e+03
5.221000000000000000e+03
5.681000000000000000e+03
4.509000000000000000e+03
5.410000000000000000e+03
6.548000000000000000e+03
5.735000000000000000e+03
5.487000000000000000e+03
6.244000000000000000e+03
5.176000000000000000e+03
5.175000000000000000e+03
6.787000000000000000e+03
6.281000000000000000e+03
5.159000000000000000e+03
5.392000000000000000e+03
5.967000000000000000e+03
5.012000000000000000e+03
6.789000000000000000e+03
4.560000000000000000e+03
6.458000000000000000e+03
6.535000000000000000e+03
5.891000000000000000e+03
4.847000000000000000e+03
4.623000000000000000e+03
4.427000000000000000e+03
4.265000000000000000e+03
6.374000000000000000e+03
6.355000000000000000e+03
4.161000000000000000e+03
5.858000000000000000e+03
6.551000000000000000e+03
5.684000000000000000e+03
6.766000000000000000e+03
4.465000000000000000e+03
6.459000000000000000e+03
4.184000000000000000e+03
4.482000000000000000e+03
4.504000000000000000e+03
4.484000000000000000e+03
5.463000000000000000e+03
6.439000000000000000e+03
6.371000000000000000e+03
4.414000000000000000e+03
5.853000000000000000e+03
6.659000000000000000e+03
6.162000000000000000e+03
6.722000000000000000e+03
4.957000000000000000e+03
5.535000000000000000e+03
6.665000000000000000e+03
5.248000000000000000e+03
4.209000000000000000e+03
4.082000000000000000e+03
4.348000000000000000e+03
6.625000000000000000e+03
5.980000000000000000e+03
4.435000000000000000e+03
4.759000000000000000e+03
6.457000000000000000e+03
5.941000000000000000e+03
5.732000000000000000e+03
6.350000000000000000e+03
5.947000000000000000e+03
5.962000000000000000e+03
6.566000000000000000e+03
5.554000000000000000e+03
5.720000000000000000e+03
4.910000000000000000e+03
4.200000000000000000e+03
4.797000000000000000e+03
5.794000000000000000e+03
4.764000000000000000e+03
4.811000000000000000e+03
5.687000000000000000e+03
6.796000000000000000e+03
5.760000000000000000e+03
5.092000000000000000e+03
4.320000000000000000e+03
4.990000000000000000e+03
5.136000000000000000e+03
6.668000000000000000e+03
4.992000000000000000e+03
4.310000000000000000e+03
4.869000000000000000e+03
4.805000000000000000e+03
5.249000000000000000e+03
6.664000000000000000e+03
5.854000000000000000e+03
5.936000000000000000e+03
5.570000000000000000e+03
5.960000000000000000e+03
4.902000000000000000e+03
6.509000000000000000e+03
5.888000000000000000e+03
5.897000000000000000e+03
5.264000000000000000e+03
6.686000000000000000e+03
6.151000000000000000e+03
4.651000000000000000e+03
6.304000000000000000e+03
6.598000000000000000e+03
5.601000000000000000e+03
5.124000000000000000e+03
5.649000000000000000e+03
5.876000000000000000e+03
5.756000000000000000e+03
5.912000000000000000e+03
6.739000000000000000e+03
4.885000000000000000e+03
5.023000000000000000e+03
6.757000000000000000e+03
4.269000000000000000e+03
5.609000000000000000e+03
6.095000000000000000e+03
5.154000000000000000e+03
4.833000000000000000e+03
4.332000000000000000e+03
6.697000000000000000e+03
5.157000000000000000e+03
4.692000000000000000e+03
5.767000000000000000e+03
6.572000000000000000e+03
5.387000000000000000e+03
4.536000000000000000e+03
4.641000000000000000e+03
6.783000000000000000e+03
4.162000000000000000e+03
4.436000000000000000e+03
6.143000000000000000e+03
5.000000000000000000e+03
5.119000000000000000e+03
4.578000000000000000e+03
5.996000000000000000e+03
6.011000000000000000e+03
6.438000000000000000e+03
5.832000000000000000e+03
5.406000000000000000e+03
5.869000000000000000e+03
5.894000000000000000e+03
4.370000000000000000e+03
4.419000000000000000e+03
5.262000000000000000e+03
5.979000000000000000e+03
4.544000000000000000e+03
6.272000000000000000e+03
5.412000000000000000e+03
5.287000000000000000e+03
4.541000000000000000e+03
4.346000000000000000e+03
5.431000000000000000e+03
6.283000000000000000e+03
5.172000000000000000e+03
5.135000000000000000e+03
4.868000000000000000e+03
5.112000000000000000e+03
5.373000000000000000e+03
6.669000000000000000e+03
6.781000000000000000e+03
5.372000000000000000e+03
4.908000000000000000e+03
4.941000000000000000e+03
4.689000000000000000e+03
6.788000000000000000e+03
5.618000000000000000e+03
5.110000000000000000e+03
6.489000000000000000e+03
4.631000000000000000e+03
4.760000000000000000e+03
5.442000000000000000e+03
6.385000000000000000e+03
6.118000000000000000e+03
6.621000000000000000e+03
5.745000000000000000e+03
5.938000000000000000e+03
5.219000000000000000e+03
4.633000000000000000e+03
4.228000000000000000e+03
4.520000000000000000e+03
5.311000000000000000e+03
4.225000000000000000e+03
6.243000000000000000e+03
5.483000000000000000e+03
6.401000000000000000e+03
4.638000000000000000e+03
6.022000000000000000e+03
5.754000000000000000e+03
4.555000000000000000e+03
4.569000000000000000e+03
6.414000000000000000e+03
4.679000000000000000e+03
6.703000000000000000e+03
6.430000000000000000e+03
5.736000000000000000e+03
5.957000000000000000e+03
6.561000000000000000e+03
4.313000000000000000e+03
6.550000000000000000e+03
6.019000000000000000e+03
4.113000000000000000e+03
6.032000000000000000e+03
4.099000000000000000e+03
6.705000000000000000e+03
5.271000000000000000e+03
4.257000000000000000e+03
5.932000000000000000e+03
4.298000000000000000e+03
5.985000000000000000e+03
6.131000000000000000e+03
4.865000000000000000e+03
6.066000000000000000e+03
6.187000000000000000e+03
4.182000000000000000e+03
4.758000000000000000e+03
5.997000000000000000e+03
5.302000000000000000e+03
4.505000000000000000e+03
5.358000000000000000e+03
6.007000000000000000e+03
5.999000000000000000e+03
6.746000000000000000e+03
6.215000000000000000e+03
4.904000000000000000e+03
6.186000000000000000e+03
4.863000000000000000e+03
4.531000000000000000e+03
4.330000000000000000e+03
4.129000000000000000e+03
6.597000000000000000e+03
5.908000000000000000e+03
4.599000000000000000e+03
4.817000000000000000e+03
4.934000000000000000e+03
4.187000000000000000e+03
4.470000000000000000e+03
4.663000000000000000e+03
6.582000000000000000e+03
5.781000000000000000e+03
4.587000000000000000e+03
6.651000000000000000e+03
4.392000000000000000e+03
5.217000000000000000e+03
4.824000000000000000e+03
4.775000000000000000e+03
4.474000000000000000e+03
5.086000000000000000e+03
5.096000000000000000e+03
5.254000000000000000e+03
5.836000000000000000e+03
6.666000000000000000e+03
5.090000000000000000e+03
4.165000000000000000e+03
4.776000000000000000e+03
4.769000000000000000e+03
5.064000000000000000e+03
6.734000000000000000e+03
6.295000000000000000e+03
4.276000000000000000e+03
6.358000000000000000e+03
5.937000000000000000e+03
5.234000000000000000e+03
6.102000000000000000e+03
6.213000000000000000e+03
5.477000000000000000e+03
5.214000000000000000e+03
4.119000000000000000e+03
5.540000000000000000e+03
6.716000000000000000e+03
6.655000000000000000e+03
6.027000000000000000e+03
4.230000000000000000e+03
6.575000000000000000e+03
5.775000000000000000e+03
4.991000000000000000e+03
5.686000000000000000e+03
4.331000000000000000e+03
5.491000000000000000e+03
6.488000000000000000e+03
4.512000000000000000e+03
6.590000000000000000e+03
5.835000000000000000e+03
6.161000000000000000e+03
5.216000000000000000e+03
5.878000000000000000e+03
6.482000000000000000e+03
6.112000000000000000e+03
6.639000000000000000e+03
5.765000000000000000e+03
5.693000000000000000e+03
5.589000000000000000e+03
4.367000000000000000e+03
5.780000000000000000e+03
5.015000000000000000e+03
6.091000000000000000e+03
5.162000000000000000e+03
5.340000000000000000e+03
4.850000000000000000e+03
4.102000000000000000e+03
5.923000000000000000e+03
4.409000000000000000e+03
6.031000000000000000e+03
4.754000000000000000e+03
4.649000000000000000e+03
4.455000000000000000e+03
5.875000000000000000e+03
6.316000000000000000e+03
5.226000000000000000e+03
4.307000000000000000e+03
4.607000000000000000e+03
5.896000000000000000e+03
6.410000000000000000e+03
4.524000000000000000e+03
5.059000000000000000e+03
4.796000000000000000e+03
5.480000000000000000e+03
4.693000000000000000e+03
5.352000000000000000e+03
5.892000000000000000e+03
5.617000000000000000e+03
5.052000000000000000e+03
4.645000000000000000e+03
4.619000000000000000e+03
4.173000000000000000e+03
4.180000000000000000e+03
4.500000000000000000e+03
5.995000000000000000e+03
6.792000000000000000e+03
5.189000000000000000e+03
5.177000000000000000e+03
5.125000000000000000e+03
4.213000000000000000e+03
5.913000000000000000e+03
4.454000000000000000e+03
5.427000000000000000e+03
6.357000000000000000e+03
4.655000000000000000e+03
4.469000000000000000e+03
4.912000000000000000e+03
4.855000000000000000e+03
5.920000000000000000e+03
4.181000000000000000e+03
4.550000000000000000e+03
5.843000000000000000e+03
4.725000000000000000e+03
5.020000000000000000e+03
5.351000000000000000e+03
5.083000000000000000e+03
6.399000000000000000e+03
4.081000000000000000e+03
4.657000000000000000e+03
6.721000000000000000e+03
5.872000000000000000e+03
4.653000000000000000e+03
4.239000000000000000e+03
5.325000000000000000e+03
4.100000000000000000e+03
5.498000000000000000e+03
6.684000000000000000e+03
6.388000000000000000e+03
5.329000000000000000e+03
6.525000000000000000e+03
6.744000000000000000e+03
6.516000000000000000e+03
6.052000000000000000e+03
4.933000000000000000e+03
6.515000000000000000e+03
5.269000000000000000e+03
5.608000000000000000e+03
5.073000000000000000e+03
5.793000000000000000e+03
6.529000000000000000e+03
5.719000000000000000e+03
4.452000000000000000e+03
6.612000000000000000e+03
5.758000000000000000e+03
6.224000000000000000e+03
5.834000000000000000e+03
6.626000000000000000e+03
5.571000000000000000e+03
5.344000000000000000e+03
4.763000000000000000e+03
4.240000000000000000e+03
5.301000000000000000e+03
6.463000000000000000e+03
4.998000000000000000e+03
5.718000000000000000e+03
6.296000000000000000e+03
5.409000000000000000e+03
4.418000000000000000e+03
5.200000000000000000e+03
5.058000000000000000e+03
5.890000000000000000e+03
4.831000000000000000e+03
4.597000000000000000e+03
6.470000000000000000e+03
5.977000000000000000e+03
6.326000000000000000e+03
4.853000000000000000e+03
4.286000000000000000e+03
5.588000000000000000e+03
6.564000000000000000e+03
5.230000000000000000e+03
5.121000000000000000e+03
4.441000000000000000e+03
5.950000000000000000e+03
6.020000000000000000e+03
5.025000000000000000e+03
4.514000000000000000e+03
4.674000000000000000e+03
4.373000000000000000e+03
6.344000000000000000e+03
6.085000000000000000e+03
5.819000000000000000e+03
6.579000000000000000e+03
5.246000000000000000e+03
6.037000000000000000e+03
5.653000000000000000e+03
6.341000000000000000e+03
5.267000000000000000e+03
6.353000000000000000e+03
5.316000000000000000e+03
6.727000000000000000e+03
4.730000000000000000e+03
6.628000000000000000e+03
6.269000000000000000e+03
4.486000000000000000e+03
5.605000000000000000e+03
4.193000000000000000e+03
5.331000000000000000e+03
5.065000000000000000e+03
5.005000000000000000e+03
5.305000000000000000e+03
4.227000000000000000e+03
5.807000000000000000e+03
4.447000000000000000e+03
6.763000000000000000e+03
4.333000000000000000e+03
4.493000000000000000e+03
6.164000000000000000e+03
6.080000000000000000e+03
5.966000000000000000e+03
5.739000000000000000e+03
5.870000000000000000e+03
6.380000000000000000e+03
6.679000000000000000e+03
6.030000000000000000e+03
6.337000000000000000e+03
5.698000000000000000e+03
6.769000000000000000e+03
6.029000000000000000e+03
4.157000000000000000e+03
4.160000000000000000e+03
6.652000000000000000e+03
6.503000000000000000e+03
6.405000000000000000e+03
5.904000000000000000e+03
6.498000000000000000e+03
6.521000000000000000e+03
5.525000000000000000e+03
6.218000000000000000e+03
4.866000000000000000e+03
5.790000000000000000e+03
4.237000000000000000e+03
5.468000000000000000e+03
5.952000000000000000e+03
4.802000000000000000e+03
5.423000000000000000e+03
5.205000000000000000e+03
5.367000000000000000e+03
4.702000000000000000e+03
6.293000000000000000e+03
5.333000000000000000e+03
4.253000000000000000e+03
6.673000000000000000e+03
6.113000000000000000e+03
6.222000000000000000e+03
6.403000000000000000e+03
4.583000000000000000e+03
6.742000000000000000e+03
4.658000000000000000e+03
4.878000000000000000e+03
5.043000000000000000e+03
6.016000000000000000e+03
6.507000000000000000e+03
6.771000000000000000e+03
4.793000000000000000e+03
6.425000000000000000e+03
4.856000000000000000e+03
5.182000000000000000e+03
5.365000000000000000e+03
4.355000000000000000e+03
5.697000000000000000e+03
5.050000000000000000e+03
4.334000000000000000e+03
4.822000000000000000e+03
4.303000000000000000e+03
5.837000000000000000e+03
5.117000000000000000e+03
5.723000000000000000e+03
6.079000000000000000e+03
4.894000000000000000e+03
6.319000000000000000e+03
6.420000000000000000e+03
6.737000000000000000e+03
5.584000000000000000e+03
4.473000000000000000e+03
5.954000000000000000e+03
5.038000000000000000e+03
5.975000000000000000e+03
6.096000000000000000e+03
5.862000000000000000e+03
4.718000000000000000e+03
5.581000000000000000e+03
5.972000000000000000e+03
4.946000000000000000e+03
5.082000000000000000e+03
4.864000000000000000e+03
6.560000000000000000e+03
4.359000000000000000e+03
5.236000000000000000e+03
4.093000000000000000e+03
4.993000000000000000e+03
4.288000000000000000e+03
6.585000000000000000e+03
4.795000000000000000e+03
6.519000000000000000e+03
4.826000000000000000e+03
4.349000000000000000e+03
5.981000000000000000e+03
6.584000000000000000e+03
5.079000000000000000e+03
5.228000000000000000e+03
5.164000000000000000e+03
4.614000000000000000e+03
5.988000000000000000e+03
5.905000000000000000e+03
6.169000000000000000e+03
5.868000000000000000e+03
4.431000000000000000e+03
6.057000000000000000e+03
6.278000000000000000e+03
6.573000000000000000e+03
5.239000000000000000e+03
4.511000000000000000e+03
5.789000000000000000e+03
4.713000000000000000e+03
5.670000000000000000e+03
5.471000000000000000e+03
5.192000000000000000e+03
5.296000000000000000e+03
4.905000000000000000e+03
5.208000000000000000e+03
6.376000000000000000e+03
5.009000000000000000e+03
5.323000000000000000e+03
4.337000000000000000e+03
6.448000000000000000e+03
5.002000000000000000e+03
6.018000000000000000e+03
6.629000000000000000e+03
5.255000000000000000e+03
6.309000000000000000e+03
5.203000000000000000e+03
5.844000000000000000e+03
4.280000000000000000e+03
4.371000000000000000e+03
4.621000000000000000e+03
6.481000000000000000e+03
5.627000000000000000e+03
6.764000000000000000e+03
4.816000000000000000e+03
5.616000000000000000e+03
4.283000000000000000e+03
6.321000000000000000e+03
4.636000000000000000e+03
5.531000000000000000e+03
4.714000000000000000e+03
6.589000000000000000e+03
6.383000000000000000e+03
6.210000000000000000e+03
5.327000000000000000e+03
6.340000000000000000e+03
4.194000000000000000e+03
5.350000000000000000e+03
4.792000000000000000e+03
4.671000000000000000e+03
4.751000000000000000e+03
5.717000000000000000e+03
4.338000000000000000e+03
4.529000000000000000e+03
6.672000000000000000e+03
5.139000000000000000e+03
6.023000000000000000e+03
6.568000000000000000e+03
4.949000000000000000e+03
5.562000000000000000e+03
5.169000000000000000e+03
5.766000000000000000e+03
4.812000000000000000e+03
4.945000000000000000e+03
6.747000000000000000e+03
4.682000000000000000e+03
6.542000000000000000e+03
4.131000000000000000e+03
5.194000000000000000e+03
5.788000000000000000e+03
5.148000000000000000e+03
5.380000000000000000e+03
4.906000000000000000e+03
5.075000000000000000e+03
5.036000000000000000e+03
4.943000000000000000e+03
6.287000000000000000e+03
6.517000000000000000e+03
4.928000000000000000e+03
6.356000000000000000e+03
6.345000000000000000e+03
4.696000000000000000e+03
6.322000000000000000e+03
6.028000000000000000e+03
5.798000000000000000e+03
5.299000000000000000e+03
6.610000000000000000e+03
6.313000000000000000e+03
6.180000000000000000e+03
5.494000000000000000e+03
4.548000000000000000e+03
5.366000000000000000e+03
5.528000000000000000e+03
4.508000000000000000e+03
5.425000000000000000e+03
4.551000000000000000e+03
5.422000000000000000e+03
5.511000000000000000e+03
4.590000000000000000e+03
6.693000000000000000e+03
4.629000000000000000e+03
5.680000000000000000e+03
4.789000000000000000e+03
4.147000000000000000e+03
5.816000000000000000e+03
5.395000000000000000e+03
5.982000000000000000e+03
4.499000000000000000e+03
6.444000000000000000e+03
4.446000000000000000e+03
4.206000000000000000e+03
5.806000000000000000e+03
5.347000000000000000e+03
4.398000000000000000e+03
4.646000000000000000e+03
4.539000000000000000e+03
6.166000000000000000e+03
6.360000000000000000e+03
4.198000000000000000e+03
6.302000000000000000e+03
4.660000000000000000e+03
6.245000000000000000e+03
6.692000000000000000e+03
6.543000000000000000e+03
5.401000000000000000e+03
5.108000000000000000e+03
4.278000000000000000e+03
6.780000000000000000e+03
4.613000000000000000e+03
5.716000000000000000e+03
5.757000000000000000e+03
6.349000000000000000e+03
5.663000000000000000e+03
6.327000000000000000e+03
5.602000000000000000e+03
5.010000000000000000e+03
4.133000000000000000e+03
4.098000000000000000e+03
6.189000000000000000e+03
4.121000000000000000e+03
6.181000000000000000e+03
4.783000000000000000e+03
5.949000000000000000e+03
5.931000000000000000e+03
4.413000000000000000e+03
6.064000000000000000e+03
4.234000000000000000e+03
5.265000000000000000e+03
6.534000000000000000e+03
4.820000000000000000e+03
6.663000000000000000e+03
6.204000000000000000e+03
5.796000000000000000e+03
5.443000000000000000e+03
5.812000000000000000e+03
4.104000000000000000e+03
5.772000000000000000e+03
5.298000000000000000e+03
6.239000000000000000e+03
5.563000000000000000e+03
4.199000000000000000e+03
6.447000000000000000e+03
6.465000000000000000e+03
5.696000000000000000e+03
5.078000000000000000e+03
5.508000000000000000e+03
5.500000000000000000e+03
5.839000000000000000e+03
5.641000000000000000e+03
5.943000000000000000e+03
5.048000000000000000e+03
5.769000000000000000e+03
4.883000000000000000e+03
6.214000000000000000e+03
4.860000000000000000e+03
4.919000000000000000e+03
6.046000000000000000e+03
4.383000000000000000e+03
4.106000000000000000e+03
4.316000000000000000e+03
4.563000000000000000e+03
4.144000000000000000e+03
4.461000000000000000e+03
4.518000000000000000e+03
5.475000000000000000e+03
5.339000000000000000e+03
4.624000000000000000e+03
4.489000000000000000e+03
5.091000000000000000e+03
6.537000000000000000e+03
6.538000000000000000e+03
4.238000000000000000e+03
4.535000000000000000e+03
5.007000000000000000e+03
4.936000000000000000e+03
4.525000000000000000e+03
4.643000000000000000e+03
6.301000000000000000e+03
6.557000000000000000e+03
6.755000000000000000e+03
6.083000000000000000e+03
6.797000000000000000e+03
4.126000000000000000e+03
5.465000000000000000e+03
6.173000000000000000e+03
5.147000000000000000e+03
6.090000000000000000e+03
6.442000000000000000e+03
5.549000000000000000e+03
4.478000000000000000e+03
6.398000000000000000e+03
4.739000000000000000e+03
5.784000000000000000e+03
5.144000000000000000e+03
6.314000000000000000e+03
6.111000000000000000e+03
6.728000000000000000e+03
4.267000000000000000e+03
4.494000000000000000e+03
6.395000000000000000e+03
6.709000000000000000e+03
4.381000000000000000e+03
6.784000000000000000e+03
5.899000000000000000e+03
5.103000000000000000e+03
4.746000000000000000e+03
4.477000000000000000e+03
5.530000000000000000e+03
5.446000000000000000e+03
5.332000000000000000e+03
4.842000000000000000e+03
5.354000000000000000e+03
5.638000000000000000e+03
5.694000000000000000e+03
4.971000000000000000e+03
5.057000000000000000e+03
5.074000000000000000e+03
6.480000000000000000e+03
5.750000000000000000e+03
6.469000000000000000e+03
5.953000000000000000e+03
5.568000000000000000e+03
4.458000000000000000e+03
5.393000000000000000e+03
4.402000000000000000e+03
6.485000000000000000e+03
6.768000000000000000e+03
4.268000000000000000e+03
4.767000000000000000e+03
5.537000000000000000e+03
6.134000000000000000e+03
6.688000000000000000e+03
5.867000000000000000e+03
6.193000000000000000e+03
4.285000000000000000e+03
5.001000000000000000e+03
4.886000000000000000e+03
5.207000000000000000e+03
4.963000000000000000e+03
6.428000000000000000e+03
4.472000000000000000e+03
4.445000000000000000e+03
4.284000000000000000e+03
5.674000000000000000e+03
5.342000000000000000e+03
4.953000000000000000e+03
5.076000000000000000e+03
6.677000000000000000e+03
4.982000000000000000e+03
4.279000000000000000e+03
5.053000000000000000e+03
4.140000000000000000e+03
4.896000000000000000e+03
4.720000000000000000e+03
6.058000000000000000e+03
5.037000000000000000e+03
6.124000000000000000e+03
6.054000000000000000e+03
6.772000000000000000e+03
4.737000000000000000e+03
5.811000000000000000e+03
4.208000000000000000e+03
6.416000000000000000e+03
4.747000000000000000e+03
6.567000000000000000e+03
5.070000000000000000e+03
5.679000000000000000e+03
4.379000000000000000e+03
5.414000000000000000e+03
5.017000000000000000e+03
4.423000000000000000e+03
5.747000000000000000e+03
6.390000000000000000e+03
6.375000000000000000e+03
4.989000000000000000e+03
4.273000000000000000e+03
6.199000000000000000e+03
5.813000000000000000e+03
5.703000000000000000e+03
4.694000000000000000e+03
4.977000000000000000e+03
4.096000000000000000e+03
6.484000000000000000e+03
5.615000000000000000e+03
6.570000000000000000e+03
4.345000000000000000e+03
5.753000000000000000e+03
5.045000000000000000e+03
5.250000000000000000e+03
5.502000000000000000e+03
4.687000000000000000e+03
4.707000000000000000e+03
6.657000000000000000e+03
5.390000000000000000e+03
5.382000000000000000e+03
6.025000000000000000e+03
5.067000000000000000e+03
5.490000000000000000e+03
4.437000000000000000e+03
4.444000000000000000e+03
4.844000000000000000e+03
5.149000000000000000e+03
4.930000000000000000e+03
6.238000000000000000e+03
5.349000000000000000e+03
5.341000000000000000e+03
4.752000000000000000e+03
5.831000000000000000e+03
4.577000000000000000e+03
5.551000000000000000e+03
4.095000000000000000e+03
5.976000000000000000e+03
5.619000000000000000e+03
6.427000000000000000e+03
5.707000000000000000e+03
4.806000000000000000e+03
4.835000000000000000e+03
4.343000000000000000e+03
6.063000000000000000e+03
6.412000000000000000e+03
5.240000000000000000e+03
4.328000000000000000e+03
5.604000000000000000e+03
5.636000000000000000e+03
4.567000000000000000e+03
4.086000000000000000e+03
4.364000000000000000e+03
5.040000000000000000e+03
5.320000000000000000e+03
6.288000000000000000e+03
5.556000000000000000e+03
4.150000000000000000e+03
4.191000000000000000e+03
5.294000000000000000e+03
4.600000000000000000e+03
5.289000000000000000e+03
6.413000000000000000e+03
6.800000000000000000e+03
6.606000000000000000e+03
5.486000000000000000e+03
4.519000000000000000e+03
6.257000000000000000e+03
6.623000000000000000e+03
6.791000000000000000e+03
5.195000000000000000e+03
4.300000000000000000e+03
5.489000000000000000e+03
5.186000000000000000e+03
6.044000000000000000e+03
5.659000000000000000e+03
5.283000000000000000e+03
4.762000000000000000e+03
6.394000000000000000e+03
5.823000000000000000e+03
5.313000000000000000e+03
5.934000000000000000e+03
4.700000000000000000e+03
5.466000000000000000e+03
4.432000000000000000e+03
4.360000000000000000e+03
6.460000000000000000e+03
4.496000000000000000e+03
6.366000000000000000e+03
4.691000000000000000e+03
6.157000000000000000e+03
4.488000000000000000e+03
5.137000000000000000e+03
5.476000000000000000e+03
6.152000000000000000e+03
4.838000000000000000e+03
5.282000000000000000e+03
4.781000000000000000e+03
4.976000000000000000e+03
5.235000000000000000e+03
4.794000000000000000e+03
6.486000000000000000e+03
5.656000000000000000e+03
5.252000000000000000e+03
6.532000000000000000e+03
5.672000000000000000e+03
5.337000000000000000e+03
5.515000000000000000e+03
4.661000000000000000e+03
4.204000000000000000e+03
4.881000000000000000e+03
5.884000000000000000e+03
4.224000000000000000e+03
5.309000000000000000e+03
4.828000000000000000e+03
6.656000000000000000e+03
5.152000000000000000e+03
5.956000000000000000e+03
5.633000000000000000e+03
5.573000000000000000e+03
6.593000000000000000e+03
4.410000000000000000e+03
6.644000000000000000e+03
4.111000000000000000e+03
5.848000000000000000e+03
4.995000000000000000e+03
4.263000000000000000e+03
6.150000000000000000e+03
5.930000000000000000e+03
4.312000000000000000e+03
5.518000000000000000e+03
5.805000000000000000e+03
5.642000000000000000e+03
5.447000000000000000e+03
6.690000000000000000e+03
4.249000000000000000e+03
4.176000000000000000e+03
5.118000000000000000e+03
6.483000000000000000e+03
4.323000000000000000e+03
5.270000000000000000e+03
5.396000000000000000e+03
6.049000000000000000e+03
6.431000000000000000e+03
6.039000000000000000e+03
4.926000000000000000e+03
5.906000000000000000e+03
6.277000000000000000e+03
6.207000000000000000e+03
6.047000000000000000e+03
4.750000000000000000e+03
5.946000000000000000e+03
4.532000000000000000e+03
6.324000000000000000e+03
4.365000000000000000e+03
4.978000000000000000e+03
5.099000000000000000e+03
5.612000000000000000e+03
6.544000000000000000e+03
5.662000000000000000e+03
4.174000000000000000e+03
6.565000000000000000e+03
5.199000000000000000e+03
4.380000000000000000e+03
4.085000000000000000e+03
4.406000000000000000e+03
5.436000000000000000e+03
5.574000000000000000e+03
4.791000000000000000e+03
4.556000000000000000e+03
6.614000000000000000e+03
6.729000000000000000e+03
4.843000000000000000e+03
4.183000000000000000e+03
5.229000000000000000e+03
5.168000000000000000e+03
5.998000000000000000e+03
4.262000000000000000e+03
6.450000000000000000e+03
4.462000000000000000e+03
5.488000000000000000e+03
6.643000000000000000e+03
5.825000000000000000e+03
4.422000000000000000e+03
5.773000000000000000e+03
4.686000000000000000e+03
4.639000000000000000e+03
4.148000000000000000e+03
4.231000000000000000e+03
5.181000000000000000e+03
4.589000000000000000e+03
5.986000000000000000e+03
4.566000000000000000e+03
4.664000000000000000e+03
5.021000000000000000e+03
5.958000000000000000e+03
4.677000000000000000e+03
5.864000000000000000e+03
6.409000000000000000e+03
5.895000000000000000e+03
5.032000000000000000e+03
4.706000000000000000e+03
5.134000000000000000e+03
5.407000000000000000e+03
5.400000000000000000e+03
4.818000000000000000e+03
6.040000000000000000e+03
4.369000000000000000e+03
4.740000000000000000e+03
5.126000000000000000e+03
6.730000000000000000e+03
6.115000000000000000e+03
4.617000000000000000e+03
5.497000000000000000e+03
6.045000000000000000e+03
6.260000000000000000e+03
4.356000000000000000e+03
6.701000000000000000e+03
6.197000000000000000e+03
5.579000000000000000e+03
4.175000000000000000e+03
5.314000000000000000e+03
4.819000000000000000e+03
6.265000000000000000e+03
5.306000000000000000e+03
5.534000000000000000e+03
6.520000000000000000e+03
5.733000000000000000e+03
5.146000000000000000e+03
5.433000000000000000e+03
5.444000000000000000e+03
6.142000000000000000e+03
4.837000000000000000e+03
4.985000000000000000e+03
5.529000000000000000e+03
6.116000000000000000e+03
6.105000000000000000e+03
5.111000000000000000e+03
6.715000000000000000e+03
5.089000000000000000e+03
5.385000000000000000e+03
5.916000000000000000e+03
6.580000000000000000e+03
4.757000000000000000e+03
4.250000000000000000e+03
5.852000000000000000e+03
6.185000000000000000e+03
6.603000000000000000e+03
4.939000000000000000e+03
6.342000000000000000e+03
4.481000000000000000e+03
5.131000000000000000e+03
5.559000000000000000e+03
4.773000000000000000e+03
5.455000000000000000e+03
5.987000000000000000e+03
6.387000000000000000e+03
4.634000000000000000e+03
5.258000000000000000e+03
4.118000000000000000e+03
5.362000000000000000e+03
5.827000000000000000e+03
6.499000000000000000e+03
6.622000000000000000e+03
6.454000000000000000e+03
4.901000000000000000e+03
4.994000000000000000e+03
4.659000000000000000e+03
4.400000000000000000e+03
4.517000000000000000e+03
6.024000000000000000e+03
4.742000000000000000e+03
6.496000000000000000e+03
5.369000000000000000e+03
5.991000000000000000e+03
6.754000000000000000e+03
5.138000000000000000e+03
4.761000000000000000e+03
4.591000000000000000e+03
4.825000000000000000e+03
5.122000000000000000e+03
6.099000000000000000e+03
6.500000000000000000e+03
6.223000000000000000e+03
5.761000000000000000e+03
4.690000000000000000e+03
5.838000000000000000e+03
4.909000000000000000e+03
4.726000000000000000e+03
5.901000000000000000e+03
5.049000000000000000e+03
6.600000000000000000e+03
6.698000000000000000e+03
5.657000000000000000e+03
4.260000000000000000e+03
6.270000000000000000e+03
4.681000000000000000e+03
6.262000000000000000e+03
5.939000000000000000e+03
4.873000000000000000e+03
5.572000000000000000e+03
5.887000000000000000e+03
6.352000000000000000e+03
5.024000000000000000e+03
4.169000000000000000e+03
5.881000000000000000e+03
5.346000000000000000e+03
4.857000000000000000e+03
5.371000000000000000e+03
4.897000000000000000e+03
4.854000000000000000e+03
4.808000000000000000e+03
4.319000000000000000e+03
4.430000000000000000e+03
4.391000000000000000e+03
4.294000000000000000e+03
5.734000000000000000e+03
6.053000000000000000e+03
4.588000000000000000e+03
6.752000000000000000e+03
5.426000000000000000e+03
4.741000000000000000e+03
6.315000000000000000e+03
6.479000000000000000e+03
5.910000000000000000e+03
5.445000000000000000e+03
5.883000000000000000e+03
5.532000000000000000e+03
6.778000000000000000e+03
4.124000000000000000e+03
5.224000000000000000e+03
6.330000000000000000e+03
4.158000000000000000e+03
6.263000000000000000e+03
4.281000000000000000e+03
5.786000000000000000e+03
6.408000000000000000e+03
5.701000000000000000e+03
6.674000000000000000e+03
5.413000000000000000e+03
5.068000000000000000e+03
5.945000000000000000e+03
6.317000000000000000e+03
5.715000000000000000e+03
4.888000000000000000e+03
5.056000000000000000e+03
6.642000000000000000e+03
4.547000000000000000e+03
6.549000000000000000e+03
4.490000000000000000e+03
5.699000000000000000e+03
5.295000000000000000e+03
6.067000000000000000e+03
6.297000000000000000e+03
6.078000000000000000e+03
5.658000000000000000e+03
6.126000000000000000e+03
5.944000000000000000e+03
4.635000000000000000e+03
5.227000000000000000e+03
5.310000000000000000e+03
4.753000000000000000e+03
6.452000000000000000e+03
4.846000000000000000e+03
4.948000000000000000e+03
4.650000000000000000e+03
4.438000000000000000e+03
4.468000000000000000e+03
4.779000000000000000e+03
5.595000000000000000e+03
6.592000000000000000e+03
4.214000000000000000e+03
4.501000000000000000e+03
5.408000000000000000e+03
4.123000000000000000e+03
4.301000000000000000e+03
5.752000000000000000e+03
6.311000000000000000e+03
4.749000000000000000e+03
6.563000000000000000e+03
4.609000000000000000e+03
6.368000000000000000e+03
5.695000000000000000e+03
4.554000000000000000e+03
5.290000000000000000e+03
4.089000000000000000e+03
4.241000000000000000e+03
4.668000000000000000e+03
5.114000000000000000e+03
4.185000000000000000e+03
5.473000000000000000e+03
6.136000000000000000e+03
5.211000000000000000e+03
5.711000000000000000e+03
6.139000000000000000e+03
6.108000000000000000e+03
5.749000000000000000e+03
6.767000000000000000e+03
4.366000000000000000e+03
4.368000000000000000e+03
4.988000000000000000e+03
5.607000000000000000e+03
5.885000000000000000e+03
4.867000000000000000e+03
4.887000000000000000e+03
6.206000000000000000e+03
5.778000000000000000e+03
6.511000000000000000e+03
4.582000000000000000e+03
5.288000000000000000e+03
5.120000000000000000e+03
5.437000000000000000e+03
5.363000000000000000e+03
4.898000000000000000e+03
4.788000000000000000e+03
6.710000000000000000e+03
4.999000000000000000e+03
4.611000000000000000e+03
6.539000000000000000e+03
6.133000000000000000e+03
4.557000000000000000e+03
6.671000000000000000e+03
4.931000000000000000e+03
6.702000000000000000e+03
4.259000000000000000e+03
4.685000000000000000e+03
5.646000000000000000e+03
5.273000000000000000e+03
6.289000000000000000e+03
6.003000000000000000e+03
4.362000000000000000e+03
6.510000000000000000e+03
4.877000000000000000e+03
5.312000000000000000e+03
6.422000000000000000e+03
5.107000000000000000e+03
5.478000000000000000e+03
5.198000000000000000e+03
7.828000000000000000e+03
7.850000000000000000e+03
7.950000000000000000e+03
7.658000000000000000e+03
7.541000000000000000e+03
7.659000000000000000e+03
7.741000000000000000e+03
7.673000000000000000e+03
7.849000000000000000e+03
7.562000000000000000e+03
7.787000000000000000e+03
7.547000000000000000e+03
7.732000000000000000e+03
7.743000000000000000e+03
7.747000000000000000e+03
7.624000000000000000e+03
7.833000000000000000e+03
7.792000000000000000e+03
7.548000000000000000e+03
7.740000000000000000e+03
7.999000000000000000e+03
7.706000000000000000e+03
7.791000000000000000e+03
7.756000000000000000e+03
7.607000000000000000e+03
7.628000000000000000e+03
7.652000000000000000e+03
7.764000000000000000e+03
7.612000000000000000e+03
7.698000000000000000e+03
7.540000000000000000e+03
7.942000000000000000e+03
7.734000000000000000e+03
7.714000000000000000e+03
7.625000000000000000e+03
7.775000000000000000e+03
7.553000000000000000e+03
7.772000000000000000e+03
7.921000000000000000e+03
7.639000000000000000e+03
7.783000000000000000e+03
7.983000000000000000e+03
7.719000000000000000e+03
7.913000000000000000e+03
7.796000000000000000e+03
7.694000000000000000e+03
7.681000000000000000e+03
7.749000000000000000e+03
7.554000000000000000e+03
7.919000000000000000e+03
7.644000000000000000e+03
7.671000000000000000e+03
7.771000000000000000e+03
7.941000000000000000e+03
7.866000000000000000e+03
7.991000000000000000e+03
7.633000000000000000e+03
7.832000000000000000e+03
7.959000000000000000e+03
7.710000000000000000e+03
7.823000000000000000e+03
7.605000000000000000e+03
7.970000000000000000e+03
7.727000000000000000e+03
7.630000000000000000e+03
7.885000000000000000e+03
7.543000000000000000e+03
7.650000000000000000e+03
7.750000000000000000e+03
7.651000000000000000e+03
7.831000000000000000e+03
7.858000000000000000e+03
7.550000000000000000e+03
7.774000000000000000e+03
7.776000000000000000e+03
7.721000000000000000e+03
7.760000000000000000e+03
7.965000000000000000e+03
7.556000000000000000e+03
7.528000000000000000e+03
7.896000000000000000e+03
7.778000000000000000e+03
7.534000000000000000e+03
7.758000000000000000e+03
7.702000000000000000e+03
7.977000000000000000e+03
7.933000000000000000e+03
7.683000000000000000e+03
7.926000000000000000e+03
7.808000000000000000e+03
7.666000000000000000e+03
7.619000000000000000e+03
7.574000000000000000e+03
7.894000000000000000e+03
7.542000000000000000e+03
7.914000000000000000e+03
7.947000000000000000e+03
7.957000000000000000e+03
7.954000000000000000e+03
7.951000000000000000e+03
7.825000000000000000e+03
7.564000000000000000e+03
7.627000000000000000e+03
7.634000000000000000e+03
7.907000000000000000e+03
7.925000000000000000e+03
7.648000000000000000e+03
7.799000000000000000e+03
7.685000000000000000e+03
7.966000000000000000e+03
7.524000000000000000e+03
7.720000000000000000e+03
7.884000000000000000e+03
7.788000000000000000e+03
7.990000000000000000e+03
7.910000000000000000e+03
7.608000000000000000e+03
7.567000000000000000e+03
7.638000000000000000e+03
7.591000000000000000e+03
7.929000000000000000e+03
7.838000000000000000e+03
7.717000000000000000e+03
7.684000000000000000e+03
7.767000000000000000e+03
7.674000000000000000e+03
7.606000000000000000e+03
7.805000000000000000e+03
7.645000000000000000e+03
7.657000000000000000e+03
7.865000000000000000e+03
7.886000000000000000e+03
7.854000000000000000e+03
7.777000000000000000e+03
7.924000000000000000e+03
7.988000000000000000e+03
7.937000000000000000e+03
7.744000000000000000e+03
7.789000000000000000e+03
7.770000000000000000e+03
7.582000000000000000e+03
7.880000000000000000e+03
7.529000000000000000e+03
7.693000000000000000e+03
7.746000000000000000e+03
7.715000000000000000e+03
7.870000000000000000e+03
7.670000000000000000e+03
7.662000000000000000e+03
7.637000000000000000e+03
7.790000000000000000e+03
7.889000000000000000e+03
7.873000000000000000e+03
7.716000000000000000e+03
7.695000000000000000e+03
7.851000000000000000e+03
7.968000000000000000e+03
7.888000000000000000e+03
7.699000000000000000e+03
7.647000000000000000e+03
7.692000000000000000e+03
7.737000000000000000e+03
7.679000000000000000e+03
7.976000000000000000e+03
7.980000000000000000e+03
7.665000000000000000e+03
7.997000000000000000e+03
7.762000000000000000e+03
7.974000000000000000e+03
7.640000000000000000e+03
7.672000000000000000e+03
7.602000000000000000e+03
7.677000000000000000e+03
7.989000000000000000e+03
7.795000000000000000e+03
7.855000000000000000e+03
7.587000000000000000e+03
7.755000000000000000e+03
7.856000000000000000e+03
7.635000000000000000e+03
7.708000000000000000e+03
7.557000000000000000e+03
7.944000000000000000e+03
7.609000000000000000e+03
7.898000000000000000e+03
7.804000000000000000e+03
7.978000000000000000e+03
7.603000000000000000e+03
7.660000000000000000e+03
7.899000000000000000e+03
7.711000000000000000e+03
7.879000000000000000e+03
7.853000000000000000e+03
7.664000000000000000e+03
7.753000000000000000e+03
7.934000000000000000e+03
7.874000000000000000e+03
7.722000000000000000e+03
7.522000000000000000e+03
7.729000000000000000e+03
7.948000000000000000e+03
7.953000000000000000e+03
7.835000000000000000e+03
7.586000000000000000e+03
7.903000000000000000e+03
7.632000000000000000e+03
7.975000000000000000e+03
7.811000000000000000e+03
7.643000000000000000e+03
7.616000000000000000e+03
7.785000000000000000e+03
7.581000000000000000e+03
7.728000000000000000e+03
7.859000000000000000e+03
7.646000000000000000e+03
7.812000000000000000e+03
8.000000000000000000e+03
7.814000000000000000e+03
7.842000000000000000e+03
7.759000000000000000e+03
7.668000000000000000e+03
7.985000000000000000e+03
7.822000000000000000e+03
7.920000000000000000e+03
7.575000000000000000e+03
7.745000000000000000e+03
7.876000000000000000e+03
7.887000000000000000e+03
7.585000000000000000e+03
7.809000000000000000e+03
7.892000000000000000e+03
7.763000000000000000e+03
7.883000000000000000e+03
7.878000000000000000e+03
7.669000000000000000e+03
7.847000000000000000e+03
7.676000000000000000e+03
7.597000000000000000e+03
7.834000000000000000e+03
7.987000000000000000e+03
