   4.1434593470798982e+00
   4.4750993306911448e+00
   4.9032042909127220e+00
   7.6144586243940244e+00
   5.5539926541852971e+00
   3.1558366840911924e+00
   3.4420254683853164e+00
   5.5068324663805814e+00
   4.6179822190659952e+00
   4.7266925591981703e+00
   3.8142892588820403e+00
   5.1666466330744756e+00
   6.1218247075196599e+00
   7.7525551120002305e+00
   1.7971144909523056e+00
   4.5931533197553716e+00
   1.2325260197930648e+01
   2.7987216958653627e+00
   4.9701674745968747e+00
   2.9570820661683124e+00
   3.0311513320073167e+00
   2.5420874035931980e+00
   7.9330615499005299e+00
   3.9649004246117108e+00
   1.7412620484289203e+00
   1.1985679763714478e+01
   4.6440548067283265e+00
   3.0216910462171267e+00
   3.0497368106019622e+00
   4.0631935862917876e+00
   2.5293448387726558e+00
   3.5213241632976660e+00
   3.4040106770142362e+00
   5.7138728606690288e+00
   4.1794686940437673e+00
   3.7835897369909803e+00
   3.2140030022946742e+00
   4.4848866226856101e+00
   4.1983624791882752e+00
   7.3314173861206209e+00
   6.7705957256537781e+00
   6.1193322815814932e+00
   5.3123820170612417e+00
   7.2197173934788941e+00
   5.6792430772097209e+00
   2.6577192902635018e+00
   5.1438766063436896e+00
   2.2546265857560837e+00
   5.3893507910337348e+00
   2.4001192304490813e+00
   5.2561073034446135e+00
   1.9747394824718245e+00
   3.9371833406930810e+00
   4.0623924650393928e+00
   1.1132415226859314e+00
   3.0541571722235927e+00
   3.4523068801812773e+00
   7.2636440963013085e+00
   6.1079477277732908e+00
   7.4798058398575753e+00
   5.2261620053722684e+00
   3.3940755433048353e+00
   4.8871263997246528e+00
   5.8239132160534313e+00
   4.9479556341498583e+00
   4.1086281706483270e+00
   3.7984893271304832e+00
   4.4137152194701814e+00
   3.5762074837241302e+00
   4.0110754675385616e+00
   4.0878063027661549e+00
   2.5088685163947568e+00
   5.1116125569497362e+00
   6.9693253206705235e+00
   2.8569627175702808e+00
   7.9410497492786769e+00
   5.2814009843210812e+00
   3.0445835755761004e+00
   4.5855951569948008e+00
   2.5187876116607382e+00
   1.5296413908795989e+01
   6.6626611187787894e+00
   7.7603146646022525e+00
   7.6013422014860481e+00
   4.8190665381680420e+00
   5.1731731815062671e+00
   3.7440715281379893e+00
   6.9829779878927400e+00
   2.8876283693631239e+00
   3.9866070609490398e+00
   4.7490447137125598e+00
   3.0260196389161620e+00
   6.2535356356940683e+00
   3.4993992755866841e+00
   6.2565786961728902e+00
   4.0936912163036583e+00
   6.4827649961502187e+00
   5.0727136794337655e+00
   5.1833596758243692e+00
   2.2561095283500041e+00
   4.6794957563105744e+00
   4.5391819203028190e+00
   2.6962221810993672e+00
   2.7152338700021601e+00
   7.6524777650437761e+00
   2.7833624024339616e+00
   5.6077639759669253e+00
   6.7624670039004373e+00
   4.6901580287989955e+00
   3.2367242379196806e+00
   8.3135069859888784e+00
   3.6199928191948589e+00
   4.4497223109843382e+00
   5.1388851640872710e+00
   7.0289920679579563e+00
   3.8391773581307174e+00
   5.3931022747570934e+00
   5.5853364058217601e+00
   3.2611569280722179e+00
   1.5072792534295814e+00
   5.3470351432995713e+00
   3.5492802995400861e+00
   2.5110253543127934e+00
   5.1375293312581851e+00
   2.6147060904522195e+00
   5.7770496128200870e+00
   1.9214103870816972e+00
   3.9800847959515639e+00
   3.4695189291553898e+00
   2.7219752248905569e+00
   3.1601777412446737e+00
   6.1909949029943618e+00
   2.1416207500604245e+00
   1.2008348829306867e+00
   4.1551286270637258e+00
   2.6711660182536274e+00
   4.0955764172087772e+00
   4.7767378740855575e+00
   3.2210881114937235e+00
   5.1359836701572803e+00
   6.2318373522261892e+00
   5.1042852727880037e+00
   6.1352586067599004e+00
   4.4134658578534705e+00
   3.3752897259305885e+00
   3.8080200228156902e+00
   2.4750415148620020e+00
   3.8518066810052414e+00
   3.3082338015865123e+00
   4.9856876577607192e+00
   2.7728347902054611e+00
   4.7989546681578830e+00
   8.6127094743328687e+00
   3.9952500332419123e+00
   3.8400228320094247e+00
   1.5785331486601212e+01
   8.2796724447249872e+00
   5.8342628285605240e+00
   9.9484288120988644e+00
   4.7794885981180766e+00
   4.6250418167997900e+00
   5.3493914930363271e+00
   3.3248164971821410e+00
   6.7720295515578801e+00
   1.1631913965922149e+00
   3.3366625229998284e+00
   8.8452992517604514e+00
   2.9467018713463649e+00
   4.3312761740521699e+00
   9.1170653725701687e+00
   7.2776560883067898e+00
   7.4587569498479107e+00
   7.5615532098247176e+00
   5.9017400066009529e+00
   2.7244075429249421e+00
   4.2908359461703345e+00
   6.9705107403936850e+00
   6.3900135507878906e+00
   4.9518117157333794e+00
   6.3277637554990269e+00
   3.9051124542714279e+00
   3.5107224565079793e+00
   5.5675432253267862e+00
   6.2058255650232663e+00
   4.8453076783250886e+00
   9.3907917758717829e+00
   8.1577995272941575e+00
   7.5162278814906553e+00
   4.3091650114169973e+00
   6.7741423536428931e+00
   7.6596040971070254e+00
   1.9693752416416546e+00
   7.2046624519615987e+00
   2.9177431136624503e+00
   4.3355856417450145e+00
   4.6801289511108264e+00
   6.1046413058770490e+00
   4.1855150999050297e+00
   6.3785365742789413e+00
   4.9289767545778895e+00
   3.1614950167692175e+00
   1.7205959658371368e+00
   2.1493341162158139e+00
   1.0176089161812927e+01
   9.1155065930948247e+00
   7.1424803116913971e+00
   4.5775298066045114e+00
   3.4133675676383759e+00
   3.5065115361824475e+00
   2.4152370785984867e+00
   4.8712764842852438e+00
   2.2174437733692329e+00
   4.4672855912149583e+00
   8.4944631330836948e+00
   3.7395685541957642e+00
   3.0581301235322971e+00
   3.2824894239686357e+00
   3.8004718277067724e+00
   3.6925189683512318e+00
   2.8820349869773221e+00
   7.4938286324623062e+00
   5.1270612689711932e+00
   4.1966864424701722e+00
   6.7825583174448960e+00
   1.7218833715118973e+00
   6.6913251425211193e+00
   5.6860753225255669e+00
   5.9102322288956088e+00
   7.7972995255402964e+00
   7.3211651052621036e+00
   5.7152150365316645e+00
   3.5851226442028667e+00
   5.2733317542853237e+00
   5.9470784986651353e+00
   1.2878950386490648e+00
   2.8810140451713075e+00
   6.3491190302533447e+00
   1.7652476235741359e+00
   6.3845028505016712e+00
   4.6537796926959532e+00
   7.0909630105271457e+00
   1.9093661455267692e+00
   3.3178416009369589e+00
   8.1563571329107898e+00
   6.7706571232719890e+00
   2.5877681934957981e+00
   2.1271246284826546e+00
   6.9777179162762408e+00
   5.1558406206935450e+00
   3.2055705582668050e+00
   7.9531027197324260e+00
   4.8728617400013485e+00
   4.5651925251772028e+00
   4.5252950559201413e+00
   2.1139019260436060e+00
   5.1276037120306421e+00
   2.8414813585944825e+00
   1.2029048115690255e+00
   7.5628487425119939e+00
   5.2228837053216521e+00
   1.1963842575673757e+01
   3.7525440157965764e+00
   3.4176930792763165e+00
   7.1399933961029642e+00
   7.7005312763416107e+00
   2.4201658870221987e+00
   3.3226223353101330e+00
   5.4457896241882793e+00
   4.3802541935292894e+00
   7.2249355688114294e+00
   3.5989709549046283e+00
   5.1828620957688480e+00
   5.6818923416554616e+00
   4.5416132368003321e+00
   7.2944285601755414e+00
   6.4861850433342809e+00
   4.4817039106412935e+00
   3.6619966928438936e+00
   6.7852611252099964e+00
   5.3952486866937317e+00
   7.1819140557548238e+00
   2.2640179969643053e+00
   5.7122146611245048e+00
   3.1071035874373165e+00
   6.7196745832322824e+00
   8.6901836314154703e+00
   3.8600862405574978e+00
   2.8850027819457265e+00
   8.8649618800630687e+00
   4.3064954310858123e+00
   5.1427000765679134e+00
   8.2832864571659854e+00
   4.5839976814677454e+00
   9.4939168068814066e+00
   4.4680448684068397e+00
   7.3429886538514406e+00
   5.3345374940184298e+00
   2.6010039497265285e+00
   6.8903146597870295e+00
   3.6482944084179305e+00
   3.8077591712727652e+00
   4.5485578632061090e+00
   9.3774953886745465e+00
   4.2038859429821942e+00
   4.2154724560669647e+00
   4.5191319456321732e+00
   9.3440669089628603e+00
   3.3856933070411666e+00
   2.9292985982394995e+00
   8.2057694056140686e+00
   5.5794466354314789e+00
   6.9382363589635103e+00
   7.8861381201066081e+00
   4.8182048189107993e+00
   2.0275056990301277e+00
   4.9762753892612066e+00
   5.6061747565364488e+00
   3.4841052079815733e+00
   5.2669510628601390e+00
   1.0515703059654465e+01
   3.3130726522011025e+00
   3.4562480357271896e+00
   2.8100325145060854e+00
   4.5608668922812736e+00
   6.4261569403233452e+00
   4.7235169623494544e+00
   2.1412469244671262e+00
   5.1822023549104426e+00
   9.9197598686363566e+00
   4.2484935581125969e+00
   2.4093983124458296e+00
   3.5812322709037407e+00
   9.1121014090604486e+00
   3.0804686244282284e+00
   5.8629676821312176e+00
   7.1092354545483714e+00
   6.7824075610875241e+00
   3.6482020777545205e+00
   2.9671394854106490e+00
   5.1269762668646583e+00
   2.2754779891067218e+00
   4.6502701976032705e+00
   6.0837193579384703e+00
   9.6152369422521122e+00
   2.7537846287408874e+00
   3.7721521376319385e+00
   4.6583850342883499e+00
   8.7266154006171810e+00
   4.2977532249475869e+00
   6.6848095065842781e+00
   2.4345620710375449e+00
   6.7732684225859865e+00
   4.6672494910241138e+00
   1.2720804352603102e+01
   2.3063775658642904e+00
   3.1427839423977542e+00
   5.3398776003344146e+00
   5.6852407988788940e+00
   8.6956110302652050e+00
   4.8841403361166540e+00
   4.0579528290816524e+00
   5.2327458638499982e+00
   4.6014678919958998e+00
   3.7986748581113403e+00
   3.6620967089698180e+00
   8.5164938811632975e+00
   3.9228110876964934e+00
   7.6399418395752585e+00
   4.1735153748002940e+00
   2.8113505547020639e+00
   4.4918403594762166e+00
   3.0822588744542321e+00
   2.9690445593560715e+00
   7.9598246980204754e+00
   4.6502223251156956e+00
   7.0108754918331568e+00
   9.7546576288579523e+00
   8.6656365323808764e+00
   4.7677771238068525e+00
   2.4159431030103851e+00
   3.2777416125417154e+00
   5.3470190751056048e+00
   4.4140119129897055e+00
   7.0130889632458491e+00
   4.3979562415121087e+00
   1.4505346659337066e+00
   2.1430229609952880e+00
   6.1678316996481968e+00
   2.5570345688402401e+00
   2.9286996380273020e+00
   2.5666782381107831e+00
   5.5580349109716023e+00
   5.4633663802592594e+00
   7.6004623286370192e+00
   2.5338142956174394e+00
   5.5635894800838024e+00
   3.8900192362534600e+00
   2.8916730844591907e+00
   2.3540081012372194e+00
   3.6247505670649729e+00
   3.4949088550829339e+00
   1.1183185611823729e+00
   4.1246222374454016e+00
   2.4540577271767972e+00
   3.1178601349156145e+00
   5.8097639957522071e+00
   4.5941090081110501e+00
   2.6148156192168721e+00
   3.6878602347361675e+00
   6.3915690564690077e+00
   6.5267056689636700e+00
   3.2902190737587973e+00
   5.2323428036350714e+00
   6.0369946079165855e+00
   2.4426958655002431e+00
   8.6524988269767071e+00
   4.7419031626807300e+00
   7.6344230425321253e+00
   3.2226057967047357e+00
   3.9300398944984227e+00
   9.6832176696010759e+00
   5.6093782832317665e+00
   5.9958858907231329e+00
   3.8943442596501239e+00
   1.0646190049131052e+01
   4.3645740977677985e+00
   7.1959213148157417e+00
   6.0026145276352132e+00
   8.3223815341139389e+00
   2.6133181728394956e+00
   6.3934999352037760e+00
   5.4446093035167893e+00
   3.7858394027467601e+00
   5.9488283728034483e+00
   5.5220215910740151e+00
   4.5771226225338895e+00
   3.7173603718349510e+00
   3.6647379323675850e+00
   6.3421949704327378e+00
   5.3721967347073134e+00
   1.4963615972431450e+00
   2.8664500052727244e+00
   5.9508049257345785e+00
   4.6294348755024473e+00
   4.6320022254891589e+00
   1.3970601603147996e+00
   3.8792500158985836e+00
   6.8261278489402049e+00
   1.2448006912423679e+01
   7.6678530940803693e+00
   5.6750956469645857e+00
   3.1738384813648248e+00
   4.7423947301792326e+00
   2.8503357595247656e+00
   4.5462547643146394e+00
   4.3839659015200478e+00
   5.5750139532007532e+00
   4.5882697195381024e+00
   4.0427707108674902e+00
   8.0301684336097665e+00
   2.7157278819667030e+00
   6.8336178401984098e+00
   5.1693409496303566e+00
   5.7363564216198926e+00
   8.6815045750227586e+00
   2.6885697769930976e+00
   2.0193135724677669e+00
   2.7380466094316493e+00
   7.6881743244458605e+00
   4.4128472262687533e+00
   4.5873887733356380e+00
   2.9971904062948647e+00
   5.9031786011152567e+00
   5.6139025462188181e+00
   1.9764704402678761e+00
   3.9546977763069964e+00
   4.1427546057732121e+00
   5.4891437677152792e+00
   3.7529866795448643e+00
   7.2438421012243444e+00
   3.2467486896461764e+00
   3.7778088334560960e+00
   4.1604081639476762e+00
   6.5222691318516359e+00
   6.8019004414067750e+00
   5.7943895641394016e+00
   4.9232467789133949e+00
   5.0921487567585002e+00
   5.2510076882697625e+00
   6.2804419256969384e+00
   5.1353788677765690e+00
   3.5028511044538000e+00
   4.9687469418547243e+00
   6.2593000677066861e+00
   8.1280916902718232e+00
   8.3615162824015226e+00
   5.7695156839615898e+00
   4.3333397406073715e+00
   4.9093382008606081e+00
   4.9096519390006721e+00
   4.7248458971299394e+00
   1.2019134360075807e+01
   5.4684115484294766e+00
   6.3298233729491509e+00
   3.9886689497601129e+00
   6.4432447795075554e+00
   5.9126388726404500e+00
   3.8906411663609419e+00
   5.2218479474138286e+00
   5.3497357091988302e+00
   4.3648654996110228e+00
   5.3705397608199883e+00
   3.5764538890101090e+00
   6.2584527545074140e+00
   7.0029019418892542e+00
   4.4070932537518992e+00
   9.1725551644360408e+00
   8.0588809914038126e+00
   7.3700696737527265e+00
   5.0685705261841383e+00
   3.1135444551806053e+00
   4.6681036664549431e+00
   4.9577087307992480e+00
   4.3185958864856513e+00
   3.5674326618770298e+00
   5.6044593231201763e+00
   4.8496961617024938e+00
   2.4736427145220437e+00
   8.7031128936505056e+00
   7.2874996913407797e+00
   4.6305274544130155e+00
   5.6323540688279534e+00
   4.3513131672779259e+00
   4.1007492343957654e+00
   4.9568607861805898e+00
   3.7214828986453017e+00
   2.6499475050016792e+00
   4.6866411035406346e+00
   5.9524117136840777e+00
   3.3417147894850672e+00
   7.3319659733588285e+00
   5.1528955875749718e+00
   5.9763668004192088e+00
   6.6088493692821180e+00
   1.0331519017752953e+01
   4.1407205220701231e+00
   3.8779128596474974e+00
   4.1156755314471871e+00
   3.1746792000730331e+00
   5.1461422127659198e+00
   7.3975537791053467e+00
   3.6888884222964249e+00
   7.0996248110212292e+00
   4.0961935864815455e+00
   4.4403920063637159e+00
   7.9542399511249045e+00
   4.0076130892965676e+00
   2.8167639205986483e+00
   6.3503108948228446e+00
   4.5910089240060419e+00
   5.0052124646606213e+00
   7.4404609214400175e+00
   5.2000049968234601e+00
   1.8815129127893682e+00
   1.2855315009688242e+01
   4.1848640443168055e+00
   5.5663228053726668e+00
   3.9018195168176728e+00
   7.3809915260334842e+00
   4.8633789650211439e+00
   2.5268074249340642e+00
   3.2216405820969660e+00
   6.8566669482961125e+00
   4.6642422522976172e+00
   3.5721771568160747e+00
   5.1427785986264816e+00
   3.8345193189925326e+00
   4.1788939255902822e+00
   3.5883178515322620e+00
   6.2417627174000438e+00
   3.7135187209924596e+00
   5.1440453199477716e+00
   6.4908375223755073e+00
   5.4536226813012032e+00
   8.9033069351387173e+00
   5.2382934607406737e+00
   6.1503985593010349e+00
   5.1283859553484037e+00
   8.0713277533823540e+00
   7.9853152960750871e+00
   9.7355768710202870e+00
   8.2766891226058661e+00
   5.7014501405300217e+00
   2.7677538464255753e+00
   4.3537139008678825e+00
   1.9159823658992770e+00
   6.4099616055549129e+00
   2.6051646155179000e+00
   5.4731150559075692e+00
   1.7960813674253346e+00
   4.2123214589377715e+00
   1.4833414542981778e+00
   5.6743954296210717e+00
   4.4375970590441911e+00
   3.6739463056901034e+00
   2.7066441314139489e+00
   2.6071810321449065e+00
   3.6877426907751207e+00
   3.9466955741083733e+00
   3.7629063110576522e+00
   4.0768427786824359e+00
   4.3871775489004659e+00
   6.8357941876475659e+00
   4.7736622774763262e+00
   6.6424467142103802e+00
   8.8729019722299149e+00
   5.8826612056083007e+00
   3.2935607162182521e+00
   6.2583594672156133e+00
   1.5692183867677155e+01
   1.0061927889264064e+01
   6.7247377852166990e+00
   4.4461272209851845e+00
   3.3974173523731261e+00
   3.6095822242732174e+00
   2.3388901257574952e+00
   3.5479033017289194e+00
   7.2955516531844582e+00
   6.9683052924643301e+00
   5.8120805991898177e+00
   4.3728261401338484e+00
   1.2398207937512875e+00
   3.2902012027564989e+00
   4.8618758990478881e+00
   8.2753221427437662e+00
   5.4894746222956963e+00
   5.9596012674689325e+00
   9.3119039213066230e+00
   3.1666850818239016e+00
   2.2635606885525070e+00
   3.7448148993135919e+00
   3.4573075975441627e+00
   3.0344299867649611e+00
   6.2049118356067812e+00
   5.4935952670171009e+00
   2.9944185711575337e+00
   5.5331156268257979e+00
   5.3360795434593991e+00
   7.0121477527734770e+00
   2.7373230558676758e+00
   1.4957414396967681e+00
   4.2683266214997753e+00
   4.4154140104394060e+00
   4.5667127192621493e+00
   8.4326366082531727e+00
   4.3938276211666150e+00
   1.4679988298367024e+00
   9.4707355863714966e+00
   7.4005744974295427e+00
   6.5180747542113915e+00
   7.6305988840341783e+00
   7.6287734245577719e+00
   9.5887855939342581e-01
   5.2300818929710129e+00
   3.7018814776925537e+00
   7.7203240373449304e+00
   4.9330910318987442e+00
   7.6739968484012575e+00
   5.9985502466405993e+00
   3.3178957232150199e+00
   2.3767603529512988e+00
   2.4146838707355438e+00
   5.9735520218651708e+00
   1.9335598903550679e+00
   4.6269129812932182e+00
   4.3962137608303582e+00
   3.5095365317230427e+00
   8.0327798700783024e+00
   7.5833377179125421e+00
   3.3829353864760461e+00
   4.9148766282849206e+00
   6.5771930640182861e+00
   7.8718707798374750e+00
   4.8775565343443450e+00
   4.5946005203313209e+00
   7.0074525978698610e+00
   6.8086969506983497e+00
   8.6279098605331814e+00
   3.0666395824980479e+00
   2.4347753824491335e+01
   1.0619718299459644e+01
   2.4381322717885938e+00
   3.7622415179608772e+00
   4.0520281393671773e+00
   3.8162356306658438e+00
   6.0404279353602277e+00
   5.4690957228708070e+00
   9.7520492092181925e+00
   4.3446268966004933e+00
   7.9842156310122592e+00
   3.8068028343454556e+00
   2.4733620975711763e+00
   2.3019312191537167e+00
   5.5707300826899253e+00
   6.8631264520125272e+00
   3.7574863461163392e+00
   7.1074950796148499e+00
   3.1534608048415000e+00
   2.8268796673248833e+00
   4.2831952723172106e+00
   3.5194779286933575e+00
   8.3443229899743550e+00
   5.1981712895568322e+00
   3.4957523311540735e+00
   7.6395220821496608e+00
   4.0863053118162949e+00
   2.9017619859610924e+00
   2.7289686154192836e+00
   3.8506228913361134e+00
   3.9772752067464934e+00
   5.1542536184525600e+00
   2.7190352392579329e+00
   4.6435633203396689e+00
   2.5166950534097938e+00
   6.1643294860102182e+00
   4.7525082744180711e+00
   2.4228519960674499e+00
   4.1727302627657030e+00
   6.2188973198783248e+00
   3.9492485470027612e+00
   6.2760118705942975e+00
   5.1952867305712624e+00
   4.4167214208021450e+00
   4.3301809963464661e+00
   5.2912749995160171e+00
   3.8581540007391180e+00
   5.0927921832245726e+00
   7.7172541452931602e+00
   2.6779807775229920e+00
   2.6867851208532532e+00
   5.3613465827562354e+00
   4.4241138635467410e+00
   3.4987853598958152e+00
   4.9734368977925483e+00
   2.3177873249512180e+00
   2.7406748017384612e+00
   3.2532815519068703e+00
   3.7926465514580223e+00
   7.4114073878823179e+00
   3.3886224856570135e+00
   3.9725174958434644e+00
   8.1069281128866866e+00
   2.6839452167192515e+00
   3.2438896628360361e+00
   6.0449239407208877e+00
   3.9151457395367570e+00
   3.4720913657364072e+00
   1.1389501244383210e+01
   1.5032190229887890e+00
   2.9369374415795502e+00
   1.1415154165640223e+01
   4.7783564649706021e+00
   9.5756454227697301e+00
   4.5103663766090687e+00
   4.9886681563180755e+00
   4.1557288037362987e+00
   7.4496404835042380e+00
   3.3054756563369501e+00
   4.8331542691789231e+00
   4.5235817648069014e+00
   6.7414861650459263e+00
   2.1835725765739440e+00
   5.8714254483124639e+00
   2.5148338048351837e+00
   1.0227003219051513e+01
   4.0179519622422388e+00
   6.7568012422723163e+00
   2.0193505892095720e+00
   4.6278561151423814e+00
   6.5544263803535951e+00
   2.0383114544430803e+00
   4.8929350654637007e+00
   2.3325616792405368e+00
   3.2424912311724072e+00
   6.9603408761734489e+00
   4.2485876618443337e+00
   3.9294369552989519e+00
   3.5473499052586770e+00
   3.1273987927381377e+00
   2.7978876539855628e+00
   2.3329064285502694e+00
   3.0670468880029507e+00
   1.3767053820903967e+00
   3.3382786095398003e+00
   5.7927962402164468e+00
   2.5365850601947937e+00
   5.2118804688504277e+00
   4.1694970583735937e+00
   3.6636207107296999e+00
   6.4403905910256807e+00
   4.4768612986675089e+00
   3.3411954388677780e+00
   4.3571197668714055e+00
   3.1304170497763582e+00
   4.1273511090547172e+00
   5.3626654899526631e+00
   4.2829165010483567e+00
   2.1482244215629986e+00
   3.8135613642725530e+00
   5.4081113582657601e+00
   7.1011134276307573e+00
   5.6518878164073856e+00
   5.3611285752916729e+00
   4.2427085457609968e+00
   5.4380536947129903e+00
   8.0341815283840319e+00
   4.1013360502176397e+00
   2.1398734648481033e+00
   4.3728889745373136e+00
   5.5537948780040587e+00
   5.7808391504221754e+00
   2.3294971236227764e+00
   3.6507761409479076e+00
   6.2650657250116506e+00
   7.7783713794882612e+00
   3.1238202850520631e+00
   1.0635219367379332e+01
   1.1902096000225102e+00
   4.1683556777855291e+00
   3.6074738036143668e+00
   6.0308280730919552e+00
   4.5233291596214098e+00
   8.4854510398391572e+00
   6.1359856575973044e+00
   1.1619394470595339e+00
   5.8081465114180908e+00
   1.5310949031201269e+00
   7.1648866145112224e+00
   2.6024895510407200e+00
   4.2491901445159233e+00
   4.0297016348369805e+00
   4.3452221318119326e+00
   5.1715494213224824e+00
   4.2227344177425969e+00
   5.6173191619648470e+00
   4.4678231183741168e+00
   4.0294430024078487e+00
   3.2868453434406186e+00
   1.4890569628829249e+00
   5.0810611599811430e+00
   4.6830903343997123e+00
   4.2191092094443352e+00
   6.3015932060970439e+00
   1.3410458756965682e+00
   1.8067156327478306e+00
   4.0789968017999900e+00
   2.3237232534752432e+00
   4.2203432439653028e+00
   4.2734698958271942e+00
   4.8466479689065647e+00
   3.0267228367418877e+00
   4.7866187009502337e+00
   5.6218694761303878e+00
   8.1506925142990454e+00
   4.0985162106750295e+00
   4.8578547449165823e+00
   4.5098981063363341e+00
   6.3737487759583811e+00
   8.3865522589372947e+00
   1.0436135282251982e+01
   4.3279055844693115e+00
   5.7120244767516501e+00
   1.7971311013636950e+00
   2.0612794801061058e+00
   6.1831994624792150e+00
   5.3226384866315017e+00
   6.0480571413717499e+00
   6.2878118997260577e+00
   5.2553470285520225e+00
   6.9254371051578243e+00
   5.3551018923121330e+00
   3.5293758293222401e+00
   6.4848949524559290e+00
   3.0493274092553735e+00
   2.3558413288107749e+00
   6.3431860535859368e+00
   3.1765071798529796e+00
   2.3637367020770381e+00
   5.2111055802237134e+00
   5.0630585203173775e+00
   6.2603508122421063e+00
   5.6833581591761462e+00
   2.0992061193972558e+00
   6.0790236972658329e+00
   4.9946057931091623e+00
   4.8692807833574108e+00
   1.5507531085662341e+00
   3.0477119187991559e+00
   4.2956458937494384e+00
   4.1637212771650116e+00
   8.2742990763319231e+00
   7.7114695268740139e+00
   6.3104692823981567e+00
   9.6014872690973032e+00
   9.5617156898570670e+00
   9.3588647816704249e+00
   5.6900710998048929e+00
   6.5404485978094353e+00
   3.6263628248008710e+00
   5.2760170887244859e+00
   6.9090262914679714e+00
   6.1072220195348486e+00
   5.5081827771853362e+00
   5.4181856329292755e+00
   9.8717774333110531e-01
   3.9619922104816907e+00
   2.5318547919753205e+00
   5.5399354890054813e+00
   6.4215932169277359e+00
   1.0217655424149207e+01
   5.2543502018187898e+00
   8.6431565369935157e+00
   9.8189370358780703e+00
   6.9697575947750661e+00
   5.3289057537338484e+00
   6.2127277068186926e+00
   2.9639629215583887e+00
   3.7961898445137052e+00
   2.2194263575633455e+00
   3.3600613837548434e+00
   8.4490848832554732e+00
   5.6134843716811842e+00
   3.2198261663155843e+00
   6.3256856604040266e+00
   3.9616193981286396e+00
   6.4026727559726853e+00
   1.1298792403487583e+00
   4.7661917149642274e+00
   5.0163659212324170e+00
   2.2475346095088420e+00
   5.3923013130299164e+00
   1.2738157855510449e+01
   3.1190931635771326e+00
   2.0585267366798345e+00
   5.0857511143903835e+00
   2.8538676631618460e+00
   8.5880797526232833e+00
   2.0370195941304523e+00
   2.5465766993977113e+00
   7.6002138768590690e+00
   4.7600084675901302e+00
   7.4198488279791244e+00
   1.5635955533683139e+00
   3.8396404265141180e+00
   6.4042726388077034e+00
   6.1382695937847007e+00
   6.8070332495520161e+00
   3.0547959971206162e+00
   5.7748192137753067e+00
   4.6296985927235683e+00
   6.7508436684885931e+00
   3.0289358293519801e+00
   2.5342718119904597e+00
   5.5751442154687778e+00
   1.0133568744861849e+01
   2.9114076130003856e+00
   2.2430056532921170e+00
   4.5875003246803683e+00
   4.7698084741171467e+00
   2.6675763150770337e+00
   2.6057381547437899e+00
   4.4873508830500874e+00
   8.4965679273849819e+00
   3.6022333282198233e+00
   8.4363813960768717e+00
   2.3950403607898783e+00
   3.5082846534367622e+00
   7.9271372984281347e+00
   1.2667644844828656e+01
   6.7609321891548539e+00
   4.5498017580355246e+00
   5.1656397059275108e+00
   1.6806309072163643e+00
   4.5358126435746220e+00
   1.1835712749848355e+01
   9.4409255380542998e+00
   2.8735894022692734e+00
   5.4862546258247473e+00
   2.5822033416998877e+00
   3.3914644315831306e+00
   1.1710289779286706e+01
   2.2981216410912308e+00
   2.9583815540354186e+00
   4.0959549209925203e+00
   6.6098344849246926e+00
   3.8656624857386683e+00
   3.0916292804484025e+00
   3.3921314068616342e+00
   4.0039692218788465e+00
   3.3391943441492131e+00
   3.5802013250107789e+00
   2.8699133019227325e+00
   4.6435630688053751e+00
   6.2641905206324422e-01
   2.5954394104557936e+00
   5.4063423463693683e+00
   9.5080643999985330e+00
   2.8279996785616106e+00
   5.5318822229658293e+00
   7.4507805914920917e+00
   4.6702024577653631e+00
   1.6936539721654964e+00
   3.6248351252012578e+00
   2.9084008532748560e+00
   6.0741099433029442e+00
   4.1868210470998921e+00
   5.3205876795183302e+00
   4.1604988337519071e+00
   4.5660619699238980e+00
   3.9013068533477102e+00
   2.4491057842048773e+00
   7.2045166335847810e+00
   5.1431475302135485e+00
   6.5810707810929374e+00
   8.2945324831741551e+00
   3.9554461396201983e+00
   3.2534706020485942e+00
   3.1736109445880114e+00
   5.0188731288096733e+00
   2.2602858666442076e+00
   6.1221013513334084e+00
   3.8963228648784738e+00
   5.9274211231317944e+00
   2.8623311741977915e+00
   7.3535972344172498e+00
   4.6409703875420778e+00
   5.7822361470688373e+00
   4.1203437263571532e+00
   5.6685161698419302e+00
   3.6472782680205889e+00
   6.9614622640311108e+00
   6.2679216426406548e+00
   7.0142367192117341e+00
   4.8477344139637202e+00
   3.6118361932508276e+00
   6.1908626567946827e+00
   2.6169808977508136e+00
   3.9298815011977051e+00
   3.8447472095469242e+00
   6.6372380399931350e+00
   4.5677139259155020e+00
   4.6630403339735498e+00
   2.4963240421820139e+00
   2.8573324817050230e+00
   3.0284888795269342e+00
   4.6314819728177756e+00
   3.9838228495442460e+00
   6.9725113696932919e+00
   5.3426002130491881e+00
   5.6718776206603474e+00
   6.2674024520907547e+00
   3.9881577408993802e+00
   3.6165529364994597e+00
   3.4455487176512083e+00
   8.3288860821723727e+00
   3.7439756822990593e+00
   3.8267895749545611e+00
   5.4443320920839113e+00
   3.6914259797887654e+00
   4.4204555252461217e+00
   7.1876218635241580e+00
   1.7732594433077797e+00
   5.5209465729287590e+00
   3.9944629337627933e+00
   3.8754252702829182e+00
   4.9249611277209935e+00
   4.0914513852736851e+00
   4.9729362212618637e+00
   5.2689189430942687e+00
   3.0275321793654166e+00
   2.3017499419711562e+00
   1.6718390435286763e+00
   4.8950808386764111e+00
   5.7026332638239472e+00
   6.0322442628339479e+00
   6.7713312446329352e+00
   4.4513811517612378e+00
   3.5576537495204481e+00
   2.7939953085221831e+00
   4.1944001923180183e+00
   6.7719987966911210e+00
   4.1590295279972702e+00
   3.7634359487156641e+00
   4.1091697082264762e+00
   5.2504038419219299e+00
   5.1174505058434789e+00
   5.2436789764541558e+00
   6.2956429975471453e+00
   4.9339083012005087e+00
   5.0018771314275261e+00
   5.0946985345970894e+00
   5.0518772175815263e+00
   5.0707382305334106e+00
   2.2138893314079655e+00
   8.0116530424187538e+00
   4.7189160206091989e+00
   1.1252228828435100e+00
   3.6766080945925088e+00
   2.6200728570131062e+00
   4.8881778379751433e+00
   1.7856203453398700e+00
   7.0655119071099799e+00
   7.2933717898457049e+00
   3.6471657974361724e+00
   5.4207376488579015e+00
   3.5855145340062022e+00
   4.4769908550519943e+00
   9.4254365762282237e+00
   1.4273352201891618e+00
   4.8757852599790032e+00
   6.0548194229502936e+00
   5.6568483897877595e+00
   4.2803738184817002e+00
   4.5957614809276226e+00
   1.0800785710151160e+01
   1.0692329797896294e+01
   3.3996372962582866e+00
   5.8618774164128427e+00
   4.9094747780281063e+00
   4.7864009704432755e+00
   6.8860870484424614e+00
   8.5411852648756170e+00
   7.2129173772217019e+00
   5.6876784852815021e+00
   1.9027872714804859e+00
   1.2209709504110490e+01
   4.2473317574181229e+00
   8.8919129223804738e+00
   3.3742240484734962e+00
   2.3340124930539843e+00
   4.3908545774177599e+00
   9.4706274303603379e+00
   2.4758901556792474e+00
   2.6569950809795464e+00
   8.7928408731825414e+00
   4.2501290269639069e+00
   7.7633766252559457e+00
   2.5404349319789907e+00
   3.7321574900225878e+00
   8.2843674971555696e+00
   2.5556697979484135e+00
   8.8104012682642487e+00
   3.1042393305590088e+00
   4.1327715356988977e+00
   5.4530593107544991e+00
   6.6727993917755235e+00
   3.8700191368309635e+00
   4.6890389205548866e+00
   5.3323346300832508e+00
   7.0080984371280310e+00
   3.6674142219580155e+00
   1.5154189065973653e+00
   6.3015808884270497e+00
   1.6013001920866197e+00
   4.4379410723728112e+00
   4.9439777130473326e+00
   3.5006438460101728e+00
   4.1331591901757339e+00
   7.5759386644137177e+00
   5.3155549701700897e+00
   9.4607176876422940e+00
   2.1326039688408218e+00
   2.9153121135316682e+00
   7.7830142610583968e+00
   3.2097156921268959e+00
   7.0776452607923623e+00
   5.6760307035370010e+00
   3.7985742278727135e+00
   6.4243186017858580e+00
   4.0581157786684559e+00
   1.9649265977795098e+00
   3.8783764420089510e+00
   1.7660684875181307e+00
   5.0602296393496138e+00
   8.5873845538592057e+00
   5.4578930100369574e+00
   8.9723075036804758e+00
   2.5774498701298065e+00
   1.8413948842933829e+00
   3.3217405044040516e+00
   6.4020569727925398e+00
   6.6540891887732228e+00
   5.4766454951743011e+00
   3.1711074869765778e+00
   5.7806573449784455e+00
   3.1619507059851748e+00
   4.1095380129667101e+00
   5.0418228824191509e+00
   2.7219943228190293e+00
   1.4682501361482456e+00
   4.7449448505321534e+00
   7.7053402765382302e+00
   5.3888653195419431e+00
   3.3094204140348786e+00
   3.6112690425701897e+00
   2.1648969742102091e+00
   3.0583395795675745e+00
   9.4201372006706290e+00
   4.6451714863918525e+00
   5.6545000887142862e+00
   3.8976984140394477e+00
   5.3534194024254669e+00
   4.5175200112924765e+00
   3.5348049467710929e+00
   6.4261011707638582e+00
   5.4751337743005353e+00
   4.5564428956820962e+00
   4.0896746367339221e+00
   4.5676300398085790e+00
   2.8124425216670432e+00
   4.8919911636255575e+00
   4.8428187626509924e+00
   3.4846630335674922e+00
   2.1469713051162103e+00
   3.2833565060772090e+00
   4.5849635749369346e+00
   6.0040157925279845e+00
   2.2878953252084999e+00
   3.4866565824062157e+00
   1.2497562244710561e+00
   7.5184234161406431e+00
   8.1398286299100207e+00
   1.3565785614984307e+00
   2.5233175303502300e+00
   5.4506724274532319e+00
   5.8065728762690751e+00
   2.6734916504634647e+00
   1.1396705568012328e+01
   5.5439908707468826e+00
   3.2732469825996624e+00
   2.4586850322976219e+00
   1.6824798007671124e+01
   2.7679014675871074e+00
   3.9226539081964695e+00
   5.8919244812885312e+00
   4.7625785033820325e+00
   2.8811511972453632e+00
   3.4592995369795427e+00
   5.2041551103901016e+00
   4.1472830376132759e+00
   3.6189667303054964e+00
   4.5868518716616862e+00
   4.2585549373592597e+00
   5.3528646594577181e+00
   6.4527210784276328e+00
   2.0468766412064028e+00
   3.0981903109254367e+00
   8.6056126593699318e+00
   7.2797203390077376e+00
   2.9025536592027184e+00
   4.5346783533348676e+00
   3.2755024786412044e+00
   2.3043154291491317e+00
   4.8705113340534192e+00
   3.5115280909261695e+00
   2.6196014638213336e+00
   4.3322250944028848e+00
   4.3473749584944894e+00
   2.8626448848233901e+00
   5.1855192995364314e+00
   4.4531792550404123e+00
   4.5733207781613467e+00
   5.1885812822549573e+00
   4.8280629193769853e+00
   3.9545916389116265e+00
   8.9656397208413257e+00
   7.3715740976392663e+00
   8.5973114061061846e+00
   3.0462225278816395e+00
   3.4398989507495670e+00
   5.7356976888068383e+00
   3.2306342054306327e+00
   2.1708907177064187e+00
   4.9101309778468423e+00
   5.1133027017774211e+00
   8.2662447108893673e+00
   6.1430840909243205e+00
   6.7861875506555940e+00
   3.5874738788824918e+00
   3.5463109813842446e+00
   2.2029208956675332e+00
   2.9532573961128454e+00
   6.1798662785901426e+00
   5.2988552817643457e+00
   8.0944099559418810e+00
   3.9069244982109761e+00
   3.4541173992529242e+00
   3.1956811437875134e+00
   5.9731306143015868e+00
   4.3179489417841008e+00
   5.9247309800960153e+00
   3.0673354996978617e+00
   7.8666224044516957e+00
   5.6631441621727072e+00
   6.7279069017666471e+00
   4.4666154591972020e+00
   1.9101296884652659e+00
   4.9664075969696251e+00
   4.4512497036287488e+00
   8.7760152543585814e+00
   4.3631092819368682e+00
   6.4659359867490043e+00
   7.7994913945426134e+00
   3.0979112855052344e+00
   3.0648016458717291e+00
   7.0453049911715766e+00
   5.0903058075351337e+00
   2.5768073909098845e+00
   3.5899237642763384e+00
   4.8298952603181426e+00
   5.0569401270176710e+00
   2.5768554641421262e+00
   4.4049530121989724e+00
   5.9563024868851073e+00
   5.7749975813475753e+00
   3.9101725828666209e+00
   2.3652364150658101e+00
   2.5836625961959059e+00
   7.4213828539092388e+00
   5.3921921537593134e+00
   7.1344385241533237e+00
   4.8482396590277101e+00
   4.0626938597503139e+00
   5.1051292486191677e+00
   4.7307537609101242e+00
   2.3203193645282694e+00
   3.7114361491661292e+00
   3.3954044017840763e+00
   3.7322375684981575e+00
   1.3871978004889758e+00
   4.6945505924432673e+00
   7.7537457049554579e+00
   7.0582283699452990e+00
   8.1199235501893305e+00
   7.1627750124584004e+00
   1.5028651354348266e+00
   7.9607432259649675e+00
   5.2258133102877444e+00
   1.0997710848843512e+01
   7.3949770011693454e+00
   7.8449793301606494e+00
   4.5864265736532905e+00
   5.3797714874069049e+00
   4.2766744021147991e+00
   3.7641733153514814e+00
   5.5678124610355466e+00
   2.1661378354696152e+00
   3.0061958703990492e+00
   2.9908217038011613e+00
   7.4503110721014609e+00
   2.1195608521670706e+00
   3.7362599236890421e+00
   4.6929384573851864e+00
   3.9914496182162895e+00
   9.5761712979782541e+00
   1.8820884524084873e+00
   2.2884610629521216e+00
   3.5259805960133135e+00
   1.2572933880454682e+01
   2.2488393618227862e+00
   4.3044414206068353e+00
   1.9881772061791207e+00
   4.1260253940169562e+00
   4.1484476100667065e+00
   3.3390984311143668e+00
   2.9429513627949362e+00
   2.9054253758803159e+00
   2.4513647916102541e+00
   2.3936499943872165e+00
   6.0895859305483908e+00
   9.2965910804856779e+00
   4.5846445199973758e+00
   7.4434644701156971e+00
   5.0837213641049486e+00
   3.1065088789018476e+00
   3.5845438912183423e+00
   1.4572010247650509e+00
   3.2085028016215427e+00
   3.5368876950203529e+00
   1.2595713127219661e+01
   9.3095981502156100e-01
   4.4541889167133943e+00
   3.3118347709585674e+00
   2.7327961817092166e+00
   2.4287848720664513e+00
   3.2343014704496720e+00
   3.1559935533288606e+00
   5.8028909373300133e+00
   5.9784975898822701e+00
   7.1952092261207934e+00
   5.7717379077747930e+00
   4.4648259107017312e+00
   5.8184306805696027e+00
   8.4338228611184043e+00
   4.4157860901581261e+00
   5.1918818632968620e+00
   6.3874822792988866e+00
   7.8978306965922336e+00
   7.1291743166966812e+00
   2.6177977104452341e+00
   5.2980700138554342e+00
   3.4714670069673934e+00
   7.2839864444672111e+00
   6.9134154016080123e+00
   4.9022068454212526e+00
   4.2364977712375307e+00
   5.7529584922565018e+00
   2.8312432685221087e+00
   6.6931816570619338e+00
   8.3678962004425657e+00
   7.0551744644787160e+00
   6.0274700782085224e+00
   4.6442692674795980e+00
   4.8821045507500243e+00
   5.6033637887650336e+00
   1.0341393168485718e+01
   4.6104192993536168e+00
   4.7856097490216634e+00
   5.6776525564673577e+00
   2.5137287146122436e+00
   9.1938425044665912e+00
   3.2077181933317682e+00
   7.4202614020599569e+00
   5.1066673125799920e+00
   1.6059639628672531e+00
   8.7534129905580660e-01
   3.4327869215851035e+00
   3.2208666644898196e+00
   1.5080432510677484e+00
   3.9984790383821696e+00
   3.4032342117263088e+00
   4.8087527231924128e+00
   4.3295707336022335e+00
   5.4056374974980894e+00
   3.8309568808031154e+00
   3.6701710653663611e+00
   3.0929618136146000e+00
   3.7310534177242629e+00
   4.3499140749763310e+00
   3.3399978688324148e+00
   5.8989003838093650e+00
   4.0635577722456908e+00
   5.8098045073023963e+00
   4.5351290214521391e+00
   2.5193615655727810e+00
   5.0920079080446721e+00
   2.6633600314949439e+00
   5.0007475769186911e+00
   7.1074709080193568e+00
   7.4885450983630548e+00
   4.7357473379062087e+00
   4.3189455760625490e+00
   6.7583179955712414e+00
   4.1880164667300814e+00
   7.5601863510809864e+00
   2.6813031229313045e+00
   5.5396914272441355e+00
   5.7987255737214181e+00
   4.8080167038035411e+00
   3.6355915149613542e+00
   4.3728423245076380e+00
   5.3143128862118987e+00
   4.5344988418073298e+00
   5.4568950317826772e+00
   4.2804780482661258e+00
   7.1190108650900923e+00
   6.7851506158752040e+00
   2.3750341289971035e+00
   3.1773594219170254e+00
   3.9011318152626320e+00
   2.9626225907440040e+00
   1.2400800348506177e+01
   6.2816554332502488e+00
   4.4370338136926382e+00
   4.6901249909565852e+00
   5.8666185711105969e+00
   5.3750371485805601e+00
   6.3712720650923842e+00
   5.3330437252703939e+00
   5.2947083654214602e+00
   9.4949633823233892e+00
   4.5906451085099658e+00
   7.7213108879683618e+00
   2.7089380221292325e+00
   4.1480314203586506e+00
   4.1766325018529340e+00
   3.2115935551407437e+00
   6.8946124633960482e+00
   5.4475164425554246e+00
   3.4657872515076451e+00
   5.2536650070019082e+00
   1.1297819025514096e+01
   8.7010215272050733e+00
   3.9710984287786522e+00
   7.3997377680030363e+00
   8.1025968002627113e+00
   4.6599418645826054e+00
   2.3760673029120656e+00
   2.3286576478763723e+00
   8.5739730238513463e+00
   3.7596329275526736e+00
   4.6143069594987489e+00
   3.9929821833990498e+00
   3.7724457591860707e+00
   4.8931643282967157e+00
   5.4486425196742490e+00
   2.5203245491457591e+00
   2.5845791106115961e+00
   4.4103859917606485e+00
   1.0231016648562136e+01
   4.1067602363166236e+00
   3.4494797935452661e+00
   5.8340977685546811e+00
   4.4057691926662992e+00
   4.0548581878295025e+00
   4.2751997876619257e+00
   5.0960751829959134e+00
   7.2913714788919419e+00
   4.0047317712456270e+00
   4.5866403292180280e+00
   3.0655003570455945e+00
   8.2748664812412098e+00
   9.1075735118942038e+00
   5.5978377436865889e+00
   4.4914996147323620e+00
   7.0715056693868075e+00
   5.4445677229823390e+00
   2.3355188205419539e+00
   4.3207380124685324e+00
   1.9328475213414362e+00
   4.3489348105132919e+00
   9.9190109306816083e+00
   5.8733374307723025e+00
   8.7572007174855298e+00
   3.6245596890432732e+00
   2.3706706299958444e+00
   3.4353773502794316e+00
   1.4324727561817872e+00
   3.7211070088357854e+00
   3.8282705797468508e+00
   7.9412239405177623e+00
   1.0859699723558814e+01
   2.5729410872639247e+00
   4.3602770343631549e+00
   3.7674665906284983e+00
   4.2980443927102900e+00
   1.6324766128055639e+00
   3.8034728599304728e+00
   5.4425217683908285e+00
   8.5582075480999080e+00
   1.0478010481410879e+01
   8.3178904881132443e+00
   2.2768317305007248e+00
   2.8691686981192461e+00
   2.7326258027580468e+00
   3.5117978405928332e+00
   5.0959859678216333e+00
   4.6109450235420280e+00
   5.5879467505540150e+00
   3.2498298604832350e+00
   5.0712515912394469e+00
   5.9539925108373195e+00
   3.2425093220030914e+00
   5.4999710154832862e+00
   3.3502529901491651e+00
   8.1188791671757716e+00
   4.5339278646249479e+00
   4.1196688744203955e+00
   3.0033786536125300e+00
   6.6957290609190911e+00
   3.7063765482491520e+00
   4.0229342316718411e+00
   4.8956367775298935e+00
   3.1806677474595171e+00
   2.5196487080246324e+00
   5.6335910815817218e+00
   6.2179903289961000e+00
   4.1320239539991306e+00
   5.2585248528037782e+00
   7.1840869627885047e+00
   4.4801039118488850e+00
   1.0589229652637892e+01
   4.4224477213080178e+00
   6.2390110688008251e+00
   6.3034745009431523e+00
   5.5518741041780366e+00
   4.5495400265074331e+00
   1.7310295984548192e+00
   4.5120749398477580e+00
   3.8747897259817585e+00
   3.0719825591639833e+00
   6.3066880032687003e+00
   1.6815640354865129e+00
   7.8115570508119836e+00
   6.2633669942067565e+00
   4.3074775045914597e+00
   4.2777421348024456e+00
   5.7941341905754511e+00
   5.6318424039210591e+00
   3.5926231058979408e+00
   3.0045161343013813e+00
   5.2214163447271176e+00
   6.4220579287700348e+00
   4.5651399094169154e+00
   4.6829457646738755e+00
   3.1325934274728251e+00
   4.8168724156208444e+00
   9.5992999969764288e+00
   5.9795036328821398e+00
   3.3070312049105119e+00
   5.4542869990935285e+00
   2.4594084288865492e+00
   4.0381522687352200e+00
   4.9601018390211893e+00
   6.4197268086394992e+00
   5.7557416532505021e+00
   9.2352976247910039e+00
   2.8551257009031326e+00
   3.5086108355599013e+00
   5.8159166102313371e+00
   4.1942711633111145e+00
   6.6729587843871476e+00
   5.3348568898451125e+00
   5.7387258865313626e+00
   5.9967693022744539e+00
   4.1915234932562688e+00
   1.1337657481790993e+01
   5.7922859517905927e+00
   7.1432585494007190e+00
   7.9289071174840000e+00
   6.5708278081914271e+00
   1.0694770954984813e+01
   6.5260734122704385e+00
   1.8982433962721412e+00
   2.4584818829395614e+00
   6.2723567969202492e+00
   7.6326565061846470e+00
   2.7380936352266181e+00
   5.5009943256836111e+00
   1.0104376864882012e+01
   6.7913600558904790e+00
   4.7930434752943860e+00
   4.4186190031986046e+00
   3.6530702872075853e+00
   3.9054261834952029e+00
   5.4317432674238892e+00
   4.8364015889093910e+00
   5.4824063649896217e+00
   9.8079416376160538e+00
   2.9232227978592240e+00
   6.6562617133650237e+00
   6.0610225643163149e+00
   6.7466122144376808e+00
   3.3452541535932774e+00
   3.8346193979431429e+00
   7.6171615595867195e+00
   4.0747951383724832e+00
   2.5692915112581707e+00
   3.1709101673312698e+00
   3.4620880227380844e+00
   2.0419592933133979e+00
   3.4031980049771451e+00
   5.2335589347679097e+00
   7.5089689334903831e+00
   3.7680438748178222e+00
   5.0596353958416813e+00
   3.7005951928592102e+00
   2.1393308749969595e+00
   5.2404908151118068e+00
   6.0287916637290584e+00
   4.3895370558658309e+00
   1.8661782934895157e+00
   7.7753075036533534e+00
   7.5404225233320705e+00
   4.5861858570236640e+00
   3.4277236231858734e+00
   6.5482774079528729e+00
   4.2518570233197233e+00
   1.8470865622447934e+00
   3.6994359278424942e+00
   3.5147557396066276e+00
   3.7577274483457472e+00
   5.3275465561964772e+00
   3.0352787240279113e+00
   4.6338146616333127e+00
   4.4978178345970576e+00
   1.0439298253448118e+01
   5.9115960350050871e+00
   4.8444572994801698e+00
   2.6333650424536379e+00
   8.4556891256059306e+00
   3.2473709590867568e+00
   9.6071164376481928e+00
   2.6942825781593807e+00
   4.2596837837856079e+00
   1.0837522200332613e+01
   3.6481530738416246e+00
   4.4866351106588382e+00
   4.8178259397081007e+00
   3.5536462114701006e+00
   5.2674001981710319e+00
   3.7578875339576943e+00
   1.8696871345863908e+00
   4.3445206195090300e+00
   3.1779931634623608e+00
   2.9507469359717025e+00
   4.4236310504204015e+00
   5.6249620606409341e+00
   2.5300433081881968e+00
   7.1206120754402313e+00
   3.4509878539395937e+00
   2.2334346515637167e+00
   5.1071589846948076e+00
   4.3417197833300163e+00
   3.3314763158148670e+00
   2.7623128976007951e+00
   4.6594966448067447e+00
   2.5470731259364268e+00
   5.7043088123022097e+00
   5.0237151856654254e+00
   8.4078355510440321e+00
   2.8538389762112688e+00
   7.5517229476871144e+00
   4.9438975388573461e+00
   4.4829003630811330e+00
   3.4239578847348655e+00
   2.2041146113090897e+00
   4.9498020361188573e+00
   3.1129448761278451e+00
   7.6903703441878779e+00
   6.5741208328019765e+00
   7.0680191867843831e+00
   3.0730512631244187e+00
   6.9375790394057137e+00
   4.1294906040026751e+00
   6.1196435984454727e+00
   6.4656195275309223e+00
   1.9744804853066529e+00
   7.9812473293424242e+00
   8.1598143623316730e+00
   3.4636423598620341e+00
   9.9540991084956669e+00
   2.5375943199027748e+00
   3.2971817059116422e+00
   3.3631678825236127e+00
   3.8713273396319461e+00
   3.2173510457630856e+00
   2.8701876467164253e+00
   3.8520133414413014e+00
   2.1901927818054530e+00
   1.9448097998819447e+00
   2.4454713627740881e+00
   4.1799012795536274e+00
   5.3393406756971373e+00
   5.2429932099483771e+00
   3.6285934343803281e+00
   3.0208276745627805e+00
   8.8763282498236933e+00
   3.2426830013306156e+00
   3.6183069443436491e+00
   5.0779959677547559e+00
   6.3180308436560928e+00
   5.7924715792839088e+00
   2.0944473938537449e+00
   5.1486355428709967e+00
   5.7113518442907329e+00
   2.9088395034597361e+00
   4.8549905302336462e+00
   8.1878135339644995e+00
   3.8241167096995938e+00
   3.6407082286172705e+00
   2.4923970441963408e+00
   3.0281970623804821e+00
   9.5810185357912694e+00
   3.7332913955135467e+00
   4.2049993232766649e+00
   1.0420027314305752e+01
   2.7646872930964745e+00
   2.6773747590797434e+00
   4.1751417361895724e+00
   3.9759951976235666e+00
   2.5970053063727976e+00
   4.5902061343552134e+00
   3.8426950248195948e+00
   5.6731109310210810e+00
   3.7504013929116424e+00
   5.0023994139294210e+00
   5.3345164362162141e+00
   5.6563448436385970e+00
   2.7098039904893643e+00
   4.2857743387279097e+00
   5.1406751481982456e+00
   4.0989918230867939e-01
   5.4370784577475950e+00
   4.4667144009598543e+00
   3.5890353129463515e+00
   5.9729758535971591e+00
   6.1850820360032612e+00
   5.6628102868321424e+00
   3.7735494782806138e+00
   5.8821540329209032e+00
   6.0192106779871981e+00
   9.0143377563791098e+00
   3.4956191502338765e+00
   2.0983579802410732e+00
   6.3474879106471889e+00
   2.1985073045897545e+00
   6.1121425494303905e+00
   4.3124744982337235e+00
   4.0674390757679353e+00
   9.0580620854345106e+00
   1.7783881700575725e+00
   4.6640785337343864e+00
   4.6476993708485681e+00
   6.2660851526322086e+00
   3.5942309492725313e+00
   7.0369301281444372e+00
   6.1031832204337970e+00
   5.5874552720925257e+00
   3.4074443379060582e+00
   2.5158388243970013e+00
   4.6186750748612120e+00
   8.8144901827392257e+00
   5.4723678860231590e+00
   6.2415454408536650e+00
   4.1939512468315758e+00
   5.2339710647594186e+00
   8.1877395927057730e+00
   4.0522838538819457e+00
   5.4199251792458183e+00
   3.0557423083034019e+00
   4.3285842153340610e+00
   4.3180775158282856e+00
   3.7445780804379893e+00
   5.0156504369764408e+00
   3.9120750665161736e+00
   9.2987014360358544e-01
   4.0777548476296559e+00
   6.2770685606825829e+00
   4.7314060953714421e+00
   3.6193680811556361e+00
   4.7402083688156269e+00
   5.0856513364558760e+00
   5.2207723303895248e+00
   3.2139033588994685e+00
   7.5865660400528094e+00
   7.4860365067924883e+00
   3.4442478500172795e+00
   8.8031181307661246e+00
   4.1232730228695438e+00
   4.0405693354346308e+00
   3.0390403553454703e+00
   5.4459474759046778e+00
   2.2064452014656970e+00
   6.9631163517928698e+00
   5.6387560822733445e+00
   3.2757967659548175e+00
   4.9005751650852574e+00
   5.3377744919986485e+00
   7.2955985024428598e+00
   6.3418020002856812e+00
   8.7233536369025924e+00
   3.6764522569903120e+00
   4.3356325133710545e+00
   3.7591353536094454e+00
   3.2852161393639254e+00
   1.6092836405783073e+00
   2.6776893556051022e+00
   5.6364905614122947e+00
   4.7079409333933118e+00
   5.8354202367489494e+00
   6.3110287254638067e+00
   4.0401853339117650e+00
   2.3592018769292014e+00
   8.1371744120888678e+00
   3.7302392621733049e+00
   3.0184148728915519e+00
   8.1275365298850524e+00
   4.0009933014364263e+00
   4.0041118331468244e+00
   5.9737666121263686e+00
   1.3276090825600033e+01
   5.1519116893447690e+00
   8.3650250267532620e+00
   1.5570713777206866e+00
   3.1693157715503069e+00
   3.8107288507155044e+00
   1.1920428989848426e+00
   4.1741311667845853e+00
   5.4273443712102099e+00
   4.4319777396736377e+00
   5.5422744315502115e+00
   5.9899844075742346e+00
   2.6481811673508919e+00
   9.0514164048247512e+00
   8.5569396499535433e+00
   4.0519634651944578e+00
   3.8047731013876196e+00
   7.4180217894022178e+00
   6.8436675988272695e+00
   2.6627875203601801e+00
   4.3817664731170405e+00
   5.5458077617857899e+00
   2.6855406071475452e+00
   5.2303423083524923e+00
   6.6517363289355496e+00
   6.4156169320716820e+00
   3.9864510425238482e+00
   4.8812536951477536e+00
   5.0455147337057600e+00
   2.5655492166933658e+00
   2.0332929208869190e+00
   8.7595309908936692e+00
   5.7614226170971596e+00
   6.9118568851372482e+00
   7.0735884383128127e+00
   6.2738589804043450e+00
   3.1553303372044219e+00
   7.2014358973469559e+00
   6.7362180537932161e+00
   5.3026222839625419e+00
   4.7166186294286083e+00
   2.2146552481871593e+00
   5.2331014327807974e+00
   6.2611728973214653e+00
   7.9267894905597620e+00
   3.2131772146289830e+00
   2.9301087995674227e+00
   3.9183958177394400e+00
   7.5138552830568770e+00
   8.3087093236765401e+00
   7.0594907102785598e+00
   7.8653918055574268e+00
   5.0973156115546914e+00
   6.1372470190821247e+00
   5.7869773065735277e+00
   1.3781125426435570e+00
   7.2114933812195092e+00
   9.2433531889420681e+00
   1.5000772696834759e+00
   4.7171703561867835e+00
   4.4608420711452856e+00
   1.4175710094882843e+00
   5.9935281935658269e+00
   9.4089433755664622e+00
   3.9041724304213341e+00
   9.3873237653306987e+00
   5.2463637722673324e+00
   4.5796840463839397e+00
   3.3795229590426836e+00
   4.4972424522868959e+00
   5.9026976609435957e+00
   5.3134196276711148e+00
   5.0955016014296541e+00
   4.4632553461421987e+00
   8.2200353029291620e+00
   5.1487285377687284e+00
   5.5648279408041086e+00
   7.8476982280993255e+00
   6.8297908883069329e+00
   6.8694920841929692e+00
   1.5374723510873647e+00
   1.1183548556375534e+01
   5.9777765541546870e+00
   4.6503334080053529e+00
   2.7346391507542491e+00
   6.2244810868707354e+00
   2.1305722223076744e+00
   3.1531021887743620e+00
   4.2119458457723171e+00
   3.0009130063402081e+00
   1.4468392477618357e+00
   2.4814601051258429e+00
   4.8241827677667999e+00
   7.8321931867226491e+00
   9.3995058543372494e+00
   2.9023452371941336e+00
   4.2440297728670950e+00
   1.0021329541315975e+01
   6.5450893716542113e+00
   5.3562476656759932e+00
   4.3091964822002877e+00
   4.1123163041729356e+00
   5.0948327848181236e+00
   5.2564723765396240e+00
   6.1145051981887555e+00
   4.4741094581558238e+00
   5.7772982192584141e+00
   3.4021181379590839e+00
   3.4415298242512664e+00
